7.926144770167297127e-01
6.935522988895795882e-01
6.923352953955883571e-01
6.897226524132928915e-01
6.897282165546246846e-01
6.884650472645652552e-01
6.875329393748838003e-01
6.877623594166498711e-01
6.881342239752754608e-01
6.882129934311173036e-01
6.883995438800242228e-01
6.843542312915449344e-01
6.864219059641193388e-01
6.863609235344326764e-01
6.855720238552254209e-01
6.855207930561514340e-01
6.848141585974598655e-01
6.838310303294461434e-01
6.839176992699402824e-01
6.841931367677869247e-01
6.812146282733344549e-01
6.827176006598346669e-01
6.810140355171280246e-01
