8.762894156766980469e-01
6.919208816170465681e-01
6.906963419791248837e-01
6.886098890436624931e-01
6.857154709374227997e-01
6.877088177440416894e-01
6.851257978494226242e-01
6.871481803717446324e-01
6.861750651014392188e-01
6.864032337531557060e-01
6.876966921071983041e-01
6.860060575148867468e-01
6.835464587879672704e-01
6.850651894578977386e-01
6.861152396136057652e-01
6.858142345876691026e-01
6.845938739587587030e-01
6.848687583132020418e-01
6.817927667216182597e-01
6.850034377512127515e-01
6.825724969310280610e-01
6.844507939557229470e-01
