7.904649986024463448e-01
6.934098135735591306e-01
6.942013835020115486e-01
6.906421007328048534e-01
6.920113895789391512e-01
6.899680590584262863e-01
6.892567231478394785e-01
6.883716300846020042e-01
6.883085672213854478e-01
6.888392064644530688e-01
6.887835797297704454e-01
6.857163315391592295e-01
6.888190692868726428e-01
6.865817389830020101e-01
6.860726131326052579e-01
6.855528228411748026e-01
6.854241040780302274e-01
6.852872186855488712e-01
6.849433824221724532e-01
6.871678940051604290e-01
6.844405354509656147e-01
6.833337140963707812e-01
6.860524285690894342e-01
6.852473479038407866e-01
6.823730692247188534e-01
6.838307962804717199e-01
6.831326016485124164e-01
6.816475644663174682e-01
6.834380031603042305e-01
6.821630047191720170e-01
6.820027722375017198e-01
6.828932564866435628e-01
6.824326863795106002e-01
6.813828793518444948e-01
6.813654123587741251e-01
6.802574607007308982e-01
6.830785827988876679e-01
6.826988585675632937e-01
