7.996768192929113450e-01
6.926135308191131434e-01
6.920805114617694098e-01
6.899387021665335240e-01
6.903119502704384569e-01
6.890024435377793965e-01
6.886143473408767868e-01
6.880572997397630397e-01
6.857186649055356797e-01
6.885026068822051037e-01
6.857431416402810509e-01
6.875597510353361752e-01
6.853661898940186514e-01
6.875850161563819007e-01
6.849660518115040508e-01
6.833371420377758465e-01
6.835406610295257090e-01
6.842678433261917270e-01
6.846682832502516414e-01
6.866300377214122896e-01
6.851899964283912903e-01
6.835013067554055466e-01
6.818618769236677313e-01
6.842077094879522869e-01
6.837067041024322833e-01
6.840919040701676224e-01
6.825257276996856692e-01
6.820445682016179623e-01
6.821911696114059120e-01
6.812863237953600271e-01
6.827942360754768458e-01
6.834403601324390287e-01
6.802100559269825819e-01
6.814580731878581155e-01
6.812691825738299567e-01
6.821553832674388529e-01
6.824686242496021960e-01
6.837878522992004715e-01
6.820325191323842740e-01
6.816536617848565349e-01
