8.582209355637588910e-01
6.934016935371556389e-01
6.917134511577607281e-01
6.891188360639411981e-01
6.895148806393291974e-01
6.864069652013600198e-01
6.877628130949032803e-01
6.867523050942629936e-01
6.884610010591694085e-01
6.882678362587175691e-01
6.869316281846383765e-01
6.855622908358919299e-01
6.870633967214714311e-01
6.863198441038823594e-01
6.860380381661331795e-01
6.859660673135006270e-01
6.843064039937509779e-01
6.856036572361846604e-01
6.849743134134527178e-01
6.876851878281426966e-01
6.848503404455990040e-01
6.835269595403047349e-01
6.831279620669828967e-01
6.872402892435112154e-01
6.819321847046130314e-01
6.843489258955458565e-01
6.831504427444795580e-01
6.835753888401556733e-01
6.838297290773519554e-01
6.821433402033496574e-01
6.831430028613222349e-01
6.822068785281081293e-01
6.822569213935029131e-01
6.820731303175926463e-01
6.812664678230772042e-01
6.821240259679866025e-01
6.810679317750654160e-01
6.777671689641497910e-01
6.845766375837136763e-01
6.803272387400742804e-01
6.793014855446972700e-01
6.807948745951003522e-01
6.782650621954332548e-01
6.815100015747200812e-01
6.808995939194427693e-01
