8.979756884574887632e-01
6.936282577514649716e-01
6.935000896453857866e-01
6.933330121040344185e-01
6.933566546440124156e-01
6.937322759628296032e-01
6.932737412452697479e-01
6.936867070198059482e-01
6.934550781249999574e-01
6.928655481338501509e-01
6.920410580635071307e-01
6.915894021987915030e-01
6.927611951828004377e-01
6.900876374244689915e-01
6.888686208724975613e-01
6.872609820365905842e-01
6.846139535903931206e-01
6.840221109390260956e-01
6.808647680282592374e-01
6.768549041748046502e-01
6.721702041625976509e-01
6.717162795066833336e-01
6.683092536926269478e-01
6.645413646697997390e-01
6.574323253631592090e-01
6.563052449226380869e-01
6.508287453651427912e-01
6.483353829383851075e-01
6.432559518814087163e-01
6.391923217773437527e-01
6.322891163825986593e-01
6.256542882919311488e-01
6.259774298667907244e-01
6.147985415458678826e-01
6.131731986999513495e-01
6.110717396736145002e-01
6.042372169494628631e-01
5.945986003875737280e-01
5.897304134368898110e-01
5.820456333160397566e-01
5.745054874420166824e-01
5.773897252082824672e-01
5.645726599693298153e-01
5.557694272994997409e-01
5.543050932884215909e-01
5.456103005409238538e-01
5.441180939674377104e-01
5.354158344268798997e-01
5.318366737365722852e-01
5.273814344406129173e-01
5.323395657539372605e-01
5.139530746936795680e-01
5.139853219985963673e-01
5.079706683158873304e-01
5.080769476890564240e-01
