8.019725284576415536e-01
6.939846453666687065e-01
6.933363380432129297e-01
6.932868151664733913e-01
6.932276015281677584e-01
6.913703384399415564e-01
6.896860795021058088e-01
6.878289370536804226e-01
6.851365880966187039e-01
6.814050841331481534e-01
6.793712477684020756e-01
6.757302894592285281e-01
6.704740900993346742e-01
6.704988408088684571e-01
6.649511466026306605e-01
6.629942007064820730e-01
6.578539791107177459e-01
6.542378125190736471e-01
6.527636075019833672e-01
6.442572002410887899e-01
6.361688842773438601e-01
6.305594186782839117e-01
6.271166882514952468e-01
6.142547583580019177e-01
6.035611009597778853e-01
5.982268838882446316e-01
5.874477872848509197e-01
5.868095951080322115e-01
