7.893245139122009313e-01
6.961225533485412287e-01
6.930644764900207866e-01
6.912797994613647523e-01
6.879941926002502983e-01
6.827167043685913317e-01
6.751893372535705540e-01
6.609529085159301376e-01
6.429712176322937012e-01
6.196140499114990430e-01
5.967158513069155124e-01
5.621230521202088548e-01
5.249682607650757449e-01
4.965697674751281543e-01
4.538927078247070312e-01
4.156345105171203591e-01
3.670821046829222944e-01
3.423538262844085245e-01
2.987830939292906440e-01
2.801102200746535820e-01
2.529089958667755100e-01
2.201732611656188887e-01
