8.264124670028686337e-01
6.934540019035337899e-01
6.936812801361084135e-01
6.934538774490357493e-01
6.935287122726440101e-01
6.933922047615049822e-01
6.933837094306947169e-01
6.935968723297120109e-01
6.934382147789001083e-01
6.933558077812195242e-01
6.933166699409484268e-01
6.932539849281310618e-01
6.935175108909606978e-01
6.934067382812497682e-01
6.933673958778382440e-01
6.934486522674560005e-01
6.943385429382323837e-01
6.933878059387207360e-01
6.933335824012756277e-01
6.932460818290709925e-01
6.933679180145263521e-01
6.933307476043698570e-01
6.933090443611145126e-01
6.931923842430114391e-01
6.935008378028869602e-01
