7.699336924552917516e-01
6.935195779800414906e-01
6.935495028495788361e-01
6.933259501457215146e-01
6.938789095878601376e-01
6.936380171775817782e-01
6.932816596031189382e-01
6.932938823699951181e-01
6.931070489883423003e-01
6.933421154022214594e-01
6.934506859779357990e-01
6.933600568771360884e-01
6.937236652374265677e-01
6.934882655143738139e-01
6.933351340293885112e-01
6.933386168479916956e-01
6.933225655555724787e-01
6.934185042381286745e-01
6.932479338645934908e-01
6.933281979560853570e-01
6.933255310058593635e-01
6.933386292457580646e-01
6.934563941955566024e-01
