6.920373439788818359e-01
6.909127831459045410e-01
6.899948716163635254e-01
6.949822306632995605e-01
6.892207860946655273e-01
6.929977536201477051e-01
6.902379989624023438e-01
6.928943395614624023e-01
6.934956908226013184e-01
6.948773264884948730e-01
6.971490383148193359e-01
6.960707306861877441e-01
6.897369027137756348e-01
6.989114284515380859e-01
6.892133951187133789e-01
6.969069242477416992e-01
6.913573741912841797e-01
6.963836550712585449e-01
6.959978938102722168e-01
6.894124746322631836e-01
6.984508037567138672e-01
6.921428442001342773e-01
6.943720579147338867e-01
6.970893144607543945e-01
6.833966970443725586e-01
6.973978877067565918e-01
6.899708509445190430e-01
6.922928094863891602e-01
6.949266791343688965e-01
6.900370717048645020e-01
6.926043629646301270e-01
6.923778653144836426e-01
6.914038658142089844e-01
6.945194602012634277e-01
6.949438452720642090e-01
6.945288181304931641e-01
6.891431212425231934e-01
6.879070997238159180e-01
6.965489387512207031e-01
6.934642791748046875e-01
6.912100911140441895e-01
6.883941888809204102e-01
6.999840736389160156e-01
6.890729069709777832e-01
7.014050483703613281e-01
6.836057901382446289e-01
6.833424568176269531e-01
6.907377243041992188e-01
6.881781816482543945e-01
6.975060701370239258e-01
7.017071843147277832e-01
6.935194134712219238e-01
6.908476948738098145e-01
6.974238157272338867e-01
6.972351074218750000e-01
6.867792010307312012e-01
6.961874961853027344e-01
6.901479959487915039e-01
6.848533153533935547e-01
6.976655125617980957e-01
6.947180628776550293e-01
6.915820240974426270e-01
6.938029527664184570e-01
6.893554329872131348e-01
6.943870782852172852e-01
6.912679672241210938e-01
6.953225731849670410e-01
6.913489699363708496e-01
6.983423829078674316e-01
6.914110183715820312e-01
6.971596479415893555e-01
6.935570240020751953e-01
6.873562335968017578e-01
6.895705461502075195e-01
6.980355381965637207e-01
6.944934129714965820e-01
6.954174041748046875e-01
6.863760352134704590e-01
6.944783926010131836e-01
6.900208592414855957e-01
6.951423883438110352e-01
6.878296136856079102e-01
6.865754723548889160e-01
6.839010715484619141e-01
6.981796622276306152e-01
6.975813508033752441e-01
6.948961019515991211e-01
6.958123445510864258e-01
6.871805191040039062e-01
6.898607611656188965e-01
6.937843561172485352e-01
6.871408224105834961e-01
7.011696696281433105e-01
6.927186250686645508e-01
6.937390565872192383e-01
6.968179345130920410e-01
6.930862665176391602e-01
6.868464946746826172e-01
6.884111166000366211e-01
6.925351619720458984e-01
7.044503092765808105e-01
6.934503912925720215e-01
6.949511170387268066e-01
6.965102553367614746e-01
6.881691217422485352e-01
6.928777098655700684e-01
6.907331943511962891e-01
6.925126314163208008e-01
6.911673545837402344e-01
6.922901272773742676e-01
6.892082691192626953e-01
6.919593811035156250e-01
6.955938339233398438e-01
7.019155025482177734e-01
6.978231668472290039e-01
6.880670189857482910e-01
6.927402615547180176e-01
6.910071969032287598e-01
6.937199234962463379e-01
6.977702379226684570e-01
6.938601732254028320e-01
6.935108900070190430e-01
6.944730281829833984e-01
6.910584568977355957e-01
6.919158101081848145e-01
6.965973377227783203e-01
6.800460815429687500e-01
6.914252638816833496e-01
6.833995580673217773e-01
6.958109140396118164e-01
6.920040845870971680e-01
6.980061531066894531e-01
6.966096162796020508e-01
6.883793473243713379e-01
6.997174024581909180e-01
6.954388022422790527e-01
6.943844556808471680e-01
7.009543180465698242e-01
6.896761655807495117e-01
6.920123696327209473e-01
6.897422075271606445e-01
6.934177875518798828e-01
6.919071674346923828e-01
6.888054609298706055e-01
6.952328681945800781e-01
6.933909654617309570e-01
6.956318616867065430e-01
6.917474269866943359e-01
6.942593455314636230e-01
6.920970678329467773e-01
6.910909414291381836e-01
6.913050413131713867e-01
6.975510120391845703e-01
6.963508129119873047e-01
6.902306079864501953e-01
6.997154355049133301e-01
6.837175488471984863e-01
6.962679028511047363e-01
6.900985836982727051e-01
6.963951587677001953e-01
6.880804300308227539e-01
6.889021992683410645e-01
6.924871802330017090e-01
6.919200420379638672e-01
6.897556185722351074e-01
6.963169574737548828e-01
6.924240589141845703e-01
6.919670104980468750e-01
6.956721544265747070e-01
6.892141699790954590e-01
6.942002177238464355e-01
6.959728002548217773e-01
6.971798539161682129e-01
6.855576634407043457e-01
6.939628124237060547e-01
6.935901045799255371e-01
6.896851658821105957e-01
6.911934018135070801e-01
6.897912621498107910e-01
6.977829933166503906e-01
6.929967403411865234e-01
6.987874507904052734e-01
6.905134916305541992e-01
6.868194341659545898e-01
6.921598911285400391e-01
6.974993348121643066e-01
6.936941742897033691e-01
6.903461217880249023e-01
6.976305246353149414e-01
6.882245540618896484e-01
6.938287019729614258e-01
6.948019862174987793e-01
7.005583047866821289e-01
6.949515342712402344e-01
6.966467499732971191e-01
6.953029632568359375e-01
6.880703568458557129e-01
7.011592388153076172e-01
6.838740110397338867e-01
6.882344484329223633e-01
6.868286132812500000e-01
6.919201016426086426e-01
6.900879740715026855e-01
6.929931640625000000e-01
6.927561163902282715e-01
6.840816736221313477e-01
6.901423931121826172e-01
6.905971765518188477e-01
6.928417086601257324e-01
6.866745948791503906e-01
6.929777264595031738e-01
6.939851045608520508e-01
6.949997544288635254e-01
7.018082141876220703e-01
6.890193819999694824e-01
6.943675875663757324e-01
6.889812946319580078e-01
6.973788738250732422e-01
6.922586560249328613e-01
6.914308071136474609e-01
6.976491808891296387e-01
6.931359767913818359e-01
6.921283006668090820e-01
6.876849532127380371e-01
6.960283517837524414e-01
6.945773959159851074e-01
6.995010972023010254e-01
6.905161738395690918e-01
7.013956904411315918e-01
6.895034313201904297e-01
6.906962394714355469e-01
6.957283616065979004e-01
6.949490308761596680e-01
6.938321590423583984e-01
6.942087411880493164e-01
6.887119412422180176e-01
6.931178569793701172e-01
6.882175207138061523e-01
6.994426846504211426e-01
6.924949884414672852e-01
6.965175867080688477e-01
6.927419304847717285e-01
6.960727572441101074e-01
6.997931003570556641e-01
7.016599178314208984e-01
6.945268511772155762e-01
6.820632815361022949e-01
6.882841587066650391e-01
6.940520405769348145e-01
6.973831653594970703e-01
6.910613179206848145e-01
6.957527995109558105e-01
6.926643252372741699e-01
6.904194951057434082e-01
6.918384432792663574e-01
6.905921101570129395e-01
6.863619685173034668e-01
6.859497427940368652e-01
6.884889006614685059e-01
6.838284134864807129e-01
6.910901069641113281e-01
6.954038739204406738e-01
6.969528198242187500e-01
6.887961626052856445e-01
6.922115087509155273e-01
6.966005563735961914e-01
6.938294172286987305e-01
6.930539608001708984e-01
6.937747597694396973e-01
6.952229738235473633e-01
6.952422857284545898e-01
6.862435936927795410e-01
6.932947039604187012e-01
6.962717771530151367e-01
6.978700160980224609e-01
6.876198649406433105e-01
6.926527023315429688e-01
6.963850259780883789e-01
6.836091279983520508e-01
6.949001550674438477e-01
6.891549825668334961e-01
6.977497339248657227e-01
6.955061554908752441e-01
6.916735768318176270e-01
7.009913325309753418e-01
6.904255747795104980e-01
6.940773725509643555e-01
6.932798027992248535e-01
6.884673833847045898e-01
7.006029486656188965e-01
6.891544461250305176e-01
6.885178089141845703e-01
6.928817629814147949e-01
6.909249424934387207e-01
6.968921422958374023e-01
6.856061816215515137e-01
6.934257745742797852e-01
6.936918497085571289e-01
7.013237476348876953e-01
7.021297216415405273e-01
6.869338750839233398e-01
6.939281225204467773e-01
6.917100548744201660e-01
6.964406967163085938e-01
6.921994090080261230e-01
6.979475021362304688e-01
6.894623041152954102e-01
6.955398917198181152e-01
6.900053024291992188e-01
6.875857710838317871e-01
6.964563727378845215e-01
6.967658400535583496e-01
6.939322352409362793e-01
6.944634318351745605e-01
7.004718780517578125e-01
6.820867061614990234e-01
6.903293728828430176e-01
6.988804340362548828e-01
6.930019855499267578e-01
6.897951364517211914e-01
6.951863765716552734e-01
6.880330443382263184e-01
6.955085992813110352e-01
6.955599784851074219e-01
6.927430033683776855e-01
6.846804618835449219e-01
6.979119777679443359e-01
6.986684799194335938e-01
6.947047710418701172e-01
6.841294765472412109e-01
6.939235925674438477e-01
6.919773817062377930e-01
6.859307289123535156e-01
6.849309802055358887e-01
6.910253167152404785e-01
6.930307149887084961e-01
6.973970532417297363e-01
6.919140219688415527e-01
6.953775286674499512e-01
6.909344792366027832e-01
6.876525282859802246e-01
6.920107603073120117e-01
6.892590522766113281e-01
6.898622512817382812e-01
6.968944668769836426e-01
6.933096647262573242e-01
6.972593069076538086e-01
7.080948352813720703e-01
6.950103640556335449e-01
6.912299394607543945e-01
6.928722858428955078e-01
6.966142058372497559e-01
6.915125846862792969e-01
6.928895711898803711e-01
6.911275386810302734e-01
6.946265697479248047e-01
6.867365241050720215e-01
6.929587721824645996e-01
6.962200403213500977e-01
6.913278698921203613e-01
6.913123726844787598e-01
6.961855292320251465e-01
6.948128938674926758e-01
6.916166543960571289e-01
6.896768212318420410e-01
6.918517351150512695e-01
7.021658420562744141e-01
6.887432932853698730e-01
6.937150955200195312e-01
6.929298639297485352e-01
6.972082853317260742e-01
7.000538706779479980e-01
6.991093754768371582e-01
6.940653324127197266e-01
6.885873675346374512e-01
6.967875361442565918e-01
6.917233467102050781e-01
6.984684467315673828e-01
6.904284358024597168e-01
6.990991234779357910e-01
6.879676580429077148e-01
6.844164133071899414e-01
6.916404366493225098e-01
6.903872489929199219e-01
6.918090581893920898e-01
6.940966844558715820e-01
6.923390626907348633e-01
6.912308931350708008e-01
6.936369538307189941e-01
6.897212862968444824e-01
6.904355287551879883e-01
6.890093088150024414e-01
6.871737837791442871e-01
6.996553540229797363e-01
6.908177137374877930e-01
6.974486112594604492e-01
6.901765465736389160e-01
6.933636665344238281e-01
6.854873299598693848e-01
6.938174962997436523e-01
6.934453248977661133e-01
6.916885972023010254e-01
6.921377182006835938e-01
6.914623975753784180e-01
6.921734809875488281e-01
6.967945694923400879e-01
6.905501484870910645e-01
6.856095790863037109e-01
6.865886449813842773e-01
6.899222135543823242e-01
6.940655112266540527e-01
6.992260813713073730e-01
6.983001232147216797e-01
6.932226419448852539e-01
6.975057721138000488e-01
6.988363862037658691e-01
6.896215081214904785e-01
6.944900155067443848e-01
6.909902095794677734e-01
6.893448829650878906e-01
6.922593712806701660e-01
6.821364164352416992e-01
6.904137730598449707e-01
6.937726140022277832e-01
6.909092664718627930e-01
6.885340213775634766e-01
6.902137994766235352e-01
6.855144500732421875e-01
7.034096717834472656e-01
6.913472414016723633e-01
6.952295303344726562e-01
6.977400183677673340e-01
6.902858614921569824e-01
6.895045638084411621e-01
6.903264522552490234e-01
6.954293847084045410e-01
6.884860992431640625e-01
6.909834146499633789e-01
6.959078907966613770e-01
6.998034715652465820e-01
6.907939314842224121e-01
7.016098499298095703e-01
6.964008808135986328e-01
6.907449960708618164e-01
6.958397030830383301e-01
6.925088763236999512e-01
6.945233941078186035e-01
6.970061063766479492e-01
6.881129145622253418e-01
6.989970207214355469e-01
7.015570402145385742e-01
6.823784708976745605e-01
6.920084953308105469e-01
6.865774393081665039e-01
6.901208162307739258e-01
6.939084529876708984e-01
6.970322728157043457e-01
6.952046155929565430e-01
6.990568041801452637e-01
6.908950805664062500e-01
6.911957263946533203e-01
6.934117674827575684e-01
6.857708692550659180e-01
6.967258453369140625e-01
6.915230154991149902e-01
6.892654299736022949e-01
6.897988319396972656e-01
6.913084387779235840e-01
6.880184412002563477e-01
6.937106847763061523e-01
7.001349329948425293e-01
6.862790584564208984e-01
6.932227015495300293e-01
6.874271631240844727e-01
6.877958774566650391e-01
6.956473588943481445e-01
6.913093328475952148e-01
6.918007731437683105e-01
6.939855813980102539e-01
6.891757249832153320e-01
6.896452307701110840e-01
7.000434398651123047e-01
6.862710118293762207e-01
6.982024312019348145e-01
6.929979324340820312e-01
6.953011155128479004e-01
7.016880512237548828e-01
6.923472881317138672e-01
6.966742277145385742e-01
6.928536295890808105e-01
6.934623122215270996e-01
6.922284960746765137e-01
6.922566890716552734e-01
6.939029693603515625e-01
6.958884000778198242e-01
6.952981352806091309e-01
6.930710673332214355e-01
6.948779225349426270e-01
6.914654374122619629e-01
6.878956556320190430e-01
6.920524835586547852e-01
6.912191510200500488e-01
6.920912861824035645e-01
6.885613799095153809e-01
6.849122047424316406e-01
6.989146471023559570e-01
6.971408724784851074e-01
6.898052692413330078e-01
6.945621371269226074e-01
6.904752254486083984e-01
6.880480051040649414e-01
6.825326681137084961e-01
6.910620927810668945e-01
6.957417130470275879e-01
6.948706507682800293e-01
7.014359235763549805e-01
6.934946775436401367e-01
6.947033405303955078e-01
7.022665739059448242e-01
6.945010423660278320e-01
6.926367878913879395e-01
6.915744543075561523e-01
6.908216476440429688e-01
6.925025582313537598e-01
7.029439806938171387e-01
6.892543435096740723e-01
6.828452944755554199e-01
6.980643868446350098e-01
6.923953890800476074e-01
6.909253001213073730e-01
6.931378841400146484e-01
6.898416876792907715e-01
6.885791420936584473e-01
6.944030523300170898e-01
6.902324557304382324e-01
6.938124299049377441e-01
6.902655363082885742e-01
6.988778710365295410e-01
6.915631890296936035e-01
6.868865489959716797e-01
6.942446827888488770e-01
6.871491670608520508e-01
6.810525655746459961e-01
6.912908554077148438e-01
7.002743482589721680e-01
6.861164569854736328e-01
6.962095499038696289e-01
6.953905820846557617e-01
6.992452740669250488e-01
6.850061416625976562e-01
6.903238892555236816e-01
6.956043243408203125e-01
6.940378546714782715e-01
7.036455869674682617e-01
6.998379826545715332e-01
6.829078197479248047e-01
6.874211430549621582e-01
6.895674467086791992e-01
6.906973123550415039e-01
6.864017844200134277e-01
6.939802765846252441e-01
6.907215118408203125e-01
6.909220218658447266e-01
6.907367110252380371e-01
6.933202743530273438e-01
6.909552216529846191e-01
6.912985444068908691e-01
7.021843791007995605e-01
6.962478160858154297e-01
6.969901323318481445e-01
6.900120973587036133e-01
6.982025504112243652e-01
6.926691532135009766e-01
6.930561661720275879e-01
7.063237428665161133e-01
6.956422924995422363e-01
6.995477676391601562e-01
6.859085559844970703e-01
6.880292892456054688e-01
7.031617760658264160e-01
6.990569829940795898e-01
6.902520656585693359e-01
6.853234767913818359e-01
6.978486180305480957e-01
6.907306909561157227e-01
6.869320869445800781e-01
6.974201798439025879e-01
6.926099061965942383e-01
6.956595778465270996e-01
6.776689887046813965e-01
6.914066672325134277e-01
6.914741992950439453e-01
6.865783929824829102e-01
6.959274411201477051e-01
6.990435123443603516e-01
6.909980773925781250e-01
6.981692314147949219e-01
6.972284317016601562e-01
6.922851204872131348e-01
6.865302324295043945e-01
6.986649036407470703e-01
6.949480772018432617e-01
6.878501176834106445e-01
6.962506771087646484e-01
6.861391663551330566e-01
6.954062581062316895e-01
6.887609958648681641e-01
6.934472918510437012e-01
6.939771175384521484e-01
6.908097267150878906e-01
7.003185749053955078e-01
6.931220889091491699e-01
6.952795982360839844e-01
6.919211745262145996e-01
6.888612508773803711e-01
7.015447020530700684e-01
6.965518593788146973e-01
6.947083473205566406e-01
6.922276616096496582e-01
6.899015903472900391e-01
6.830766797065734863e-01
6.969863176345825195e-01
6.944496035575866699e-01
6.918992996215820312e-01
6.927621364593505859e-01
6.891989111900329590e-01
6.985177397727966309e-01
6.940001249313354492e-01
6.916895508766174316e-01
6.872037649154663086e-01
6.956777572631835938e-01
6.930480003356933594e-01
7.001075744628906250e-01
6.988136172294616699e-01
6.915301680564880371e-01
6.821225881576538086e-01
6.913954615592956543e-01
6.902022361755371094e-01
6.890174746513366699e-01
6.878699660301208496e-01
7.017027139663696289e-01
6.968218088150024414e-01
6.929917335510253906e-01
6.877427697181701660e-01
6.957331895828247070e-01
6.940882802009582520e-01
6.963321566581726074e-01
6.950270533561706543e-01
6.934736967086791992e-01
7.013188600540161133e-01
6.916598081588745117e-01
6.895425915718078613e-01
6.956155896186828613e-01
6.960771679878234863e-01
6.892629265785217285e-01
6.940616369247436523e-01
6.902703046798706055e-01
6.997365951538085938e-01
6.948226690292358398e-01
6.888501644134521484e-01
6.979972720146179199e-01
6.977574229240417480e-01
6.948786377906799316e-01
6.823111772537231445e-01
6.859091520309448242e-01
6.984809637069702148e-01
6.848134994506835938e-01
6.969567537307739258e-01
6.888037919998168945e-01
6.936523318290710449e-01
6.972652673721313477e-01
6.971347928047180176e-01
6.946467161178588867e-01
6.976472139358520508e-01
6.993850469589233398e-01
6.924974918365478516e-01
6.897968053817749023e-01
6.883164644241333008e-01
6.885519027709960938e-01
6.926710605621337891e-01
6.898798942565917969e-01
6.879410147666931152e-01
6.888573765754699707e-01
6.968641281127929688e-01
6.954373717308044434e-01
6.886259317398071289e-01
6.950193643569946289e-01
6.905142068862915039e-01
6.856737136840820312e-01
6.961959004402160645e-01
6.909447312355041504e-01
6.914323568344116211e-01
6.915108561515808105e-01
6.884072422981262207e-01
6.875385642051696777e-01
6.881402134895324707e-01
6.973561048507690430e-01
6.887841224670410156e-01
6.943278312683105469e-01
6.898829936981201172e-01
6.879691481590270996e-01
6.995106339454650879e-01
6.899566054344177246e-01
6.922382116317749023e-01
6.961691975593566895e-01
7.024147510528564453e-01
6.935957074165344238e-01
6.887605190277099609e-01
6.887986063957214355e-01
6.883408427238464355e-01
6.980244517326354980e-01
6.969751715660095215e-01
6.908415555953979492e-01
6.960753202438354492e-01
6.920036077499389648e-01
6.902203559875488281e-01
6.950814723968505859e-01
6.926739811897277832e-01
6.953341364860534668e-01
6.879479885101318359e-01
6.940690875053405762e-01
6.923643946647644043e-01
6.935955286026000977e-01
6.954674124717712402e-01
6.937872767448425293e-01
6.918693780899047852e-01
6.997345685958862305e-01
6.924980878829956055e-01
6.937313079833984375e-01
6.915172934532165527e-01
6.915239691734313965e-01
6.902011632919311523e-01
6.881815791130065918e-01
6.952167749404907227e-01
6.945981979370117188e-01
6.870528459548950195e-01
6.928917765617370605e-01
6.812458038330078125e-01
6.949905157089233398e-01
6.943371295928955078e-01
6.881697773933410645e-01
6.982029080390930176e-01
6.905801296234130859e-01
6.970733404159545898e-01
6.895214319229125977e-01
6.928574442863464355e-01
6.889774799346923828e-01
6.934058666229248047e-01
7.011192440986633301e-01
6.844171285629272461e-01
6.947864294052124023e-01
6.859619021415710449e-01
6.894857883453369141e-01
7.042531371116638184e-01
6.980050802230834961e-01
6.928613185882568359e-01
6.997812390327453613e-01
6.886042356491088867e-01
6.843217015266418457e-01
6.916265487670898438e-01
6.882103681564331055e-01
6.881534457206726074e-01
6.951131224632263184e-01
6.936293244361877441e-01
6.911090016365051270e-01
6.890642046928405762e-01
6.902716159820556641e-01
6.840798854827880859e-01
6.927292346954345703e-01
7.003965377807617188e-01
7.028034329414367676e-01
6.998614668846130371e-01
6.964538097381591797e-01
6.970656514167785645e-01
6.908116340637207031e-01
6.934057474136352539e-01
6.991237401962280273e-01
6.876659393310546875e-01
6.968344449996948242e-01
6.868824362754821777e-01
6.901572942733764648e-01
6.922820210456848145e-01
6.985033750534057617e-01
7.005363106727600098e-01
6.927235126495361328e-01
6.861537098884582520e-01
6.923405528068542480e-01
6.871643662452697754e-01
6.921477913856506348e-01
7.044190168380737305e-01
6.930162310600280762e-01
6.880988478660583496e-01
6.882641315460205078e-01
6.936932206153869629e-01
6.879413127899169922e-01
6.824579834938049316e-01
6.893224120140075684e-01
6.953316330909729004e-01
6.937210559844970703e-01
6.918125152587890625e-01
6.953207254409790039e-01
6.953239440917968750e-01
6.913288831710815430e-01
6.928610205650329590e-01
6.939821243286132812e-01
6.874354481697082520e-01
6.870350837707519531e-01
6.969174742698669434e-01
6.951200366020202637e-01
6.926227211952209473e-01
6.926109790802001953e-01
6.969426870346069336e-01
6.918661594390869141e-01
6.900724768638610840e-01
6.793301701545715332e-01
6.958841681480407715e-01
6.978313922882080078e-01
7.026991844177246094e-01
6.902971267700195312e-01
6.944587230682373047e-01
6.929107904434204102e-01
6.905262470245361328e-01
6.992112398147583008e-01
6.889684796333312988e-01
7.047804594039916992e-01
6.933839917182922363e-01
6.876093745231628418e-01
6.901735067367553711e-01
6.838830709457397461e-01
6.897916197776794434e-01
6.870602369308471680e-01
6.923910379409790039e-01
6.929899454116821289e-01
6.945638656616210938e-01
6.947423219680786133e-01
6.922416687011718750e-01
6.912078857421875000e-01
6.956308484077453613e-01
6.921688914299011230e-01
6.963060498237609863e-01
6.957758069038391113e-01
6.966657042503356934e-01
6.920344829559326172e-01
6.907029747962951660e-01
6.994353532791137695e-01
6.931481361389160156e-01
6.825184226036071777e-01
6.933571100234985352e-01
6.906510591506958008e-01
6.949083805084228516e-01
7.004061937332153320e-01
6.977227330207824707e-01
6.905802488327026367e-01
6.934448480606079102e-01
6.915408372879028320e-01
6.987960338592529297e-01
6.906970143318176270e-01
6.943234205245971680e-01
6.902350783348083496e-01
6.957836151123046875e-01
6.890081763267517090e-01
6.965523362159729004e-01
6.852276921272277832e-01
6.946530342102050781e-01
6.980965733528137207e-01
6.861262321472167969e-01
6.888444423675537109e-01
6.954922080039978027e-01
6.858723759651184082e-01
6.834708452224731445e-01
6.933774948120117188e-01
6.940414309501647949e-01
6.870335340499877930e-01
6.959768533706665039e-01
6.935755610466003418e-01
6.948101520538330078e-01
6.945936679840087891e-01
6.820710897445678711e-01
7.004052400588989258e-01
7.021905779838562012e-01
6.997795701026916504e-01
6.893103122711181641e-01
6.982187628746032715e-01
6.872593164443969727e-01
7.047624588012695312e-01
6.904584169387817383e-01
6.916877031326293945e-01
7.001138925552368164e-01
7.005649805068969727e-01
6.927382946014404297e-01
7.027960419654846191e-01
6.989262104034423828e-01
6.937486529350280762e-01
6.866997480392456055e-01
7.018853425979614258e-01
6.904482841491699219e-01
6.914142370223999023e-01
6.858686804771423340e-01
6.829251050949096680e-01
6.985646486282348633e-01
6.901053190231323242e-01
6.949720382690429688e-01
6.922968626022338867e-01
6.855531930923461914e-01
6.899567842483520508e-01
6.961997747421264648e-01
6.983285546302795410e-01
6.986641287803649902e-01
6.874057054519653320e-01
6.813476085662841797e-01
6.886968612670898438e-01
6.912313699722290039e-01
6.940575838088989258e-01
6.958327293395996094e-01
6.948413252830505371e-01
6.954593658447265625e-01
6.845726966857910156e-01
6.926667094230651855e-01
6.976312398910522461e-01
6.865328550338745117e-01
6.908600926399230957e-01
6.898979544639587402e-01
6.794875264167785645e-01
6.919465065002441406e-01
6.904341578483581543e-01
6.871875524520874023e-01
6.890623569488525391e-01
6.891892552375793457e-01
6.925889253616333008e-01
6.944567561149597168e-01
6.901899576187133789e-01
6.838626265525817871e-01
6.939349174499511719e-01
6.879500150680541992e-01
6.900931596755981445e-01
6.953147649765014648e-01
6.929763555526733398e-01
6.941040754318237305e-01
6.907313466072082520e-01
6.998236775398254395e-01
6.949124336242675781e-01
7.008661031723022461e-01
6.967973709106445312e-01
6.895126700401306152e-01
7.019401788711547852e-01
6.965118646621704102e-01
6.941117048263549805e-01
6.886613368988037109e-01
6.970966458320617676e-01
6.950148940086364746e-01
6.921946406364440918e-01
7.027999162673950195e-01
6.888723373413085938e-01
6.993502378463745117e-01
6.810309886932373047e-01
6.951692104339599609e-01
6.844011545181274414e-01
6.948046684265136719e-01
6.961501836776733398e-01
6.900352239608764648e-01
6.882333159446716309e-01
6.938735842704772949e-01
6.924791336059570312e-01
6.944964528083801270e-01
6.926706433296203613e-01
6.854739785194396973e-01
6.852051019668579102e-01
7.029210329055786133e-01
6.903623342514038086e-01
6.897416710853576660e-01
6.905802488327026367e-01
6.948723196983337402e-01
6.903744339942932129e-01
6.875017881393432617e-01
6.870186924934387207e-01
6.974359750747680664e-01
6.890228390693664551e-01
6.931575536727905273e-01
6.923750638961791992e-01
6.921893358230590820e-01
6.964711546897888184e-01
6.836105585098266602e-01
6.920669674873352051e-01
6.971328258514404297e-01
6.883856058120727539e-01
7.014195919036865234e-01
6.976226568222045898e-01
6.890335083007812500e-01
6.946568489074707031e-01
6.896554827690124512e-01
7.001867890357971191e-01
6.913078427314758301e-01
6.866295933723449707e-01
7.004283666610717773e-01
6.903121471405029297e-01
6.879051327705383301e-01
6.897605061531066895e-01
6.991297602653503418e-01
6.961817741394042969e-01
6.879825592041015625e-01
6.905199289321899414e-01
6.895306110382080078e-01
6.884426474571228027e-01
6.929016709327697754e-01
6.936436295509338379e-01
6.894741058349609375e-01
6.979686617851257324e-01
6.976800560951232910e-01
6.990988254547119141e-01
6.933899521827697754e-01
6.925718784332275391e-01
6.829956173896789551e-01
6.888356208801269531e-01
6.933804750442504883e-01
7.071912288665771484e-01
6.929519176483154297e-01
6.878395676612854004e-01
6.904190778732299805e-01
6.951844096183776855e-01
6.914072632789611816e-01
6.929888725280761719e-01
6.926378011703491211e-01
6.886735558509826660e-01
7.024319171905517578e-01
6.880364418029785156e-01
6.948277950286865234e-01
6.879476904869079590e-01
6.911733746528625488e-01
6.942321658134460449e-01
6.886031031608581543e-01
6.937096118927001953e-01
6.998882293701171875e-01
6.877228617668151855e-01
6.871265769004821777e-01
6.948111653327941895e-01
6.949198842048645020e-01
6.898280382156372070e-01
6.849603652954101562e-01
6.889492273330688477e-01
6.928767561912536621e-01
6.988017559051513672e-01
6.859341859817504883e-01
6.997091770172119141e-01
6.935576796531677246e-01
6.936337947845458984e-01
6.914010643959045410e-01
6.804184913635253906e-01
6.916761398315429688e-01
6.875511407852172852e-01
6.913053989410400391e-01
6.893814206123352051e-01
6.904983520507812500e-01
6.877636909484863281e-01
6.965925097465515137e-01
6.893432736396789551e-01
6.964292526245117188e-01
6.918355226516723633e-01
6.989398598670959473e-01
6.879031658172607422e-01
6.970251798629760742e-01
6.886283755302429199e-01
6.924629211425781250e-01
6.951619982719421387e-01
6.950303912162780762e-01
6.920774579048156738e-01
6.923183798789978027e-01
6.906014680862426758e-01
6.959922313690185547e-01
6.907232999801635742e-01
7.011092901229858398e-01
6.903502345085144043e-01
6.935804486274719238e-01
6.878590583801269531e-01
6.904244422912597656e-01
6.910092830657958984e-01
6.882595419883728027e-01
6.943387985229492188e-01
6.944878697395324707e-01
6.957120299339294434e-01
6.988639831542968750e-01
6.935539245605468750e-01
6.926775574684143066e-01
6.853868961334228516e-01
6.914094090461730957e-01
6.986705064773559570e-01
6.909909248352050781e-01
6.927375793457031250e-01
6.959310173988342285e-01
6.920900344848632812e-01
6.954489946365356445e-01
6.871138811111450195e-01
6.923475265502929688e-01
6.909806132316589355e-01
7.005282640457153320e-01
6.953200101852416992e-01
6.948601007461547852e-01
6.971096992492675781e-01
6.959348917007446289e-01
6.873960494995117188e-01
6.968861222267150879e-01
6.905193328857421875e-01
6.886506080627441406e-01
6.876621246337890625e-01
6.960691213607788086e-01
6.995900869369506836e-01
6.862319111824035645e-01
6.874959468841552734e-01
6.891944408416748047e-01
6.966129541397094727e-01
6.879475116729736328e-01
6.963962912559509277e-01
6.894860863685607910e-01
6.951873898506164551e-01
6.930255889892578125e-01
6.981378793716430664e-01
6.957576274871826172e-01
7.035053372383117676e-01
6.918624043464660645e-01
6.853730678558349609e-01
6.878485679626464844e-01
6.932873725891113281e-01
6.905897259712219238e-01
6.941980123519897461e-01
6.918835639953613281e-01
6.838541626930236816e-01
6.920670866966247559e-01
6.933175921440124512e-01
6.956413984298706055e-01
6.858946084976196289e-01
6.928484439849853516e-01
6.864292025566101074e-01
6.966825723648071289e-01
6.888437867164611816e-01
6.954700350761413574e-01
7.005828619003295898e-01
6.914042830467224121e-01
6.959207057952880859e-01
6.965746879577636719e-01
6.900346279144287109e-01
6.850299239158630371e-01
6.914600729942321777e-01
6.960846781730651855e-01
6.936180591583251953e-01
6.856559514999389648e-01
6.933429241180419922e-01
6.957577466964721680e-01
6.893842220306396484e-01
6.939452886581420898e-01
6.986138820648193359e-01
6.914901137351989746e-01
6.900255680084228516e-01
6.937391757965087891e-01
6.909918189048767090e-01
6.974583864212036133e-01
6.947247385978698730e-01
6.941071152687072754e-01
6.911286115646362305e-01
6.914387941360473633e-01
6.955912709236145020e-01
6.905288100242614746e-01
6.952660679817199707e-01
6.935471296310424805e-01
6.919944882392883301e-01
6.936950683593750000e-01
6.813990473747253418e-01
6.850140094757080078e-01
6.987246274948120117e-01
6.936627626419067383e-01
6.954335570335388184e-01
6.920030713081359863e-01
6.907377243041992188e-01
6.940936446189880371e-01
6.925807595252990723e-01
7.006100416183471680e-01
6.941837072372436523e-01
6.968975067138671875e-01
6.960625648498535156e-01
6.877171397209167480e-01
6.940929889678955078e-01
6.874076128005981445e-01
6.797858476638793945e-01
6.883685588836669922e-01
6.921660304069519043e-01
6.882679462432861328e-01
6.963482499122619629e-01
7.001420855522155762e-01
7.003842592239379883e-01
6.905695796012878418e-01
6.889494061470031738e-01
6.911731362342834473e-01
6.921403408050537109e-01
6.920396089553833008e-01
6.967426538467407227e-01
6.893953084945678711e-01
6.880390644073486328e-01
6.854469776153564453e-01
6.915554404258728027e-01
6.877865791320800781e-01
6.982524991035461426e-01
6.904739141464233398e-01
6.917172670364379883e-01
6.960432529449462891e-01
6.931322216987609863e-01
6.916196346282958984e-01
6.874177455902099609e-01
6.934559941291809082e-01
6.852129101753234863e-01
6.951707601547241211e-01
6.949355602264404297e-01
6.925091147422790527e-01
6.984240412712097168e-01
6.976956725120544434e-01
6.882563829421997070e-01
6.938742995262145996e-01
6.932923793792724609e-01
6.973792314529418945e-01
6.969200372695922852e-01
7.004249691963195801e-01
6.894220709800720215e-01
6.854360103607177734e-01
6.980220675468444824e-01
6.943379640579223633e-01
6.921514868736267090e-01
6.959483623504638672e-01
7.003840804100036621e-01
6.999523639678955078e-01
6.941532492637634277e-01
6.911144852638244629e-01
6.931307315826416016e-01
6.952227354049682617e-01
6.892883777618408203e-01
6.924930810928344727e-01
6.997683048248291016e-01
6.985640525817871094e-01
6.983125805854797363e-01
6.970654726028442383e-01
6.848889589309692383e-01
6.914906501770019531e-01
6.923555135726928711e-01
6.864945292472839355e-01
6.973937153816223145e-01
6.918165683746337891e-01
6.929702162742614746e-01
6.907647252082824707e-01
6.940944194793701172e-01
6.958788037300109863e-01
6.980342268943786621e-01
6.878006458282470703e-01
6.919097900390625000e-01
6.971356868743896484e-01
6.947963833808898926e-01
6.828404664993286133e-01
6.887187361717224121e-01
6.949268579483032227e-01
6.921743154525756836e-01
6.848561167716979980e-01
6.794033050537109375e-01
6.906631588935852051e-01
6.970118880271911621e-01
6.917517185211181641e-01
6.894317865371704102e-01
6.863154172897338867e-01
6.913813352584838867e-01
6.917870044708251953e-01
6.847112774848937988e-01
6.913665533065795898e-01
6.952545642852783203e-01
6.873661279678344727e-01
6.937428116798400879e-01
6.909275054931640625e-01
6.983695626258850098e-01
6.946604847908020020e-01
6.920247077941894531e-01
6.996412277221679688e-01
6.929626464843750000e-01
6.895151734352111816e-01
6.920929551124572754e-01
6.932057738304138184e-01
6.914550065994262695e-01
6.968905329704284668e-01
6.935754418373107910e-01
6.933633685111999512e-01
6.994754076004028320e-01
6.916369199752807617e-01
7.012814283370971680e-01
6.881739497184753418e-01
6.858487725257873535e-01
6.924010515213012695e-01
6.889235973358154297e-01
6.882116198539733887e-01
6.900345683097839355e-01
6.977548003196716309e-01
7.006701827049255371e-01
6.907359957695007324e-01
6.918638348579406738e-01
6.921083927154541016e-01
6.858267784118652344e-01
6.985478401184082031e-01
6.882754564285278320e-01
6.882981061935424805e-01
6.964610219001770020e-01
6.934891343116760254e-01
6.938460469245910645e-01
6.953861713409423828e-01
6.906853914260864258e-01
6.953319907188415527e-01
7.007937431335449219e-01
6.977191567420959473e-01
6.842044591903686523e-01
6.872729659080505371e-01
6.932090520858764648e-01
6.801717877388000488e-01
6.933151483535766602e-01
6.975836157798767090e-01
7.039928436279296875e-01
6.901481747627258301e-01
6.953045129776000977e-01
6.838723421096801758e-01
6.935156583786010742e-01
6.859756112098693848e-01
6.923894882202148438e-01
6.912472248077392578e-01
6.973508000373840332e-01
6.948949098587036133e-01
6.928113698959350586e-01
6.991666555404663086e-01
6.979089975357055664e-01
6.876194477081298828e-01
6.974692344665527344e-01
6.819944381713867188e-01
6.852040290832519531e-01
6.891022324562072754e-01
6.926610469818115234e-01
6.915759444236755371e-01
6.896929740905761719e-01
6.945791840553283691e-01
7.005122900009155273e-01
6.916546821594238281e-01
6.841114163398742676e-01
6.999132633209228516e-01
6.913173198699951172e-01
6.933540701866149902e-01
6.916012167930603027e-01
6.938151121139526367e-01
6.940245032310485840e-01
6.914848685264587402e-01
6.976247429847717285e-01
6.935619711875915527e-01
6.941687464714050293e-01
6.956411600112915039e-01
6.895029544830322266e-01
6.921867728233337402e-01
6.859668493270874023e-01
6.921054720878601074e-01
6.923749446868896484e-01
6.929328441619873047e-01
6.969001293182373047e-01
6.891418099403381348e-01
6.886661052703857422e-01
6.934021115303039551e-01
7.008944749832153320e-01
7.011188864707946777e-01
6.810139417648315430e-01
6.907159090042114258e-01
6.872358322143554688e-01
6.964175701141357422e-01
6.891779899597167969e-01
6.980073451995849609e-01
6.925495266914367676e-01
6.992362737655639648e-01
6.903502941131591797e-01
6.967908740043640137e-01
6.856998205184936523e-01
6.870557069778442383e-01
6.974512338638305664e-01
6.914735436439514160e-01
6.925805807113647461e-01
6.879212856292724609e-01
6.930141448974609375e-01
6.923600435256958008e-01
6.882653236389160156e-01
6.916900873184204102e-01
6.904875040054321289e-01
6.880673766136169434e-01
6.991628408432006836e-01
6.940572261810302734e-01
6.926292181015014648e-01
6.903347373008728027e-01
7.001727819442749023e-01
6.912218332290649414e-01
6.887726783752441406e-01
6.830897927284240723e-01
6.954391598701477051e-01
6.887097358703613281e-01
6.926012039184570312e-01
6.881511807441711426e-01
6.924178600311279297e-01
6.948597431182861328e-01
6.951919198036193848e-01
6.864884495735168457e-01
6.983630657196044922e-01
6.959065198898315430e-01
6.899447441101074219e-01
6.960009932518005371e-01
6.951186060905456543e-01
6.841229200363159180e-01
6.869033575057983398e-01
6.979137659072875977e-01
6.881169080734252930e-01
6.891089677810668945e-01
6.936349272727966309e-01
6.867814660072326660e-01
6.958122253417968750e-01
6.931293010711669922e-01
7.012385725975036621e-01
6.853125691413879395e-01
7.000112533569335938e-01
6.847293376922607422e-01
6.906754374504089355e-01
6.893364191055297852e-01
6.881217956542968750e-01
6.861943602561950684e-01
6.910758614540100098e-01
6.966925859451293945e-01
6.978849172592163086e-01
6.979210376739501953e-01
6.930136680603027344e-01
6.911867856979370117e-01
6.894499063491821289e-01
6.963126659393310547e-01
6.964970827102661133e-01
6.942436099052429199e-01
6.934088468551635742e-01
6.939983367919921875e-01
6.888452768325805664e-01
6.904671788215637207e-01
6.941378116607666016e-01
6.913646459579467773e-01
6.936504840850830078e-01
6.995446085929870605e-01
6.908823847770690918e-01
6.910626888275146484e-01
6.929917335510253906e-01
6.980807781219482422e-01
6.863917708396911621e-01
6.959962844848632812e-01
6.878978610038757324e-01
6.974948644638061523e-01
6.959425210952758789e-01
6.800225377082824707e-01
