6.800066232681274414e-01
6.777338385581970215e-01
6.997632384300231934e-01
6.782740354537963867e-01
6.903495192527770996e-01
7.000935077667236328e-01
7.005963921546936035e-01
6.878459453582763672e-01
6.863546371459960938e-01
6.940947771072387695e-01
6.844918131828308105e-01
6.973174214363098145e-01
6.906280517578125000e-01
6.962454319000244141e-01
6.979218721389770508e-01
6.950891017913818359e-01
7.000716328620910645e-01
6.955171227455139160e-01
6.986430883407592773e-01
7.021315097808837891e-01
6.735225915908813477e-01
6.919279098510742188e-01
6.909345388412475586e-01
7.003049850463867188e-01
6.950283646583557129e-01
6.911666989326477051e-01
6.933592557907104492e-01
6.888845562934875488e-01
6.859247088432312012e-01
6.777376532554626465e-01
6.956207156181335449e-01
6.964330077171325684e-01
7.093780040740966797e-01
7.050074934959411621e-01
7.060623168945312500e-01
7.026166915893554688e-01
6.821749210357666016e-01
6.961952447891235352e-01
6.903140544891357422e-01
6.830735206604003906e-01
7.037332653999328613e-01
6.960770487785339355e-01
6.929450631141662598e-01
6.833915114402770996e-01
6.849287748336791992e-01
6.903048157691955566e-01
7.030005455017089844e-01
6.990925669670104980e-01
6.962600946426391602e-01
6.919201612472534180e-01
6.939330697059631348e-01
6.909484267234802246e-01
6.998347640037536621e-01
6.849961280822753906e-01
7.072755694389343262e-01
7.009732723236083984e-01
6.886255741119384766e-01
6.922354102134704590e-01
6.885673403739929199e-01
6.903941035270690918e-01
6.933376193046569824e-01
6.917631030082702637e-01
6.908160448074340820e-01
6.870163679122924805e-01
6.891174316406250000e-01
6.886050701141357422e-01
6.990135908126831055e-01
6.935439705848693848e-01
6.905899643898010254e-01
6.883226633071899414e-01
6.937745809555053711e-01
6.944228410720825195e-01
6.985338330268859863e-01
6.839926838874816895e-01
6.890631318092346191e-01
6.930644512176513672e-01
7.032874226570129395e-01
6.889774203300476074e-01
6.845502853393554688e-01
6.922019720077514648e-01
6.994326114654541016e-01
6.977073550224304199e-01
6.955464482307434082e-01
7.078033089637756348e-01
6.881271600723266602e-01
6.932293176651000977e-01
7.006748914718627930e-01
7.115877866744995117e-01
6.812945604324340820e-01
7.104184627532958984e-01
6.911933422088623047e-01
6.915534734725952148e-01
6.927754282951354980e-01
6.802027821540832520e-01
6.962974071502685547e-01
6.810405254364013672e-01
7.015110254287719727e-01
6.927332282066345215e-01
6.826248764991760254e-01
6.804691553115844727e-01
6.976693272590637207e-01
6.879827976226806641e-01
7.096044421195983887e-01
6.975983977317810059e-01
6.973254680633544922e-01
6.873189210891723633e-01
6.970092654228210449e-01
6.935288310050964355e-01
6.888828277587890625e-01
7.016677856445312500e-01
7.126983404159545898e-01
6.867931485176086426e-01
6.887552738189697266e-01
7.021392583847045898e-01
6.813698410987854004e-01
6.841504573822021484e-01
6.858922243118286133e-01
6.859826445579528809e-01
6.979370117187500000e-01
6.920416951179504395e-01
6.959624886512756348e-01
6.943383216857910156e-01
6.972615718841552734e-01
6.886166334152221680e-01
6.926037669181823730e-01
6.896432042121887207e-01
6.960180997848510742e-01
7.057099938392639160e-01
6.983502507209777832e-01
6.943747997283935547e-01
6.888716816902160645e-01
6.834473609924316406e-01
6.824626326560974121e-01
6.891304254531860352e-01
6.989277005195617676e-01
7.059594988822937012e-01
6.930682063102722168e-01
6.934707760810852051e-01
6.856760978698730469e-01
6.935819387435913086e-01
7.017672657966613770e-01
6.924396753311157227e-01
6.996473670005798340e-01
7.014178633689880371e-01
6.821054816246032715e-01
6.737763881683349609e-01
6.993026733398437500e-01
6.994658708572387695e-01
6.797901391983032227e-01
6.982113122940063477e-01
6.943607330322265625e-01
6.884554624557495117e-01
6.987162232398986816e-01
6.840010881423950195e-01
6.872081756591796875e-01
6.884175539016723633e-01
6.967372894287109375e-01
6.919016838073730469e-01
6.711910367012023926e-01
6.870775222778320312e-01
6.934379339218139648e-01
7.030411958694458008e-01
7.024639248847961426e-01
6.960713863372802734e-01
6.871248483657836914e-01
7.137086391448974609e-01
6.933982968330383301e-01
6.870564818382263184e-01
7.009649276733398438e-01
6.974604725837707520e-01
6.930598020553588867e-01
7.099467515945434570e-01
6.899681687355041504e-01
6.932711601257324219e-01
6.896824240684509277e-01
6.885196566581726074e-01
6.903218626976013184e-01
6.915206313133239746e-01
6.877375245094299316e-01
6.701608300209045410e-01
7.047818303108215332e-01
7.095178961753845215e-01
6.854420900344848633e-01
7.045336961746215820e-01
6.848790645599365234e-01
6.879898309707641602e-01
6.965515017509460449e-01
7.003719806671142578e-01
6.935889124870300293e-01
6.937623023986816406e-01
7.091181874275207520e-01
6.850640177726745605e-01
6.959096193313598633e-01
6.915661096572875977e-01
6.937409639358520508e-01
7.103697061538696289e-01
6.918982863426208496e-01
6.909083127975463867e-01
6.903149485588073730e-01
6.911049485206604004e-01
6.784084439277648926e-01
6.964457631111145020e-01
6.871680021286010742e-01
6.821991205215454102e-01
7.057418823242187500e-01
7.152476310729980469e-01
7.057116031646728516e-01
6.925565004348754883e-01
6.889618635177612305e-01
6.919434666633605957e-01
6.953635215759277344e-01
6.947643756866455078e-01
6.863532662391662598e-01
6.895594596862792969e-01
6.943023204803466797e-01
6.879103779792785645e-01
6.810633540153503418e-01
6.860037446022033691e-01
6.919586658477783203e-01
6.975744366645812988e-01
6.874095797538757324e-01
6.969370841979980469e-01
6.971259117126464844e-01
6.977663636207580566e-01
6.983734369277954102e-01
7.001789808273315430e-01
7.021244764328002930e-01
6.935448646545410156e-01
6.844640970230102539e-01
6.883401870727539062e-01
6.843150854110717773e-01
6.973932385444641113e-01
6.958824992179870605e-01
7.031646966934204102e-01
6.935120820999145508e-01
6.837280392646789551e-01
6.977626085281372070e-01
6.864001154899597168e-01
6.884490251541137695e-01
7.002632617950439453e-01
6.954709291458129883e-01
6.849323511123657227e-01
6.833626627922058105e-01
6.974819898605346680e-01
7.013469338417053223e-01
6.941801309585571289e-01
7.063695192337036133e-01
6.945512294769287109e-01
6.948943734169006348e-01
6.948015689849853516e-01
6.802936196327209473e-01
7.030882835388183594e-01
6.904627084732055664e-01
6.959714889526367188e-01
6.909418106079101562e-01
6.855614781379699707e-01
6.839224100112915039e-01
6.860519051551818848e-01
6.922308802604675293e-01
6.976340413093566895e-01
7.031795978546142578e-01
6.943204402923583984e-01
6.913212537765502930e-01
6.919147968292236328e-01
6.963204145431518555e-01
6.943540573120117188e-01
6.912567019462585449e-01
6.951702833175659180e-01
7.060124874114990234e-01
6.845961809158325195e-01
6.888651847839355469e-01
6.771203279495239258e-01
6.904875040054321289e-01
6.873157620429992676e-01
6.968636512756347656e-01
6.846146583557128906e-01
7.075175642967224121e-01
6.992012858390808105e-01
7.011616230010986328e-01
6.911350488662719727e-01
6.889525651931762695e-01
6.855514049530029297e-01
6.937892436981201172e-01
7.000287771224975586e-01
6.910211443901062012e-01
6.948033571243286133e-01
6.929925084114074707e-01
6.954889297485351562e-01
6.926534175872802734e-01
6.913762092590332031e-01
6.923645138740539551e-01
6.823846697807312012e-01
6.916683912277221680e-01
6.885089874267578125e-01
6.916441917419433594e-01
6.873360872268676758e-01
7.063344717025756836e-01
6.934348940849304199e-01
6.985480785369873047e-01
6.910939812660217285e-01
6.874736547470092773e-01
6.807883977890014648e-01
6.980776786804199219e-01
6.794206500053405762e-01
6.913760304450988770e-01
6.915078759193420410e-01
6.926063299179077148e-01
6.793774366378784180e-01
6.913442611694335938e-01
6.946094632148742676e-01
7.011544704437255859e-01
6.950938701629638672e-01
6.985491514205932617e-01
7.027490735054016113e-01
7.025676965713500977e-01
7.072603702545166016e-01
6.907538771629333496e-01
6.942701935768127441e-01
6.745948195457458496e-01
6.854331493377685547e-01
6.970247626304626465e-01
6.922235488891601562e-01
6.955708861351013184e-01
6.933385729789733887e-01
6.957545876502990723e-01
6.917366385459899902e-01
6.870646476745605469e-01
7.035634517669677734e-01
6.906015872955322266e-01
6.887848973274230957e-01
6.914039850234985352e-01
6.979981064796447754e-01
7.002508640289306641e-01
7.031474709510803223e-01
7.029324173927307129e-01
6.955099701881408691e-01
6.878651380538940430e-01
7.040143609046936035e-01
7.006056308746337891e-01
6.893955469131469727e-01
6.841160058975219727e-01
6.915911436080932617e-01
6.797410845756530762e-01
6.853361129760742188e-01
7.117938399314880371e-01
6.988045573234558105e-01
6.873522996902465820e-01
6.899518966674804688e-01
6.886797547340393066e-01
6.880952119827270508e-01
6.896286606788635254e-01
7.137444019317626953e-01
6.804450750350952148e-01
7.117893695831298828e-01
7.063245177268981934e-01
6.885824203491210938e-01
6.847187876701354980e-01
6.919757723808288574e-01
7.023473978042602539e-01
6.997988820075988770e-01
7.048354744911193848e-01
6.929721236228942871e-01
7.009170055389404297e-01
6.978392004966735840e-01
6.872293353080749512e-01
6.894832849502563477e-01
6.901472806930541992e-01
6.837847232818603516e-01
6.903647184371948242e-01
6.861272454261779785e-01
6.939159631729125977e-01
6.983094215393066406e-01
6.949670314788818359e-01
6.901097893714904785e-01
6.794087290763854980e-01
6.981787085533142090e-01
6.973234415054321289e-01
7.073247432708740234e-01
6.967345476150512695e-01
6.788348555564880371e-01
6.981245875358581543e-01
6.899657845497131348e-01
6.882340908050537109e-01
6.833521723747253418e-01
6.896162629127502441e-01
6.823514699935913086e-01
6.921232342720031738e-01
6.946643590927124023e-01
6.839841604232788086e-01
6.988190412521362305e-01
7.059048414230346680e-01
7.057328224182128906e-01
6.976577043533325195e-01
6.991110444068908691e-01
7.027852535247802734e-01
6.965962052345275879e-01
6.899466514587402344e-01
6.787266135215759277e-01
6.857521533966064453e-01
6.977676153182983398e-01
6.709026098251342773e-01
6.989624500274658203e-01
6.831928491592407227e-01
6.971015334129333496e-01
6.857197880744934082e-01
7.016192078590393066e-01
6.962106823921203613e-01
6.841239929199218750e-01
6.942268013954162598e-01
6.899861097335815430e-01
6.798328161239624023e-01
6.798578500747680664e-01
6.938107609748840332e-01
6.872402429580688477e-01
6.790828704833984375e-01
7.058274745941162109e-01
7.066559195518493652e-01
7.072261571884155273e-01
6.950528621673583984e-01
6.900407671928405762e-01
7.007231116294860840e-01
6.941162943840026855e-01
6.831650733947753906e-01
6.929348707199096680e-01
6.938956379890441895e-01
6.825045347213745117e-01
6.855651140213012695e-01
6.970804333686828613e-01
6.963928937911987305e-01
6.909501552581787109e-01
6.918091177940368652e-01
6.882252097129821777e-01
6.908001899719238281e-01
7.007547616958618164e-01
6.961725950241088867e-01
6.936972737312316895e-01
6.933302283287048340e-01
6.906232237815856934e-01
6.891248822212219238e-01
6.914465427398681641e-01
6.952255964279174805e-01
6.930563449859619141e-01
7.062104940414428711e-01
6.931287646293640137e-01
6.951488852500915527e-01
6.934254169464111328e-01
6.879705190658569336e-01
7.052087783813476562e-01
6.884768009185791016e-01
6.908010244369506836e-01
6.977050304412841797e-01
6.857317090034484863e-01
6.956988573074340820e-01
7.020111083984375000e-01
6.883299350738525391e-01
6.958035230636596680e-01
6.953995823860168457e-01
6.887612938880920410e-01
6.925379037857055664e-01
6.888403892517089844e-01
7.022975683212280273e-01
6.938879489898681641e-01
7.011591196060180664e-01
6.847950816154479980e-01
6.825740337371826172e-01
6.954879164695739746e-01
6.982078552246093750e-01
6.879287362098693848e-01
6.889936327934265137e-01
6.950875520706176758e-01
6.966217160224914551e-01
7.042992711067199707e-01
6.938127279281616211e-01
6.869112849235534668e-01
6.959359645843505859e-01
6.945722103118896484e-01
7.004660367965698242e-01
6.987421512603759766e-01
6.893973946571350098e-01
7.003177404403686523e-01
6.907199621200561523e-01
6.967271566390991211e-01
6.915376186370849609e-01
6.807678937911987305e-01
6.985006928443908691e-01
6.926611661911010742e-01
6.924983263015747070e-01
6.955432891845703125e-01
6.838510036468505859e-01
6.969825625419616699e-01
6.937212944030761719e-01
6.930059790611267090e-01
6.847152113914489746e-01
6.935957670211791992e-01
6.843284964561462402e-01
6.890133023262023926e-01
6.909525990486145020e-01
6.737470626831054688e-01
7.005619406700134277e-01
6.851128339767456055e-01
6.826804280281066895e-01
6.904783844947814941e-01
6.956342458724975586e-01
7.012526988983154297e-01
7.018521428108215332e-01
7.018439769744873047e-01
6.944952011108398438e-01
6.949636936187744141e-01
6.753986477851867676e-01
7.027341723442077637e-01
7.010958194732666016e-01
6.941750645637512207e-01
6.894477009773254395e-01
6.937643289566040039e-01
7.121242880821228027e-01
6.892619132995605469e-01
6.737567782402038574e-01
7.109020948410034180e-01
6.873784661293029785e-01
6.854591965675354004e-01
7.013906836509704590e-01
7.029909491539001465e-01
6.993765234947204590e-01
6.949367523193359375e-01
6.785049438476562500e-01
7.024633288383483887e-01
6.873942613601684570e-01
6.918735504150390625e-01
6.869116425514221191e-01
7.022910714149475098e-01
6.809491515159606934e-01
7.016447782516479492e-01
7.008144259452819824e-01
6.902495026588439941e-01
6.873469352722167969e-01
7.053295969963073730e-01
7.028557062149047852e-01
6.848584413528442383e-01
6.921700835227966309e-01
7.006483078002929688e-01
6.878510117530822754e-01
6.903333067893981934e-01
6.982126832008361816e-01
6.928709149360656738e-01
6.967401504516601562e-01
6.946687698364257812e-01
6.893133521080017090e-01
6.841703653335571289e-01
6.914430856704711914e-01
6.995354890823364258e-01
6.751278638839721680e-01
7.011760473251342773e-01
6.947986483573913574e-01
6.852591037750244141e-01
6.962478756904602051e-01
6.938282847404479980e-01
7.132669687271118164e-01
6.931049227714538574e-01
6.985343098640441895e-01
6.927771568298339844e-01
7.001673579216003418e-01
6.914322376251220703e-01
6.930306553840637207e-01
6.969407200813293457e-01
6.932230591773986816e-01
6.977915167808532715e-01
6.838830113410949707e-01
6.949508190155029297e-01
6.896408200263977051e-01
6.876701712608337402e-01
7.055738568305969238e-01
6.883029937744140625e-01
6.829438209533691406e-01
7.032993435859680176e-01
6.840783357620239258e-01
6.772343516349792480e-01
6.973391175270080566e-01
6.896477937698364258e-01
6.873378157615661621e-01
6.879391074180603027e-01
6.996888518333435059e-01
6.896778345108032227e-01
6.951698064804077148e-01
6.960163712501525879e-01
6.981604695320129395e-01
6.965289115905761719e-01
6.906415224075317383e-01
7.044242024421691895e-01
6.824653148651123047e-01
6.905924081802368164e-01
6.911423802375793457e-01
6.886581182479858398e-01
7.058368325233459473e-01
6.929472684860229492e-01
7.039395570755004883e-01
6.926178932189941406e-01
6.875820755958557129e-01
6.886966824531555176e-01
6.890141367912292480e-01
7.069166302680969238e-01
7.015751600265502930e-01
6.899563074111938477e-01
6.966183781623840332e-01
7.036418318748474121e-01
6.847816109657287598e-01
6.779366731643676758e-01
6.910319924354553223e-01
6.871464252471923828e-01
6.879084110260009766e-01
6.865851879119873047e-01
7.085762023925781250e-01
6.842989921569824219e-01
6.940933465957641602e-01
6.861201524734497070e-01
7.004920244216918945e-01
6.977617144584655762e-01
6.862570643424987793e-01
6.938198804855346680e-01
6.949738264083862305e-01
6.886216402053833008e-01
6.793822050094604492e-01
6.821385622024536133e-01
6.869989037513732910e-01
6.884924769401550293e-01
7.042471766471862793e-01
6.944082379341125488e-01
7.029612660408020020e-01
6.999528408050537109e-01
6.943531036376953125e-01
6.899626255035400391e-01
6.953356266021728516e-01
6.954106092453002930e-01
7.048017382621765137e-01
6.912758946418762207e-01
6.831578016281127930e-01
6.917471885681152344e-01
6.878682374954223633e-01
6.829839944839477539e-01
6.956697702407836914e-01
6.938024759292602539e-01
7.041506171226501465e-01
7.006604671478271484e-01
6.896574497222900391e-01
6.958112120628356934e-01
6.934214830398559570e-01
6.808382272720336914e-01
7.002900242805480957e-01
6.931492090225219727e-01
6.875388622283935547e-01
6.929221749305725098e-01
7.046038508415222168e-01
6.984856128692626953e-01
6.889538168907165527e-01
6.944648027420043945e-01
6.919646263122558594e-01
6.954747438430786133e-01
6.988727450370788574e-01
6.954277753829956055e-01
6.861903071403503418e-01
6.917672157287597656e-01
7.017093300819396973e-01
6.976624131202697754e-01
6.874712705612182617e-01
6.852642297744750977e-01
7.002291083335876465e-01
6.870575547218322754e-01
7.029542922973632812e-01
6.989658474922180176e-01
6.853080987930297852e-01
6.939037442207336426e-01
6.973266601562500000e-01
6.929714083671569824e-01
6.865413188934326172e-01
6.915541887283325195e-01
6.912861466407775879e-01
7.021827697753906250e-01
6.948560476303100586e-01
7.031466960906982422e-01
6.941438317298889160e-01
6.968472599983215332e-01
6.855061054229736328e-01
7.021071314811706543e-01
6.888435482978820801e-01
6.915957927703857422e-01
6.793016195297241211e-01
6.946978569030761719e-01
6.857358217239379883e-01
6.745185852050781250e-01
6.945362687110900879e-01
6.881589293479919434e-01
6.876657009124755859e-01
6.929216384887695312e-01
6.922382116317749023e-01
6.943761110305786133e-01
6.828291416168212891e-01
6.890648007392883301e-01
6.851211190223693848e-01
6.910350918769836426e-01
6.851437687873840332e-01
6.981561183929443359e-01
6.874734759330749512e-01
6.864895820617675781e-01
6.817352771759033203e-01
6.909938454627990723e-01
6.820383071899414062e-01
6.984275579452514648e-01
6.929240822792053223e-01
6.866754293441772461e-01
6.954430341720581055e-01
7.031340003013610840e-01
6.804179549217224121e-01
6.975695490837097168e-01
6.958612203598022461e-01
6.854842305183410645e-01
6.770570278167724609e-01
6.905024051666259766e-01
6.982070803642272949e-01
6.851250529289245605e-01
6.925264596939086914e-01
6.981850266456604004e-01
6.940262913703918457e-01
6.995986700057983398e-01
7.057749629020690918e-01
6.872119903564453125e-01
6.883444190025329590e-01
6.873970031738281250e-01
6.913726925849914551e-01
6.863211989402770996e-01
6.850867271423339844e-01
6.920638084411621094e-01
6.924538016319274902e-01
7.022166252136230469e-01
7.027660608291625977e-01
7.078927755355834961e-01
6.932080984115600586e-01
7.027148008346557617e-01
7.064688205718994141e-01
6.889385581016540527e-01
6.734424829483032227e-01
6.943114399909973145e-01
6.861805915832519531e-01
6.936614513397216797e-01
6.925279498100280762e-01
6.990386843681335449e-01
6.940121054649353027e-01
6.949616074562072754e-01
6.965439915657043457e-01
7.095813155174255371e-01
6.993744373321533203e-01
6.880269050598144531e-01
7.008066773414611816e-01
6.948133111000061035e-01
6.935743093490600586e-01
7.051855921745300293e-01
6.959843039512634277e-01
7.012925148010253906e-01
6.946148872375488281e-01
6.897898912429809570e-01
7.088217735290527344e-01
6.778134107589721680e-01
6.960130929946899414e-01
7.039920687675476074e-01
6.992729902267456055e-01
6.963168382644653320e-01
6.931008100509643555e-01
6.942189335823059082e-01
6.945718526840209961e-01
6.946219801902770996e-01
6.892051696777343750e-01
6.953012347221374512e-01
6.915966868400573730e-01
6.870036721229553223e-01
6.944668889045715332e-01
6.939233541488647461e-01
6.929356455802917480e-01
7.059189081192016602e-01
6.920780539512634277e-01
6.966416835784912109e-01
6.891850829124450684e-01
6.831742525100708008e-01
6.860263943672180176e-01
6.864787340164184570e-01
6.785416007041931152e-01
6.877706050872802734e-01
6.965172290802001953e-01
6.868959665298461914e-01
6.942923665046691895e-01
6.975392103195190430e-01
6.878867745399475098e-01
6.911813616752624512e-01
6.955287456512451172e-01
6.918029785156250000e-01
6.897718906402587891e-01
6.933418512344360352e-01
6.975708603858947754e-01
6.911302804946899414e-01
6.948076486587524414e-01
6.860036849975585938e-01
6.965576410293579102e-01
6.910297870635986328e-01
6.870120763778686523e-01
6.799851655960083008e-01
7.028859853744506836e-01
6.951037645339965820e-01
6.960744261741638184e-01
6.921824812889099121e-01
6.932446956634521484e-01
7.012634277343750000e-01
6.996023058891296387e-01
6.926634311676025391e-01
6.827510595321655273e-01
6.929394602775573730e-01
7.051526904106140137e-01
6.931545138359069824e-01
6.925643086433410645e-01
6.941006183624267578e-01
6.982479095458984375e-01
6.940550804138183594e-01
6.900591850280761719e-01
7.087684273719787598e-01
6.881731152534484863e-01
6.868425011634826660e-01
7.000608444213867188e-01
6.812948584556579590e-01
6.852282285690307617e-01
6.924623250961303711e-01
6.878176331520080566e-01
6.871596574783325195e-01
6.898312568664550781e-01
7.067339420318603516e-01
6.976259350776672363e-01
7.020364403724670410e-01
6.872776746749877930e-01
7.070095539093017578e-01
6.976843476295471191e-01
6.888496875762939453e-01
6.931456327438354492e-01
6.943887472152709961e-01
6.864150762557983398e-01
6.855418682098388672e-01
6.971850395202636719e-01
6.927865743637084961e-01
7.064470648765563965e-01
6.886587142944335938e-01
6.889747977256774902e-01
6.882202029228210449e-01
6.836432218551635742e-01
6.909565329551696777e-01
6.996729969978332520e-01
6.901814937591552734e-01
6.871421933174133301e-01
6.812838315963745117e-01
6.940427422523498535e-01
6.929711699485778809e-01
6.988717913627624512e-01
6.939088702201843262e-01
6.930701136589050293e-01
6.867380142211914062e-01
6.920072436332702637e-01
6.812080144882202148e-01
6.860244274139404297e-01
7.046858072280883789e-01
6.937689185142517090e-01
7.016515731811523438e-01
6.839034557342529297e-01
6.873968243598937988e-01
6.944428086280822754e-01
7.034902572631835938e-01
6.882050633430480957e-01
6.937747001647949219e-01
6.924180388450622559e-01
6.844512224197387695e-01
6.924473643302917480e-01
6.931299567222595215e-01
6.914203166961669922e-01
7.036908268928527832e-01
6.983545422554016113e-01
6.909950971603393555e-01
6.934217810630798340e-01
6.922079324722290039e-01
6.907672286033630371e-01
6.959934234619140625e-01
6.910670399665832520e-01
6.924347281455993652e-01
6.835021972656250000e-01
6.924945116043090820e-01
6.903870105743408203e-01
6.830366849899291992e-01
6.971254348754882812e-01
6.823546886444091797e-01
6.883727312088012695e-01
6.902319788932800293e-01
6.883362531661987305e-01
6.819468140602111816e-01
7.057514190673828125e-01
6.864081025123596191e-01
6.865990161895751953e-01
6.895424127578735352e-01
7.047369480133056641e-01
6.788306236267089844e-01
6.971441507339477539e-01
6.915445923805236816e-01
6.991521120071411133e-01
7.040492892265319824e-01
6.971731781959533691e-01
7.180393934249877930e-01
6.831374168395996094e-01
6.854770183563232422e-01
6.854023933410644531e-01
7.064822316169738770e-01
6.851716637611389160e-01
6.832882165908813477e-01
6.979188323020935059e-01
6.954916119575500488e-01
6.950895786285400391e-01
6.853255629539489746e-01
6.827957630157470703e-01
6.866155862808227539e-01
6.982840299606323242e-01
6.973626613616943359e-01
7.062143087387084961e-01
7.097486257553100586e-01
6.889039874076843262e-01
6.941841840744018555e-01
6.953758001327514648e-01
6.969225406646728516e-01
6.935201883316040039e-01
6.925924420356750488e-01
7.082142829895019531e-01
6.853326559066772461e-01
6.950938105583190918e-01
7.021313905715942383e-01
6.913447380065917969e-01
6.812453269958496094e-01
6.930338144302368164e-01
6.812032461166381836e-01
6.896718144416809082e-01
6.879739761352539062e-01
6.868803501129150391e-01
6.989449262619018555e-01
6.935939192771911621e-01
6.805331707000732422e-01
6.848924160003662109e-01
7.038975954055786133e-01
6.905423402786254883e-01
6.995680928230285645e-01
6.931725144386291504e-01
6.922528147697448730e-01
6.956890821456909180e-01
7.002413272857666016e-01
6.982581019401550293e-01
6.961420774459838867e-01
6.906369924545288086e-01
6.901306509971618652e-01
6.982626318931579590e-01
7.014356255531311035e-01
6.843286156654357910e-01
6.976399421691894531e-01
6.940987706184387207e-01
6.864920854568481445e-01
7.058227658271789551e-01
6.857101321220397949e-01
6.945738196372985840e-01
6.863633990287780762e-01
7.013749480247497559e-01
6.894246339797973633e-01
6.846667528152465820e-01
7.001894712448120117e-01
6.712819337844848633e-01
6.766194701194763184e-01
6.949280500411987305e-01
7.033957839012145996e-01
6.991758346557617188e-01
6.932827234268188477e-01
6.877250671386718750e-01
6.956956982612609863e-01
6.892940402030944824e-01
7.047576308250427246e-01
6.946792602539062500e-01
7.009841799736022949e-01
6.879560351371765137e-01
6.848177313804626465e-01
6.906480193138122559e-01
7.026313543319702148e-01
6.869903802871704102e-01
7.016697525978088379e-01
6.973885297775268555e-01
7.109181880950927734e-01
6.931446194648742676e-01
6.812099218368530273e-01
6.895709037780761719e-01
6.918007731437683105e-01
6.831155419349670410e-01
6.924276351928710938e-01
6.918878555297851562e-01
6.953158378601074219e-01
6.820272207260131836e-01
6.975532770156860352e-01
6.880632638931274414e-01
6.820658445358276367e-01
6.968478560447692871e-01
6.985695958137512207e-01
6.910223960876464844e-01
7.076364755630493164e-01
6.912756562232971191e-01
7.118646502494812012e-01
6.975382566452026367e-01
6.934428215026855469e-01
7.034213542938232422e-01
6.840171217918395996e-01
6.894010305404663086e-01
6.899906396865844727e-01
6.981957554817199707e-01
6.804838776588439941e-01
6.828052401542663574e-01
6.930043697357177734e-01
7.053046822547912598e-01
6.877907514572143555e-01
6.892580986022949219e-01
6.956452727317810059e-01
6.848570108413696289e-01
6.983845233917236328e-01
6.901389956474304199e-01
6.965633630752563477e-01
6.841139197349548340e-01
6.905279159545898438e-01
6.814434528350830078e-01
6.847211718559265137e-01
6.976819038391113281e-01
6.875337958335876465e-01
6.944196224212646484e-01
6.913803219795227051e-01
6.883523464202880859e-01
6.870219707489013672e-01
6.968529224395751953e-01
6.863442659378051758e-01
7.021955251693725586e-01
6.982986330986022949e-01
6.954946517944335938e-01
6.886228322982788086e-01
7.010471224784851074e-01
6.939594149589538574e-01
6.989230513572692871e-01
7.043372392654418945e-01
7.005459070205688477e-01
6.827601194381713867e-01
6.851055622100830078e-01
6.983824968338012695e-01
6.771647930145263672e-01
6.922311186790466309e-01
6.899830698966979980e-01
6.898825168609619141e-01
7.055338621139526367e-01
6.867952942848205566e-01
7.048493623733520508e-01
6.876945495605468750e-01
6.923682093620300293e-01
6.958531737327575684e-01
6.897573471069335938e-01
7.006963491439819336e-01
6.887272596359252930e-01
6.914121508598327637e-01
6.850051283836364746e-01
6.802124381065368652e-01
6.823884248733520508e-01
6.863551139831542969e-01
6.972299218177795410e-01
6.836981177330017090e-01
6.930000185966491699e-01
6.836122274398803711e-01
6.951422691345214844e-01
6.860604882240295410e-01
6.858150362968444824e-01
7.040424346923828125e-01
6.943368911743164062e-01
7.006860971450805664e-01
6.912016868591308594e-01
6.989767551422119141e-01
7.028979659080505371e-01
7.021446228027343750e-01
6.871398091316223145e-01
6.843532323837280273e-01
6.854193210601806641e-01
6.879584789276123047e-01
7.108258008956909180e-01
6.814970374107360840e-01
6.861407160758972168e-01
7.061153054237365723e-01
6.941791176795959473e-01
6.923369169235229492e-01
7.032023072242736816e-01
7.105093598365783691e-01
7.108269333839416504e-01
6.927018165588378906e-01
6.848970055580139160e-01
6.899474263191223145e-01
6.952852606773376465e-01
6.773239374160766602e-01
6.948126554489135742e-01
6.996229290962219238e-01
7.028670310974121094e-01
6.869590282440185547e-01
6.951607465744018555e-01
6.866886615753173828e-01
6.971517205238342285e-01
6.943349838256835938e-01
6.876114606857299805e-01
6.868672370910644531e-01
6.997129321098327637e-01
6.897519230842590332e-01
6.979308128356933594e-01
7.030292153358459473e-01
6.913178563117980957e-01
6.933963298797607422e-01
7.056376934051513672e-01
6.808387041091918945e-01
6.847924590110778809e-01
6.865445375442504883e-01
6.828775405883789062e-01
6.879618167877197266e-01
6.828621625900268555e-01
6.825458407402038574e-01
7.058575749397277832e-01
6.961711645126342773e-01
6.908767819404602051e-01
6.983790993690490723e-01
6.840447783470153809e-01
6.850846409797668457e-01
6.896964311599731445e-01
6.949208378791809082e-01
6.908206343650817871e-01
6.957823038101196289e-01
6.972023248672485352e-01
6.953810453414916992e-01
7.151315212249755859e-01
6.900482177734375000e-01
6.899392008781433105e-01
6.945052742958068848e-01
6.922230720520019531e-01
6.953010559082031250e-01
6.937760710716247559e-01
6.928042173385620117e-01
6.915539503097534180e-01
6.794066429138183594e-01
6.985401511192321777e-01
6.913654804229736328e-01
6.964133381843566895e-01
7.060367465019226074e-01
7.054693698883056641e-01
6.902168393135070801e-01
6.897094249725341797e-01
6.923807859420776367e-01
7.136861085891723633e-01
6.965940594673156738e-01
6.744099259376525879e-01
6.864104866981506348e-01
7.015789747238159180e-01
6.818261146545410156e-01
6.892119646072387695e-01
6.854822635650634766e-01
6.938412189483642578e-01
6.844244003295898438e-01
6.857470870018005371e-01
7.019095420837402344e-01
6.868553161621093750e-01
6.877203583717346191e-01
7.041216492652893066e-01
6.734801530838012695e-01
6.920593976974487305e-01
6.842990517616271973e-01
6.937713027000427246e-01
6.992884278297424316e-01
6.999468803405761719e-01
7.080392837524414062e-01
6.925708055496215820e-01
6.791781187057495117e-01
6.851933002471923828e-01
6.881347894668579102e-01
6.788793802261352539e-01
6.943286657333374023e-01
6.973336935043334961e-01
6.959550976753234863e-01
6.915827989578247070e-01
7.133020758628845215e-01
6.830258369445800781e-01
6.998049020767211914e-01
6.972013115882873535e-01
6.901741027832031250e-01
6.890459656715393066e-01
6.973986625671386719e-01
6.956143975257873535e-01
6.964921355247497559e-01
6.912742257118225098e-01
6.923971772193908691e-01
6.936954855918884277e-01
6.831185817718505859e-01
6.947129368782043457e-01
6.964124441146850586e-01
6.876833438873291016e-01
7.012603878974914551e-01
6.937809586524963379e-01
7.084317803382873535e-01
6.973803639411926270e-01
7.085762619972229004e-01
6.870145201683044434e-01
7.005693912506103516e-01
6.909754872322082520e-01
6.814036965370178223e-01
6.810275912284851074e-01
6.902326345443725586e-01
6.940705776214599609e-01
6.833713054656982422e-01
7.006819844245910645e-01
6.807200312614440918e-01
6.895057559013366699e-01
6.902187466621398926e-01
7.038002014160156250e-01
6.952321529388427734e-01
6.928777694702148438e-01
6.980505585670471191e-01
6.929686069488525391e-01
7.000105977058410645e-01
6.951171755790710449e-01
6.757902503013610840e-01
6.864208579063415527e-01
6.880966424942016602e-01
7.029534578323364258e-01
6.827487349510192871e-01
6.920245289802551270e-01
6.890707015991210938e-01
6.970571875572204590e-01
6.884949207305908203e-01
6.825618147850036621e-01
6.998876929283142090e-01
6.990239024162292480e-01
6.889442801475524902e-01
6.950289607048034668e-01
7.009851932525634766e-01
6.964386701583862305e-01
6.968740224838256836e-01
6.836901903152465820e-01
6.850941777229309082e-01
6.937260627746582031e-01
6.923770904541015625e-01
6.871199607849121094e-01
6.895050406455993652e-01
6.787411570549011230e-01
6.962348222732543945e-01
6.881068944931030273e-01
6.876251697540283203e-01
6.984298229217529297e-01
6.971029639244079590e-01
7.019641399383544922e-01
6.949087381362915039e-01
6.964834332466125488e-01
7.000615596771240234e-01
6.952252984046936035e-01
6.938712596893310547e-01
6.954433321952819824e-01
7.039911746978759766e-01
7.002805471420288086e-01
7.014721035957336426e-01
6.861757040023803711e-01
6.938675642013549805e-01
6.902711987495422363e-01
6.912435293197631836e-01
6.897820830345153809e-01
6.963207721710205078e-01
6.917219161987304688e-01
6.884862184524536133e-01
6.914919614791870117e-01
7.008808851242065430e-01
6.917263269424438477e-01
6.789945363998413086e-01
6.905342340469360352e-01
6.897847056388854980e-01
6.706999540328979492e-01
6.898081302642822266e-01
6.948312520980834961e-01
6.986600160598754883e-01
6.939343214035034180e-01
6.911144852638244629e-01
6.844177842140197754e-01
6.960629224777221680e-01
6.938961744308471680e-01
6.911997199058532715e-01
6.918272972106933594e-01
6.910138130187988281e-01
6.849485635757446289e-01
6.908978819847106934e-01
7.001518011093139648e-01
6.996861696243286133e-01
6.969435214996337891e-01
7.032501101493835449e-01
7.036613225936889648e-01
6.823564767837524414e-01
6.896989345550537109e-01
6.858209371566772461e-01
6.850239634513854980e-01
6.913212537765502930e-01
6.844910979270935059e-01
7.026286125183105469e-01
6.894027590751647949e-01
6.937907338142395020e-01
6.891739368438720703e-01
7.006274461746215820e-01
6.855053901672363281e-01
6.994587182998657227e-01
6.957425475120544434e-01
6.962116360664367676e-01
6.925296187400817871e-01
6.860632896423339844e-01
7.041192054748535156e-01
6.929931640625000000e-01
6.856210827827453613e-01
6.931819319725036621e-01
6.960939168930053711e-01
7.066320180892944336e-01
6.975206136703491211e-01
6.997504234313964844e-01
6.989058852195739746e-01
6.907086968421936035e-01
6.796840429306030273e-01
6.923571228981018066e-01
6.831129193305969238e-01
6.970067024230957031e-01
6.985508799552917480e-01
6.942526102066040039e-01
6.938907504081726074e-01
6.927787661552429199e-01
6.941225528717041016e-01
6.822919845581054688e-01
6.971980929374694824e-01
6.807043552398681641e-01
6.966565847396850586e-01
7.019976377487182617e-01
6.800263524055480957e-01
6.970095634460449219e-01
6.814432144165039062e-01
6.927435994148254395e-01
6.944341659545898438e-01
6.874459385871887207e-01
7.039626836776733398e-01
6.848068833351135254e-01
6.973401308059692383e-01
6.982886195182800293e-01
7.031298279762268066e-01
6.828503608703613281e-01
6.927784681320190430e-01
6.968890428543090820e-01
6.915001273155212402e-01
6.956754326820373535e-01
6.949471831321716309e-01
6.959160566329956055e-01
6.900127530097961426e-01
6.833747029304504395e-01
7.010561823844909668e-01
6.760081052780151367e-01
6.811339259147644043e-01
6.905233860015869141e-01
6.912628412246704102e-01
7.032538056373596191e-01
6.935310363769531250e-01
6.876528263092041016e-01
6.965772509574890137e-01
6.918727755546569824e-01
7.029362916946411133e-01
6.857309937477111816e-01
7.003114223480224609e-01
6.849752068519592285e-01
7.106764316558837891e-01
6.932244896888732910e-01
6.960770487785339355e-01
6.880679130554199219e-01
6.979211568832397461e-01
6.911642551422119141e-01
6.973256468772888184e-01
7.001460194587707520e-01
6.950353980064392090e-01
6.934624910354614258e-01
6.873708963394165039e-01
6.896332502365112305e-01
6.865067481994628906e-01
6.877929568290710449e-01
6.984673738479614258e-01
6.904860734939575195e-01
6.886792182922363281e-01
6.965905427932739258e-01
6.878339052200317383e-01
6.789878606796264648e-01
6.954278349876403809e-01
6.904293298721313477e-01
6.970962882041931152e-01
6.916370391845703125e-01
6.909306645393371582e-01
6.939103603363037109e-01
6.919828057289123535e-01
6.889551281929016113e-01
6.844753026962280273e-01
6.984518766403198242e-01
6.914650201797485352e-01
6.800654530525207520e-01
6.937543749809265137e-01
6.884999871253967285e-01
6.875067353248596191e-01
6.768232583999633789e-01
6.891720294952392578e-01
6.861120462417602539e-01
6.867627501487731934e-01
6.826111674308776855e-01
6.972776651382446289e-01
6.858981847763061523e-01
6.903558969497680664e-01
6.916235685348510742e-01
6.876484751701354980e-01
7.067537307739257812e-01
7.020795345306396484e-01
6.848790645599365234e-01
7.004876732826232910e-01
7.042199969291687012e-01
7.042894363403320312e-01
7.053660750389099121e-01
7.067127227783203125e-01
6.841334700584411621e-01
7.051748633384704590e-01
6.883713006973266602e-01
6.986504197120666504e-01
6.836434602737426758e-01
6.900830268859863281e-01
6.919623613357543945e-01
6.981166601181030273e-01
6.990008354187011719e-01
6.856271028518676758e-01
6.981038451194763184e-01
7.053542733192443848e-01
6.939969062805175781e-01
6.796309351921081543e-01
6.806178689002990723e-01
7.010704874992370605e-01
6.939803361892700195e-01
6.954084038734436035e-01
6.928595900535583496e-01
6.952562332153320312e-01
6.914267539978027344e-01
6.954346299171447754e-01
7.062940001487731934e-01
6.751217842102050781e-01
6.991799473762512207e-01
6.873812079429626465e-01
6.824721097946166992e-01
6.863825917243957520e-01
6.940312981605529785e-01
6.856587529182434082e-01
6.856556534767150879e-01
6.936271190643310547e-01
6.927578449249267578e-01
6.953443288803100586e-01
7.039832472801208496e-01
7.005851268768310547e-01
6.936673521995544434e-01
6.904526948928833008e-01
6.943211555480957031e-01
6.906008720397949219e-01
7.009919285774230957e-01
6.760765314102172852e-01
6.901982426643371582e-01
6.933492422103881836e-01
6.933251619338989258e-01
6.948352456092834473e-01
6.973743438720703125e-01
7.047160863876342773e-01
6.886389851570129395e-01
7.026755213737487793e-01
7.014902234077453613e-01
6.932423710823059082e-01
7.014765739440917969e-01
6.913442015647888184e-01
6.918238401412963867e-01
7.009956240653991699e-01
6.892727613449096680e-01
6.929447054862976074e-01
6.892176270484924316e-01
6.903576254844665527e-01
6.926160454750061035e-01
6.940891742706298828e-01
6.914731264114379883e-01
6.926227807998657227e-01
7.032334208488464355e-01
6.909610033035278320e-01
6.843561530113220215e-01
6.999173164367675781e-01
6.905300617218017578e-01
6.963047385215759277e-01
6.929376721382141113e-01
6.878908872604370117e-01
7.012793421745300293e-01
6.909854412078857422e-01
6.714048385620117188e-01
6.807574033737182617e-01
6.877539157867431641e-01
6.859925985336303711e-01
6.944427490234375000e-01
6.904986500740051270e-01
7.011363506317138672e-01
6.876316070556640625e-01
6.772981882095336914e-01
6.972096562385559082e-01
6.964538693428039551e-01
6.944627165794372559e-01
7.100447416305541992e-01
6.911388635635375977e-01
6.910016536712646484e-01
6.876904964447021484e-01
6.960958838462829590e-01
7.011131048202514648e-01
6.879441738128662109e-01
6.857208609580993652e-01
6.895030140876770020e-01
6.958882808685302734e-01
6.906024217605590820e-01
6.787117719650268555e-01
6.923441886901855469e-01
6.894297599792480469e-01
6.802778840065002441e-01
6.946819424629211426e-01
6.881507039070129395e-01
6.968678832054138184e-01
6.921362876892089844e-01
6.961987018585205078e-01
6.958183646202087402e-01
7.017729282379150391e-01
6.936026811599731445e-01
6.987543702125549316e-01
6.984069943428039551e-01
6.945243477821350098e-01
6.803814172744750977e-01
6.966030597686767578e-01
6.866096854209899902e-01
6.848915815353393555e-01
6.912510395050048828e-01
6.892553567886352539e-01
6.872457265853881836e-01
6.884563565254211426e-01
6.882067322731018066e-01
7.060791850090026855e-01
6.942110061645507812e-01
6.922826766967773438e-01
6.901913881301879883e-01
6.940984725952148438e-01
6.884146928787231445e-01
6.901443600654602051e-01
6.886907219886779785e-01
6.886406540870666504e-01
6.779780983924865723e-01
6.902779340744018555e-01
6.972020864486694336e-01
6.915814876556396484e-01
6.982207894325256348e-01
6.924420595169067383e-01
6.992059946060180664e-01
7.061973810195922852e-01
7.022221684455871582e-01
6.961424946784973145e-01
6.999467015266418457e-01
6.928675770759582520e-01
6.783711910247802734e-01
6.895073056221008301e-01
6.932331323623657227e-01
6.904056072235107422e-01
6.838441491127014160e-01
6.965816617012023926e-01
6.964888572692871094e-01
6.891601085662841797e-01
6.928660869598388672e-01
6.954635381698608398e-01
6.901097297668457031e-01
6.921036243438720703e-01
6.921164989471435547e-01
6.956198215484619141e-01
6.894037127494812012e-01
7.093089222908020020e-01
6.831180453300476074e-01
6.927694678306579590e-01
6.932939887046813965e-01
7.054275274276733398e-01
6.893808245658874512e-01
7.072920799255371094e-01
6.937172412872314453e-01
7.004879117012023926e-01
7.032865881919860840e-01
6.960486173629760742e-01
6.876366138458251953e-01
6.991134285926818848e-01
6.794449090957641602e-01
7.007951736450195312e-01
6.894380450248718262e-01
6.917513608932495117e-01
6.986994743347167969e-01
6.837758421897888184e-01
6.755105853080749512e-01
7.024914622306823730e-01
7.002701759338378906e-01
7.016159892082214355e-01
6.860832571983337402e-01
6.842954158782958984e-01
6.869482398033142090e-01
6.806831955909729004e-01
6.884520053863525391e-01
6.891849637031555176e-01
6.981380581855773926e-01
6.860049962997436523e-01
6.866260766983032227e-01
6.944575905799865723e-01
6.867492794990539551e-01
6.891400814056396484e-01
6.871081590652465820e-01
6.853768825531005859e-01
6.939974427223205566e-01
7.035973072052001953e-01
6.923476457595825195e-01
6.987066268920898438e-01
6.940866708755493164e-01
6.896543502807617188e-01
6.937233209609985352e-01
6.978342533111572266e-01
6.919785141944885254e-01
6.940336823463439941e-01
6.930025219917297363e-01
6.915881633758544922e-01
6.861511468887329102e-01
6.994699239730834961e-01
6.766911745071411133e-01
6.852944493293762207e-01
6.917501688003540039e-01
6.933723688125610352e-01
6.836456060409545898e-01
7.000175118446350098e-01
6.981127262115478516e-01
6.921323537826538086e-01
6.891037821769714355e-01
6.881315708160400391e-01
6.947326064109802246e-01
6.865190863609313965e-01
6.904324889183044434e-01
6.901469826698303223e-01
7.000389099121093750e-01
6.946440935134887695e-01
6.838195323944091797e-01
6.937750577926635742e-01
6.829473972320556641e-01
6.887204647064208984e-01
6.975675225257873535e-01
6.946086883544921875e-01
7.000843882560729980e-01
6.891444325447082520e-01
6.786402463912963867e-01
6.993959546089172363e-01
6.907656788825988770e-01
6.958444118499755859e-01
6.921559572219848633e-01
6.957781314849853516e-01
7.019681930541992188e-01
6.904321908950805664e-01
7.000360488891601562e-01
6.858874559402465820e-01
6.906923055648803711e-01
6.911682486534118652e-01
6.916566491127014160e-01
6.867562532424926758e-01
7.024543285369873047e-01
6.919037699699401855e-01
6.893470883369445801e-01
6.925773620605468750e-01
6.862044334411621094e-01
7.043581008911132812e-01
6.967155933380126953e-01
7.054893374443054199e-01
6.868602037429809570e-01
7.031860351562500000e-01
7.003711462020874023e-01
6.818330883979797363e-01
6.931190490722656250e-01
6.877925992012023926e-01
6.902117729187011719e-01
6.932720541954040527e-01
6.932509541511535645e-01
6.991617679595947266e-01
6.933654546737670898e-01
6.858180761337280273e-01
6.907578110694885254e-01
6.835908889770507812e-01
6.963220834732055664e-01
6.907466053962707520e-01
6.872639060020446777e-01
6.920829415321350098e-01
6.868664622306823730e-01
6.908668279647827148e-01
6.897498369216918945e-01
6.938016414642333984e-01
6.987674236297607422e-01
6.871142983436584473e-01
6.940802931785583496e-01
6.860898733139038086e-01
6.921478509902954102e-01
7.069240808486938477e-01
6.869105696678161621e-01
6.894813179969787598e-01
6.876467466354370117e-01
6.957968473434448242e-01
7.088981866836547852e-01
6.922122240066528320e-01
6.977545022964477539e-01
6.836346387863159180e-01
6.937479972839355469e-01
6.920759081840515137e-01
6.922562122344970703e-01
6.952767372131347656e-01
6.984594464302062988e-01
6.967490315437316895e-01
6.827654242515563965e-01
6.919379830360412598e-01
6.928882598876953125e-01
6.786026954650878906e-01
6.865260004997253418e-01
6.798022985458374023e-01
6.837739944458007812e-01
6.997161507606506348e-01
6.858420372009277344e-01
7.006977796554565430e-01
7.047291994094848633e-01
6.911908388137817383e-01
7.106205821037292480e-01
7.021484971046447754e-01
6.884938478469848633e-01
6.924858689308166504e-01
7.027477025985717773e-01
6.893405914306640625e-01
6.971198320388793945e-01
6.869913339614868164e-01
6.952027082443237305e-01
6.929136514663696289e-01
6.822624802589416504e-01
6.966173648834228516e-01
6.815322637557983398e-01
7.028958201408386230e-01
6.885585784912109375e-01
6.941859722137451172e-01
6.804409623146057129e-01
6.992835402488708496e-01
6.915847063064575195e-01
7.120727896690368652e-01
6.834076046943664551e-01
6.894491910934448242e-01
6.937440037727355957e-01
6.962750554084777832e-01
6.946233510971069336e-01
6.979269385337829590e-01
6.901876926422119141e-01
6.944851875305175781e-01
6.898182630538940430e-01
6.826679706573486328e-01
6.955293416976928711e-01
6.971108913421630859e-01
6.955998539924621582e-01
6.976096630096435547e-01
6.836143136024475098e-01
6.995652914047241211e-01
6.965475678443908691e-01
6.795394420623779297e-01
7.034786939620971680e-01
6.822919249534606934e-01
6.907076835632324219e-01
6.981973052024841309e-01
6.904554367065429688e-01
6.959291696548461914e-01
6.997485160827636719e-01
6.903691291809082031e-01
6.902382969856262207e-01
7.059903144836425781e-01
6.864711046218872070e-01
6.945454478263854980e-01
6.894103288650512695e-01
6.909295916557312012e-01
6.906428933143615723e-01
6.835873126983642578e-01
6.940072774887084961e-01
7.008962035179138184e-01
6.839530467987060547e-01
6.950036287307739258e-01
6.930699944496154785e-01
6.823818087577819824e-01
6.910896897315979004e-01
6.832196712493896484e-01
6.869628429412841797e-01
7.005528807640075684e-01
6.989382505416870117e-01
6.910310387611389160e-01
7.021561264991760254e-01
7.000123262405395508e-01
6.972913742065429688e-01
6.846042275428771973e-01
6.964975595474243164e-01
6.928836703300476074e-01
6.848714947700500488e-01
6.940367221832275391e-01
6.855488419532775879e-01
6.887342929840087891e-01
6.951470375061035156e-01
6.890149116516113281e-01
7.059055566787719727e-01
6.966727972030639648e-01
6.964154243469238281e-01
6.796843409538269043e-01
6.949008703231811523e-01
6.927368640899658203e-01
7.013270258903503418e-01
6.915138363838195801e-01
7.022134065628051758e-01
6.950889229774475098e-01
6.996350288391113281e-01
6.932692527770996094e-01
6.948623061180114746e-01
6.823940873146057129e-01
6.961378455162048340e-01
6.842553019523620605e-01
6.865309476852416992e-01
7.007281780242919922e-01
7.003579139709472656e-01
6.933265328407287598e-01
6.971852183341979980e-01
6.943373680114746094e-01
6.809710264205932617e-01
6.949643492698669434e-01
6.904793977737426758e-01
6.967668533325195312e-01
6.828583478927612305e-01
6.840088963508605957e-01
6.862775087356567383e-01
6.858957409858703613e-01
6.916927099227905273e-01
7.062326669692993164e-01
6.978794932365417480e-01
6.840011477470397949e-01
6.955878734588623047e-01
6.968755722045898438e-01
6.858789324760437012e-01
6.750569343566894531e-01
6.829911470413208008e-01
6.973365545272827148e-01
6.968647837638854980e-01
6.895046830177307129e-01
6.926657557487487793e-01
7.008587718009948730e-01
6.869274377822875977e-01
6.921633481979370117e-01
7.017819881439208984e-01
6.955056190490722656e-01
7.061384916305541992e-01
6.890301108360290527e-01
6.964618563652038574e-01
6.902619004249572754e-01
6.884711980819702148e-01
7.113628387451171875e-01
7.069409489631652832e-01
6.918482184410095215e-01
6.864163875579833984e-01
6.857362389564514160e-01
6.961540579795837402e-01
6.911677122116088867e-01
6.908138990402221680e-01
6.936818361282348633e-01
6.924344301223754883e-01
6.889628171920776367e-01
6.780742406845092773e-01
6.902382373809814453e-01
6.718888282775878906e-01
6.942304968833923340e-01
6.963768005371093750e-01
6.957821249961853027e-01
6.848638057708740234e-01
6.930199265480041504e-01
6.999301910400390625e-01
6.885556578636169434e-01
6.863029003143310547e-01
7.108060121536254883e-01
6.963861584663391113e-01
6.879503130912780762e-01
6.842173337936401367e-01
6.835194826126098633e-01
6.944851875305175781e-01
6.826511621475219727e-01
6.892743110656738281e-01
6.984645128250122070e-01
6.941177845001220703e-01
6.861658692359924316e-01
6.896030306816101074e-01
6.995917558670043945e-01
6.927152872085571289e-01
7.022823095321655273e-01
6.862721443176269531e-01
6.897463798522949219e-01
6.888476610183715820e-01
7.004338502883911133e-01
6.952102184295654297e-01
6.799801588058471680e-01
6.959474682807922363e-01
6.995569467544555664e-01
6.838002204895019531e-01
6.855958104133605957e-01
6.948014497756958008e-01
6.899068951606750488e-01
7.077742815017700195e-01
6.924760937690734863e-01
6.982648968696594238e-01
6.996701359748840332e-01
6.947745680809020996e-01
6.910732984542846680e-01
6.816800236701965332e-01
6.893833875656127930e-01
6.913704872131347656e-01
6.911544203758239746e-01
6.908161044120788574e-01
6.990132927894592285e-01
6.971219778060913086e-01
6.965631246566772461e-01
6.710660457611083984e-01
6.925265192985534668e-01
6.931710839271545410e-01
6.924877166748046875e-01
6.765114068984985352e-01
6.784336566925048828e-01
6.844520568847656250e-01
7.020524144172668457e-01
6.950420141220092773e-01
6.766952276229858398e-01
6.856637001037597656e-01
6.822389364242553711e-01
6.882223486900329590e-01
6.909666061401367188e-01
6.812254190444946289e-01
6.893575191497802734e-01
6.912275552749633789e-01
6.980669498443603516e-01
7.003860473632812500e-01
7.023838758468627930e-01
6.933425068855285645e-01
6.898596286773681641e-01
6.893302202224731445e-01
6.989011764526367188e-01
6.959317326545715332e-01
6.899742484092712402e-01
6.903161406517028809e-01
6.908540129661560059e-01
7.065702080726623535e-01
6.914359331130981445e-01
7.060428857803344727e-01
6.928877830505371094e-01
6.901082396507263184e-01
6.933066248893737793e-01
6.911863684654235840e-01
7.014585733413696289e-01
6.913579702377319336e-01
6.997903585433959961e-01
6.847248077392578125e-01
7.127096056938171387e-01
6.962454319000244141e-01
6.866422295570373535e-01
6.943426132202148438e-01
6.983290314674377441e-01
6.989642977714538574e-01
6.977514624595642090e-01
6.881180405616760254e-01
6.843044161796569824e-01
6.913209557533264160e-01
6.728326082229614258e-01
6.905721426010131836e-01
6.926323175430297852e-01
6.971074342727661133e-01
6.923707127571105957e-01
6.935812830924987793e-01
6.769071817398071289e-01
6.966453790664672852e-01
6.936466693878173828e-01
6.869856119155883789e-01
6.866096854209899902e-01
6.942552328109741211e-01
6.883625388145446777e-01
6.911879777908325195e-01
6.925119757652282715e-01
6.793273687362670898e-01
6.865877509117126465e-01
6.980778574943542480e-01
6.973592042922973633e-01
6.838628649711608887e-01
6.893597841262817383e-01
6.920958161354064941e-01
6.808910369873046875e-01
6.914618015289306641e-01
7.004662156105041504e-01
7.010464668273925781e-01
6.954408288002014160e-01
7.103322744369506836e-01
6.928628683090209961e-01
6.883258819580078125e-01
6.839488148689270020e-01
6.975009441375732422e-01
6.926933526992797852e-01
6.937730312347412109e-01
6.916526556015014648e-01
7.042145133018493652e-01
7.020527124404907227e-01
6.970184445381164551e-01
6.927899122238159180e-01
7.052049636840820312e-01
6.864335536956787109e-01
6.919472813606262207e-01
6.901851892471313477e-01
7.021424770355224609e-01
7.010964751243591309e-01
6.958800554275512695e-01
6.897736787796020508e-01
6.921585798263549805e-01
6.989932060241699219e-01
6.890065670013427734e-01
6.979340314865112305e-01
6.948040723800659180e-01
6.945467591285705566e-01
6.822289824485778809e-01
6.816767454147338867e-01
7.007012367248535156e-01
6.982166767120361328e-01
6.965641975402832031e-01
6.838254928588867188e-01
6.963521242141723633e-01
6.894420981407165527e-01
6.856964826583862305e-01
6.918321847915649414e-01
6.804571151733398438e-01
7.038370966911315918e-01
7.045184969902038574e-01
6.971178054809570312e-01
7.008131742477416992e-01
7.124216556549072266e-01
6.875915527343750000e-01
6.840661764144897461e-01
6.836771965026855469e-01
6.955066919326782227e-01
6.976693272590637207e-01
6.980509161949157715e-01
6.995017528533935547e-01
7.047123908996582031e-01
6.872389912605285645e-01
6.885187029838562012e-01
6.896816492080688477e-01
6.882913708686828613e-01
6.964951753616333008e-01
6.872843503952026367e-01
6.820135116577148438e-01
6.941328048706054688e-01
6.917752027511596680e-01
7.078068256378173828e-01
6.680134534835815430e-01
6.772364974021911621e-01
6.903020143508911133e-01
6.962277889251708984e-01
6.974364519119262695e-01
6.777008771896362305e-01
6.863811016082763672e-01
6.833766698837280273e-01
6.932020187377929688e-01
6.964544653892517090e-01
6.946539282798767090e-01
6.899709701538085938e-01
6.957423686981201172e-01
6.897102594375610352e-01
6.968308091163635254e-01
6.874254345893859863e-01
6.830818653106689453e-01
6.899631023406982422e-01
6.881417632102966309e-01
6.936606764793395996e-01
6.861757040023803711e-01
6.911599040031433105e-01
7.009211182594299316e-01
6.995378732681274414e-01
7.172497510910034180e-01
6.869688034057617188e-01
6.910335421562194824e-01
6.929180622100830078e-01
7.032451033592224121e-01
7.012220025062561035e-01
6.906993985176086426e-01
6.759052872657775879e-01
6.927647590637207031e-01
7.051540613174438477e-01
6.843636631965637207e-01
6.919220685958862305e-01
6.978174448013305664e-01
6.872330307960510254e-01
6.901451945304870605e-01
6.888416409492492676e-01
7.022035121917724609e-01
6.960020661354064941e-01
6.891711950302124023e-01
6.886816024780273438e-01
6.820022463798522949e-01
6.846362948417663574e-01
6.801772117614746094e-01
6.929273605346679688e-01
7.036645412445068359e-01
6.974326968193054199e-01
6.983495950698852539e-01
7.047514915466308594e-01
7.046037912368774414e-01
6.796064376831054688e-01
6.984326839447021484e-01
6.927324533462524414e-01
6.960203051567077637e-01
6.887108087539672852e-01
6.911036372184753418e-01
6.948698759078979492e-01
6.931745409965515137e-01
6.986438632011413574e-01
6.792936921119689941e-01
6.940830349922180176e-01
6.955608725547790527e-01
6.952170729637145996e-01
6.955957412719726562e-01
6.870484352111816406e-01
7.067943811416625977e-01
7.056157588958740234e-01
6.969872117042541504e-01
6.865631341934204102e-01
6.867679357528686523e-01
6.928042173385620117e-01
6.889016628265380859e-01
6.924564838409423828e-01
6.730638146400451660e-01
6.954450607299804688e-01
6.756768822669982910e-01
6.891037225723266602e-01
6.892068386077880859e-01
6.908020973205566406e-01
6.902952790260314941e-01
6.969544291496276855e-01
6.850816607475280762e-01
7.075970172882080078e-01
6.912365555763244629e-01
6.878829002380371094e-01
6.970337629318237305e-01
6.999722719192504883e-01
6.917673945426940918e-01
6.992084383964538574e-01
6.888629198074340820e-01
6.891266107559204102e-01
6.811371445655822754e-01
6.875922083854675293e-01
6.854168772697448730e-01
6.907957196235656738e-01
6.933473348617553711e-01
6.997913122177124023e-01
6.972069740295410156e-01
7.008436918258666992e-01
7.039119005203247070e-01
6.987196207046508789e-01
6.965844631195068359e-01
6.952264904975891113e-01
6.812316179275512695e-01
6.928626298904418945e-01
6.996906995773315430e-01
7.087748050689697266e-01
6.975939273834228516e-01
6.869253516197204590e-01
6.961600184440612793e-01
6.948444843292236328e-01
6.879607439041137695e-01
6.985452175140380859e-01
6.848791837692260742e-01
6.863573789596557617e-01
6.888760924339294434e-01
6.885070204734802246e-01
6.896060109138488770e-01
6.729387640953063965e-01
6.977580785751342773e-01
6.913203597068786621e-01
7.036621570587158203e-01
6.842288970947265625e-01
6.860308647155761719e-01
6.858451962471008301e-01
6.842949390411376953e-01
6.990423202514648438e-01
6.882004141807556152e-01
6.930157542228698730e-01
6.862759590148925781e-01
6.843779683113098145e-01
6.926048994064331055e-01
7.005209922790527344e-01
6.886876225471496582e-01
6.920303702354431152e-01
6.955084800720214844e-01
6.749889850616455078e-01
6.864258646965026855e-01
7.027297616004943848e-01
6.969447135925292969e-01
6.796622872352600098e-01
6.929115056991577148e-01
6.918111443519592285e-01
6.980768442153930664e-01
7.030040025711059570e-01
6.973941326141357422e-01
7.018126845359802246e-01
6.989592313766479492e-01
6.838728189468383789e-01
6.886669397354125977e-01
6.973417401313781738e-01
6.887009739875793457e-01
6.912875175476074219e-01
6.942142248153686523e-01
6.962277889251708984e-01
6.952189207077026367e-01
6.871945858001708984e-01
6.977421045303344727e-01
7.146975994110107422e-01
6.870172023773193359e-01
7.007055282592773438e-01
6.823576092720031738e-01
6.869642734527587891e-01
6.965680718421936035e-01
6.982793807983398438e-01
6.936230659484863281e-01
6.940672397613525391e-01
6.965411901473999023e-01
6.956709623336791992e-01
6.870664954185485840e-01
6.932723522186279297e-01
6.935437917709350586e-01
6.920436620712280273e-01
6.937348842620849609e-01
6.911926865577697754e-01
6.975681781768798828e-01
6.848428249359130859e-01
6.821639537811279297e-01
7.036317586898803711e-01
6.924984455108642578e-01
7.008612751960754395e-01
6.892527341842651367e-01
6.816974878311157227e-01
6.918422579765319824e-01
6.823101043701171875e-01
6.759639382362365723e-01
6.960990428924560547e-01
6.999379396438598633e-01
6.794207096099853516e-01
6.865929365158081055e-01
6.880683302879333496e-01
6.895973086357116699e-01
6.903132796287536621e-01
6.970456838607788086e-01
6.859785318374633789e-01
6.895370483398437500e-01
6.956986784934997559e-01
6.833832263946533203e-01
6.941903829574584961e-01
6.978262662887573242e-01
7.004600763320922852e-01
6.918600201606750488e-01
6.864296197891235352e-01
6.946194171905517578e-01
6.918974518775939941e-01
6.778440475463867188e-01
6.893138289451599121e-01
6.901001930236816406e-01
7.033143639564514160e-01
6.897011399269104004e-01
6.935008764266967773e-01
6.955590844154357910e-01
6.940501928329467773e-01
6.936524510383605957e-01
6.987665891647338867e-01
6.850116848945617676e-01
6.918561458587646484e-01
6.987627744674682617e-01
6.871514320373535156e-01
6.925942897796630859e-01
6.926543712615966797e-01
6.885585784912109375e-01
6.813908219337463379e-01
7.011452317237854004e-01
6.886229515075683594e-01
6.906923651695251465e-01
6.888859272003173828e-01
6.914638280868530273e-01
6.871165037155151367e-01
6.979660391807556152e-01
6.991293430328369141e-01
6.993317604064941406e-01
6.989381909370422363e-01
6.851395368576049805e-01
6.882528662681579590e-01
6.965736150741577148e-01
6.886881589889526367e-01
6.891452670097351074e-01
6.830456256866455078e-01
6.958046555519104004e-01
7.011125087738037109e-01
7.024618387222290039e-01
6.875230073928833008e-01
6.906785964965820312e-01
6.881162524223327637e-01
6.901568770408630371e-01
6.893391609191894531e-01
6.914787292480468750e-01
6.988413929939270020e-01
6.887016892433166504e-01
6.817280650138854980e-01
6.856292486190795898e-01
6.997500658035278320e-01
6.994864344596862793e-01
6.894125938415527344e-01
6.936467885971069336e-01
6.856156587600708008e-01
6.888976693153381348e-01
6.886990070343017578e-01
6.957009434700012207e-01
6.943657398223876953e-01
6.908881068229675293e-01
7.031704783439636230e-01
6.926258802413940430e-01
6.997476816177368164e-01
6.921995282173156738e-01
6.959849596023559570e-01
6.947892308235168457e-01
6.831244230270385742e-01
6.941788196563720703e-01
6.842147111892700195e-01
6.901335716247558594e-01
6.928393840789794922e-01
6.824384331703186035e-01
6.900320649147033691e-01
6.794787645339965820e-01
6.978945732116699219e-01
6.934729814529418945e-01
6.849827170372009277e-01
6.951312422752380371e-01
6.907571554183959961e-01
6.888713240623474121e-01
6.882767677307128906e-01
7.006174921989440918e-01
6.931544542312622070e-01
7.012866139411926270e-01
6.966627240180969238e-01
6.962854862213134766e-01
6.919001936912536621e-01
6.931400895118713379e-01
6.936420798301696777e-01
6.942105293273925781e-01
6.957817673683166504e-01
6.799985766410827637e-01
6.892593502998352051e-01
7.022082209587097168e-01
6.827794909477233887e-01
6.895716190338134766e-01
6.804595589637756348e-01
6.923187971115112305e-01
7.021056413650512695e-01
7.023710608482360840e-01
6.902230978012084961e-01
7.053593397140502930e-01
6.919443011283874512e-01
6.881819963455200195e-01
6.936079263687133789e-01
6.868373751640319824e-01
6.858149170875549316e-01
7.043449282646179199e-01
6.891990303993225098e-01
6.879647970199584961e-01
6.954423189163208008e-01
6.914671659469604492e-01
6.824275255203247070e-01
7.002355456352233887e-01
6.930613517761230469e-01
7.015558481216430664e-01
6.872938871383666992e-01
6.973481774330139160e-01
6.893672943115234375e-01
6.903837919235229492e-01
6.853184103965759277e-01
6.937936544418334961e-01
6.874944567680358887e-01
6.937877535820007324e-01
6.893895864486694336e-01
7.090504169464111328e-01
6.875602006912231445e-01
6.930884122848510742e-01
6.937335133552551270e-01
6.843673586845397949e-01
6.826219558715820312e-01
6.917860507965087891e-01
6.956643462181091309e-01
6.874206066131591797e-01
7.002194523811340332e-01
6.934880614280700684e-01
6.928596496582031250e-01
6.953399777412414551e-01
6.807991862297058105e-01
7.033498883247375488e-01
6.961365342140197754e-01
6.833473443984985352e-01
6.846929192543029785e-01
6.832739114761352539e-01
6.817294955253601074e-01
6.955574750900268555e-01
6.896560788154602051e-01
6.873579621315002441e-01
6.964735984802246094e-01
6.921789050102233887e-01
6.946656107902526855e-01
6.968136429786682129e-01
6.891233921051025391e-01
6.847398281097412109e-01
6.989983320236206055e-01
7.044991254806518555e-01
6.840047240257263184e-01
6.883376240730285645e-01
6.840765476226806641e-01
6.896692514419555664e-01
6.941573023796081543e-01
6.942310929298400879e-01
6.952458620071411133e-01
7.014678120613098145e-01
6.910911798477172852e-01
6.948518157005310059e-01
6.984356641769409180e-01
6.885159611701965332e-01
6.997178196907043457e-01
7.063758969306945801e-01
6.888736486434936523e-01
6.896756887435913086e-01
6.958887577056884766e-01
6.989799141883850098e-01
6.856230497360229492e-01
6.826889514923095703e-01
6.983875632286071777e-01
6.985042095184326172e-01
6.917423605918884277e-01
7.056748867034912109e-01
6.828398704528808594e-01
6.859567165374755859e-01
6.885937452316284180e-01
6.934316158294677734e-01
6.891658306121826172e-01
6.815234422683715820e-01
7.033416628837585449e-01
6.807533502578735352e-01
6.939316391944885254e-01
6.995654106140136719e-01
7.101003527641296387e-01
6.967652440071105957e-01
6.887310147285461426e-01
7.048358321189880371e-01
6.975515484809875488e-01
6.822651624679565430e-01
6.962028145790100098e-01
6.938273310661315918e-01
6.890438795089721680e-01
6.920473575592041016e-01
6.866810917854309082e-01
6.909239292144775391e-01
7.006930112838745117e-01
6.937890648841857910e-01
6.953201889991760254e-01
6.915482282638549805e-01
6.956514716148376465e-01
6.969757080078125000e-01
6.943469643592834473e-01
6.960247755050659180e-01
6.878033876419067383e-01
6.884933710098266602e-01
6.864656805992126465e-01
6.849195957183837891e-01
6.833537817001342773e-01
6.868114471435546875e-01
6.896200180053710938e-01
6.941990852355957031e-01
6.784715056419372559e-01
6.901080608367919922e-01
6.884347796440124512e-01
6.939982771873474121e-01
6.970740556716918945e-01
6.902173757553100586e-01
6.985089778900146484e-01
6.912919282913208008e-01
6.886047720909118652e-01
7.018053531646728516e-01
6.994761228561401367e-01
7.014070749282836914e-01
6.852240562438964844e-01
7.001566290855407715e-01
6.970323920249938965e-01
6.934568881988525391e-01
6.960557699203491211e-01
6.832308769226074219e-01
6.831945776939392090e-01
7.033885121345520020e-01
7.101221680641174316e-01
6.824443936347961426e-01
6.909290552139282227e-01
6.903363466262817383e-01
7.010269165039062500e-01
6.950609087944030762e-01
7.008252143859863281e-01
6.928695440292358398e-01
6.955846548080444336e-01
6.872598528861999512e-01
7.017728090286254883e-01
6.788504123687744141e-01
6.953466534614562988e-01
6.901918649673461914e-01
6.856269240379333496e-01
6.952410936355590820e-01
6.812298893928527832e-01
6.915151476860046387e-01
7.001506090164184570e-01
6.917428374290466309e-01
6.948049664497375488e-01
6.857134103775024414e-01
6.932436227798461914e-01
6.839479804039001465e-01
7.021759748458862305e-01
7.008858919143676758e-01
6.937901377677917480e-01
6.992251873016357422e-01
6.861493587493896484e-01
6.842804551124572754e-01
6.808556318283081055e-01
6.899176239967346191e-01
6.842253208160400391e-01
7.070006728172302246e-01
6.897345185279846191e-01
7.020542621612548828e-01
6.773329377174377441e-01
6.912769675254821777e-01
6.943265199661254883e-01
6.840636134147644043e-01
6.834716200828552246e-01
6.897178888320922852e-01
6.898281574249267578e-01
6.893103718757629395e-01
6.782475709915161133e-01
6.967000961303710938e-01
6.959447860717773438e-01
6.951638460159301758e-01
6.962549090385437012e-01
6.994376182556152344e-01
6.966225504875183105e-01
7.042667865753173828e-01
6.838101148605346680e-01
6.864272952079772949e-01
6.766527891159057617e-01
6.907984614372253418e-01
6.863862276077270508e-01
6.980676054954528809e-01
6.999434232711791992e-01
6.931955218315124512e-01
6.934492588043212891e-01
6.942793726921081543e-01
6.836788058280944824e-01
6.799502372741699219e-01
6.877261400222778320e-01
6.932079792022705078e-01
6.953914165496826172e-01
7.036657333374023438e-01
6.882251501083374023e-01
7.009518146514892578e-01
7.035757899284362793e-01
7.032484412193298340e-01
7.013285160064697266e-01
6.905202865600585938e-01
6.870640516281127930e-01
6.952487826347351074e-01
6.886588335037231445e-01
6.974390149116516113e-01
6.967239975929260254e-01
6.890518665313720703e-01
6.952902078628540039e-01
6.834776997566223145e-01
6.931940317153930664e-01
6.935682892799377441e-01
6.882011294364929199e-01
6.895662546157836914e-01
6.866230964660644531e-01
6.789356470108032227e-01
6.930186748504638672e-01
6.955416202545166016e-01
6.907154321670532227e-01
6.867758631706237793e-01
6.841753125190734863e-01
6.941056251525878906e-01
6.976181268692016602e-01
6.938843727111816406e-01
7.063975930213928223e-01
6.896138787269592285e-01
6.799201965332031250e-01
7.016556859016418457e-01
7.001592516899108887e-01
6.822680830955505371e-01
6.911041140556335449e-01
6.897782087326049805e-01
6.826406717300415039e-01
6.840801239013671875e-01
6.874222159385681152e-01
6.916863918304443359e-01
6.808394193649291992e-01
7.045086026191711426e-01
6.906064748764038086e-01
6.832006573677062988e-01
6.971169710159301758e-01
6.915581822395324707e-01
6.962844729423522949e-01
6.890522241592407227e-01
6.918094754219055176e-01
7.008144855499267578e-01
6.921187639236450195e-01
6.789894700050354004e-01
6.888989806175231934e-01
6.811588406562805176e-01
7.045469284057617188e-01
6.911091804504394531e-01
6.990834474563598633e-01
6.903655529022216797e-01
6.986167430877685547e-01
6.941057443618774414e-01
6.945221424102783203e-01
6.934438347816467285e-01
6.944257020950317383e-01
6.977972984313964844e-01
6.914629936218261719e-01
6.902419924736022949e-01
7.003253102302551270e-01
6.840085983276367188e-01
6.885939836502075195e-01
6.833534240722656250e-01
6.883761882781982422e-01
6.965523958206176758e-01
6.960317492485046387e-01
6.947292685508728027e-01
6.989692449569702148e-01
6.947535276412963867e-01
6.902112364768981934e-01
6.870889663696289062e-01
6.883386373519897461e-01
6.972430944442749023e-01
6.844851970672607422e-01
6.925686597824096680e-01
6.905986070632934570e-01
6.928602457046508789e-01
6.984592080116271973e-01
6.935242414474487305e-01
6.830756664276123047e-01
6.923849582672119141e-01
6.880689263343811035e-01
6.952761411666870117e-01
6.864197254180908203e-01
6.857582330703735352e-01
6.996014714241027832e-01
6.880708336830139160e-01
7.014853954315185547e-01
6.935092806816101074e-01
6.938496232032775879e-01
6.881582140922546387e-01
6.943009495735168457e-01
6.914886236190795898e-01
6.971237063407897949e-01
6.875539422035217285e-01
6.998919248580932617e-01
7.017793059349060059e-01
7.024182677268981934e-01
6.871345043182373047e-01
6.798774003982543945e-01
6.842651963233947754e-01
7.054954767227172852e-01
6.970262527465820312e-01
6.930221915245056152e-01
6.911422610282897949e-01
7.014934420585632324e-01
6.814482212066650391e-01
6.991314888000488281e-01
6.864647269248962402e-01
6.985777616500854492e-01
7.023344039916992188e-01
6.881983876228332520e-01
6.911664605140686035e-01
6.967900991439819336e-01
6.861417889595031738e-01
6.776140332221984863e-01
6.988069415092468262e-01
6.910700798034667969e-01
6.860224008560180664e-01
6.927653551101684570e-01
7.012661695480346680e-01
6.958477497100830078e-01
6.852818727493286133e-01
6.930407285690307617e-01
7.024090290069580078e-01
6.973947286605834961e-01
6.912304759025573730e-01
6.975767016410827637e-01
6.830472946166992188e-01
6.837280392646789551e-01
6.780462265014648438e-01
6.943705081939697266e-01
6.990092992782592773e-01
6.879776120185852051e-01
6.970878839492797852e-01
6.827409267425537109e-01
6.797700524330139160e-01
6.865161657333374023e-01
6.928530335426330566e-01
6.948682069778442383e-01
6.905940771102905273e-01
6.989760994911193848e-01
6.919764876365661621e-01
6.971290707588195801e-01
6.906148195266723633e-01
6.791124939918518066e-01
6.946263909339904785e-01
7.039026618003845215e-01
6.880970001220703125e-01
6.967381238937377930e-01
6.923289299011230469e-01
6.876090764999389648e-01
6.903609633445739746e-01
6.875507831573486328e-01
6.922286152839660645e-01
6.956316232681274414e-01
6.913455724716186523e-01
6.788703203201293945e-01
6.923596262931823730e-01
6.975896358489990234e-01
6.892462968826293945e-01
6.866079568862915039e-01
6.896064877510070801e-01
7.036415338516235352e-01
6.856848001480102539e-01
7.025841474533081055e-01
6.867294907569885254e-01
7.005883455276489258e-01
6.813181638717651367e-01
6.898663043975830078e-01
7.009152770042419434e-01
6.871798634529113770e-01
6.910323500633239746e-01
6.752058267593383789e-01
6.893576979637145996e-01
6.953544616699218750e-01
6.836645603179931641e-01
7.020624876022338867e-01
6.874784827232360840e-01
6.936810612678527832e-01
6.977298259735107422e-01
6.904309988021850586e-01
6.964803934097290039e-01
6.904971599578857422e-01
6.904966831207275391e-01
6.879288554191589355e-01
6.927788257598876953e-01
6.942254304885864258e-01
6.901383996009826660e-01
6.902749538421630859e-01
6.974503993988037109e-01
6.934900283813476562e-01
7.004962563514709473e-01
6.895483136177062988e-01
6.907337307929992676e-01
6.928125619888305664e-01
7.130600214004516602e-01
6.937554478645324707e-01
6.994117498397827148e-01
6.851717233657836914e-01
6.854708790779113770e-01
6.924131512641906738e-01
6.881746053695678711e-01
6.836096048355102539e-01
6.956945061683654785e-01
6.949657201766967773e-01
6.957116127014160156e-01
6.993993520736694336e-01
6.922462582588195801e-01
6.953353881835937500e-01
7.008765339851379395e-01
6.978622674942016602e-01
6.904681921005249023e-01
6.927251815795898438e-01
6.843237280845642090e-01
6.926820874214172363e-01
6.756840348243713379e-01
6.892026662826538086e-01
6.876726746559143066e-01
6.998680830001831055e-01
6.872356534004211426e-01
6.996479630470275879e-01
6.915664076805114746e-01
6.965450048446655273e-01
6.940005421638488770e-01
6.984901428222656250e-01
6.925886869430541992e-01
6.931858658790588379e-01
6.819249987602233887e-01
7.038988471031188965e-01
6.874439716339111328e-01
6.778144836425781250e-01
6.945381164550781250e-01
6.847555637359619141e-01
6.930856108665466309e-01
6.963071823120117188e-01
6.851806640625000000e-01
6.802805662155151367e-01
6.958699226379394531e-01
6.862680912017822266e-01
7.035157680511474609e-01
6.903605461120605469e-01
6.928468942642211914e-01
6.854660511016845703e-01
6.860703229904174805e-01
6.794749498367309570e-01
7.068781852722167969e-01
6.829230785369873047e-01
6.904938817024230957e-01
6.922352910041809082e-01
6.964129209518432617e-01
6.859925985336303711e-01
6.933144927024841309e-01
6.904867291450500488e-01
6.974857449531555176e-01
7.079494595527648926e-01
6.877405643463134766e-01
6.928217411041259766e-01
6.960651278495788574e-01
6.977977156639099121e-01
6.818279027938842773e-01
6.980007290840148926e-01
6.878626942634582520e-01
7.049409151077270508e-01
6.867622733116149902e-01
6.898795366287231445e-01
6.873281002044677734e-01
6.997289657592773438e-01
6.883382797241210938e-01
6.982183456420898438e-01
6.945174932479858398e-01
7.040172815322875977e-01
7.043133378028869629e-01
7.059957385063171387e-01
6.951375603675842285e-01
6.812597513198852539e-01
7.011914849281311035e-01
6.864765882492065430e-01
6.824447512626647949e-01
6.981124281883239746e-01
6.938031315803527832e-01
6.773879528045654297e-01
6.864325404167175293e-01
6.883532404899597168e-01
6.974592208862304688e-01
6.968889236450195312e-01
6.905254125595092773e-01
6.973679065704345703e-01
6.970036029815673828e-01
6.946012973785400391e-01
6.711281538009643555e-01
7.041922211647033691e-01
6.967822909355163574e-01
7.031694054603576660e-01
6.795036196708679199e-01
6.959880590438842773e-01
7.036404013633728027e-01
6.937437653541564941e-01
7.045856714248657227e-01
6.893611550331115723e-01
6.941298246383666992e-01
6.990257501602172852e-01
6.894221901893615723e-01
6.803929209709167480e-01
6.865049600601196289e-01
6.794586181640625000e-01
6.746936440467834473e-01
6.832648515701293945e-01
6.954137086868286133e-01
6.876555681228637695e-01
6.946622133255004883e-01
6.878423690795898438e-01
6.837004423141479492e-01
6.901823878288269043e-01
6.823997497558593750e-01
6.949877738952636719e-01
6.897630691528320312e-01
6.949719190597534180e-01
6.874884366989135742e-01
6.920710802078247070e-01
6.988112330436706543e-01
