7.092955708503723145e-01
6.936523914337158203e-01
6.991772651672363281e-01
7.086949348449707031e-01
6.923279762268066406e-01
6.857620477676391602e-01
6.842373609542846680e-01
6.984650492668151855e-01
6.951936483383178711e-01
7.074475884437561035e-01
6.874305009841918945e-01
6.949794292449951172e-01
6.884852647781372070e-01
6.814358234405517578e-01
6.972550749778747559e-01
7.067191004753112793e-01
6.903262138366699219e-01
6.790334582328796387e-01
7.007999420166015625e-01
7.166525125503540039e-01
6.860444545745849609e-01
6.770537495613098145e-01
7.023313045501708984e-01
6.930076479911804199e-01
6.740294694900512695e-01
6.965911388397216797e-01
6.995778083801269531e-01
6.960689425468444824e-01
7.144608497619628906e-01
6.820079684257507324e-01
7.080861330032348633e-01
6.870199441909790039e-01
6.788597106933593750e-01
6.977249383926391602e-01
7.091575860977172852e-01
6.904332637786865234e-01
6.930445432662963867e-01
6.872982978820800781e-01
6.791087985038757324e-01
6.922702193260192871e-01
6.992084383964538574e-01
7.002432346343994141e-01
6.847195625305175781e-01
7.046781182289123535e-01
7.077563405036926270e-01
7.015666961669921875e-01
6.838763952255249023e-01
6.814413070678710938e-01
6.916159391403198242e-01
7.189859747886657715e-01
6.964299678802490234e-01
6.991577148437500000e-01
7.008481621742248535e-01
7.124209403991699219e-01
7.135506868362426758e-01
7.003780603408813477e-01
6.910322904586791992e-01
6.869571208953857422e-01
6.967123150825500488e-01
7.047765254974365234e-01
7.126458287239074707e-01
6.820032000541687012e-01
6.998233795166015625e-01
6.849195361137390137e-01
7.008413076400756836e-01
6.815816164016723633e-01
6.941984295845031738e-01
7.061556577682495117e-01
6.911948323249816895e-01
6.692443490028381348e-01
6.873019933700561523e-01
6.775344610214233398e-01
6.948754787445068359e-01
6.841719746589660645e-01
7.099100351333618164e-01
7.001850605010986328e-01
6.919586658477783203e-01
6.819955110549926758e-01
6.985864043235778809e-01
7.035804390907287598e-01
6.772075295448303223e-01
7.022945880889892578e-01
7.096666693687438965e-01
7.211671471595764160e-01
7.011313438415527344e-01
7.041249275207519531e-01
6.945010423660278320e-01
6.709947586059570312e-01
7.097865343093872070e-01
7.038398981094360352e-01
6.792770624160766602e-01
6.936340928077697754e-01
6.948875784873962402e-01
7.079799771308898926e-01
6.844528913497924805e-01
7.047250866889953613e-01
6.996195912361145020e-01
6.902585029602050781e-01
6.901698708534240723e-01
7.044586539268493652e-01
7.145048975944519043e-01
6.855515241622924805e-01
6.828092336654663086e-01
7.010349631309509277e-01
7.132304310798645020e-01
6.999589800834655762e-01
6.906206607818603516e-01
7.009475827217102051e-01
6.782199144363403320e-01
7.050420641899108887e-01
6.817002296447753906e-01
7.109563350677490234e-01
7.090272903442382812e-01
6.919497847557067871e-01
6.830380558967590332e-01
6.884297728538513184e-01
7.037273645401000977e-01
6.982014179229736328e-01
7.102828621864318848e-01
6.921839118003845215e-01
6.873890161514282227e-01
6.916545629501342773e-01
6.779416799545288086e-01
6.887657046318054199e-01
7.062085270881652832e-01
7.098420262336730957e-01
6.932569742202758789e-01
6.781662702560424805e-01
6.940242052078247070e-01
7.032020092010498047e-01
6.871975660324096680e-01
6.953996419906616211e-01
6.841557025909423828e-01
6.979160308837890625e-01
6.984148025512695312e-01
6.987216472625732422e-01
6.995613574981689453e-01
6.966838836669921875e-01
6.933819651603698730e-01
7.018412947654724121e-01
7.123457193374633789e-01
6.969584226608276367e-01
6.933954358100891113e-01
6.885198354721069336e-01
7.000011801719665527e-01
7.017465829849243164e-01
6.928891539573669434e-01
7.059158682823181152e-01
7.066566944122314453e-01
7.150366902351379395e-01
7.101166248321533203e-01
6.752023100852966309e-01
6.805787682533264160e-01
6.942524313926696777e-01
7.144538164138793945e-01
7.117894291877746582e-01
6.949728131294250488e-01
6.905758976936340332e-01
6.926936507225036621e-01
6.922958493232727051e-01
6.913133859634399414e-01
7.040399909019470215e-01
7.037644982337951660e-01
6.928827762603759766e-01
6.934132575988769531e-01
6.903045177459716797e-01
6.821589469909667969e-01
6.920334696769714355e-01
6.961674690246582031e-01
6.917103528976440430e-01
6.677862405776977539e-01
7.016922235488891602e-01
6.870052814483642578e-01
6.744500994682312012e-01
7.152380943298339844e-01
6.988061666488647461e-01
6.916871666908264160e-01
6.968493461608886719e-01
6.879234910011291504e-01
6.820271015167236328e-01
6.932343244552612305e-01
6.952562928199768066e-01
6.935834884643554688e-01
6.942867040634155273e-01
6.870499849319458008e-01
7.064722180366516113e-01
6.852582693099975586e-01
6.926522254943847656e-01
7.180506587028503418e-01
6.810607314109802246e-01
6.867438554763793945e-01
6.947386264801025391e-01
6.832466125488281250e-01
7.019165754318237305e-01
6.983782052993774414e-01
6.844255924224853516e-01
6.821280717849731445e-01
6.996247172355651855e-01
6.986083984375000000e-01
6.842147111892700195e-01
7.021274566650390625e-01
6.838980913162231445e-01
6.959953308105468750e-01
6.912618875503540039e-01
6.985420584678649902e-01
7.043285965919494629e-01
6.891942620277404785e-01
7.010205984115600586e-01
6.915711760520935059e-01
6.973749399185180664e-01
7.105017304420471191e-01
6.964227557182312012e-01
6.950573921203613281e-01
6.791945695877075195e-01
6.854523420333862305e-01
6.977981925010681152e-01
7.010171413421630859e-01
7.073577642440795898e-01
7.013128995895385742e-01
6.951082944869995117e-01
6.985602974891662598e-01
7.107376456260681152e-01
6.921286582946777344e-01
7.071909308433532715e-01
6.994425058364868164e-01
7.048745155334472656e-01
6.902316212654113770e-01
7.020017504692077637e-01
6.924489736557006836e-01
6.895908713340759277e-01
6.960508823394775391e-01
6.931545138359069824e-01
6.928456425666809082e-01
6.948827505111694336e-01
6.936931610107421875e-01
7.016027569770812988e-01
7.010260820388793945e-01
6.955049633979797363e-01
7.020432353019714355e-01
7.025064826011657715e-01
7.116342782974243164e-01
6.937494874000549316e-01
6.874204277992248535e-01
6.889187097549438477e-01
6.812001466751098633e-01
6.999825239181518555e-01
6.899913549423217773e-01
6.890596151351928711e-01
7.133253216743469238e-01
6.967910528182983398e-01
6.768041849136352539e-01
7.073297500610351562e-01
7.081791758537292480e-01
6.919530034065246582e-01
6.972478032112121582e-01
6.918577551841735840e-01
6.957113742828369141e-01
6.809020638465881348e-01
6.886270046234130859e-01
7.052817344665527344e-01
7.012364268302917480e-01
7.000670433044433594e-01
6.951567530632019043e-01
6.923691034317016602e-01
7.058426737785339355e-01
6.906313300132751465e-01
6.848481893539428711e-01
6.928535699844360352e-01
6.887278556823730469e-01
6.994174718856811523e-01
7.032355070114135742e-01
6.923733353614807129e-01
6.891145110130310059e-01
6.815102696418762207e-01
6.879494786262512207e-01
6.831328868865966797e-01
6.866964101791381836e-01
6.891461610794067383e-01
6.968805193901062012e-01
7.035983800888061523e-01
6.883546710014343262e-01
6.971564888954162598e-01
6.989561319351196289e-01
7.037228345870971680e-01
6.983596086502075195e-01
7.005932331085205078e-01
6.925460100173950195e-01
7.086576223373413086e-01
6.996719837188720703e-01
7.059609889984130859e-01
7.058184146881103516e-01
6.818097829818725586e-01
7.033666968345642090e-01
6.921355128288269043e-01
6.824265122413635254e-01
6.877546906471252441e-01
6.786672472953796387e-01
6.814022064208984375e-01
7.182579636573791504e-01
7.024119496345520020e-01
7.086690068244934082e-01
6.980416178703308105e-01
6.940552592277526855e-01
7.017195820808410645e-01
6.800868511199951172e-01
6.974344253540039062e-01
6.893856525421142578e-01
7.044039368629455566e-01
6.826082468032836914e-01
6.871054768562316895e-01
7.156489491462707520e-01
6.983760595321655273e-01
7.054169774055480957e-01
6.786053776741027832e-01
7.020544409751892090e-01
7.046512365341186523e-01
6.901513338088989258e-01
6.949977278709411621e-01
6.967890858650207520e-01
7.013885378837585449e-01
6.863960623741149902e-01
6.705593466758728027e-01
6.928585171699523926e-01
6.827735304832458496e-01
6.914389133453369141e-01
6.739631295204162598e-01
6.963215470314025879e-01
6.953535676002502441e-01
6.960036158561706543e-01
6.944519281387329102e-01
6.818422675132751465e-01
7.119710445404052734e-01
7.173494696617126465e-01
6.973787546157836914e-01
7.100186944007873535e-01
7.107268571853637695e-01
7.051470279693603516e-01
6.942725181579589844e-01
7.086650133132934570e-01
7.048519849777221680e-01
6.877995729446411133e-01
6.876621246337890625e-01
6.804180741310119629e-01
6.839400529861450195e-01
6.989601850509643555e-01
6.954580545425415039e-01
7.074201107025146484e-01
7.090695500373840332e-01
7.035064697265625000e-01
7.008935213088989258e-01
6.756184101104736328e-01
7.056174874305725098e-01
6.962288618087768555e-01
6.962222456932067871e-01
6.985750794410705566e-01
6.940748691558837891e-01
6.852685213088989258e-01
6.863427162170410156e-01
7.071672081947326660e-01
6.984621882438659668e-01
6.947029232978820801e-01
6.990113258361816406e-01
6.869129538536071777e-01
7.056789994239807129e-01
6.809637546539306641e-01
7.072302103042602539e-01
6.979956030845642090e-01
7.045572400093078613e-01
6.787775754928588867e-01
7.035206556320190430e-01
6.970586180686950684e-01
7.068887352943420410e-01
6.953114271163940430e-01
6.944550275802612305e-01
6.962941884994506836e-01
7.055812478065490723e-01
7.203801870346069336e-01
6.888294219970703125e-01
7.031322717666625977e-01
6.838734745979309082e-01
6.861088275909423828e-01
6.813557744026184082e-01
6.843616366386413574e-01
6.848247051239013672e-01
6.970513463020324707e-01
7.123835086822509766e-01
6.788914203643798828e-01
6.786140799522399902e-01
7.056500315666198730e-01
6.871200203895568848e-01
7.160362005233764648e-01
6.837984919548034668e-01
6.976037621498107910e-01
6.785085797309875488e-01
6.800234317779541016e-01
7.005527019500732422e-01
6.832900047302246094e-01
7.004480957984924316e-01
7.092106342315673828e-01
6.848022937774658203e-01
6.904206275939941406e-01
6.895995140075683594e-01
7.068088650703430176e-01
7.217845916748046875e-01
6.857283115386962891e-01
7.164236903190612793e-01
6.992748379707336426e-01
6.927754878997802734e-01
6.999620199203491211e-01
7.094093561172485352e-01
6.914266943931579590e-01
7.069664597511291504e-01
7.112149596214294434e-01
7.000333070755004883e-01
6.930867433547973633e-01
6.908031105995178223e-01
6.928886771202087402e-01
6.826192736625671387e-01
6.890986561775207520e-01
7.041685581207275391e-01
7.034488916397094727e-01
6.996453404426574707e-01
6.882154941558837891e-01
6.981478929519653320e-01
6.841845512390136719e-01
6.935617923736572266e-01
6.863595843315124512e-01
7.090883255004882812e-01
6.990904808044433594e-01
6.986819505691528320e-01
6.825582981109619141e-01
6.847693324089050293e-01
7.013870477676391602e-01
6.981008648872375488e-01
7.019666433334350586e-01
6.796749830245971680e-01
6.869521141052246094e-01
7.226154804229736328e-01
6.926791667938232422e-01
7.011831402778625488e-01
6.835556030273437500e-01
7.040065526962280273e-01
7.178242802619934082e-01
6.894211173057556152e-01
6.813716888427734375e-01
6.822365522384643555e-01
6.963653564453125000e-01
6.975912451744079590e-01
7.114227414131164551e-01
6.896343231201171875e-01
6.846746206283569336e-01
7.003718614578247070e-01
6.904968023300170898e-01
6.919981241226196289e-01
7.042226791381835938e-01
7.135291099548339844e-01
6.969860792160034180e-01
6.841535568237304688e-01
6.785936355590820312e-01
6.869987249374389648e-01
6.863927841186523438e-01
7.037004828453063965e-01
6.887370944023132324e-01
6.829194426536560059e-01
6.936432123184204102e-01
6.925343275070190430e-01
6.966121196746826172e-01
6.962626576423645020e-01
6.965725421905517578e-01
6.814451217651367188e-01
6.751241683959960938e-01
7.002516984939575195e-01
6.782471537590026855e-01
7.079098820686340332e-01
7.094107866287231445e-01
6.901713013648986816e-01
6.971293687820434570e-01
7.128501534461975098e-01
6.923657655715942383e-01
6.976355314254760742e-01
6.959627866744995117e-01
6.872630119323730469e-01
7.048397064208984375e-01
7.012411355972290039e-01
6.925621032714843750e-01
7.006949782371520996e-01
7.003823518753051758e-01
7.062810063362121582e-01
7.088137269020080566e-01
6.880700588226318359e-01
6.930423974990844727e-01
6.823452711105346680e-01
6.948060393333435059e-01
6.959847211837768555e-01
6.913791298866271973e-01
7.097504734992980957e-01
6.940734982490539551e-01
6.947129964828491211e-01
6.984885334968566895e-01
6.813898682594299316e-01
6.961559057235717773e-01
7.050727605819702148e-01
6.963144540786743164e-01
6.969253420829772949e-01
7.106201052665710449e-01
6.976243853569030762e-01
6.863500475883483887e-01
6.911615729331970215e-01
7.002997398376464844e-01
6.697251796722412109e-01
6.977426409721374512e-01
6.904699206352233887e-01
7.007021903991699219e-01
6.946672201156616211e-01
6.985489130020141602e-01
6.864589452743530273e-01
6.935551166534423828e-01
6.880980730056762695e-01
6.925515532493591309e-01
6.946827173233032227e-01
7.068959474563598633e-01
6.902242302894592285e-01
6.950154304504394531e-01
6.883278489112854004e-01
6.919258832931518555e-01
7.101560831069946289e-01
6.875190138816833496e-01
6.677055358886718750e-01
6.967776417732238770e-01
6.868516206741333008e-01
6.877827048301696777e-01
7.007582783699035645e-01
7.035425305366516113e-01
6.821665763854980469e-01
7.016470432281494141e-01
7.120314836502075195e-01
7.068130970001220703e-01
6.997404694557189941e-01
7.009196877479553223e-01
7.036126255989074707e-01
6.878759860992431641e-01
6.806015372276306152e-01
6.956228017807006836e-01
6.977211833000183105e-01
6.937533617019653320e-01
7.083687186241149902e-01
6.972547769546508789e-01
7.057744860649108887e-01
6.900496482849121094e-01
6.994425058364868164e-01
6.965529918670654297e-01
7.022070288658142090e-01
6.864550113677978516e-01
6.978660821914672852e-01
7.087317705154418945e-01
7.086210846900939941e-01
6.977440118789672852e-01
7.103927135467529297e-01
6.924657821655273438e-01
7.042115926742553711e-01
7.105957865715026855e-01
6.944846510887145996e-01
6.801513433456420898e-01
6.989581584930419922e-01
7.037992477416992188e-01
6.856955289840698242e-01
6.923282742500305176e-01
6.776019930839538574e-01
6.823258399963378906e-01
7.052912116050720215e-01
6.968034505844116211e-01
6.732760667800903320e-01
6.852494478225708008e-01
6.915137171745300293e-01
6.988257765769958496e-01
6.929791569709777832e-01
6.939970254898071289e-01
6.841115951538085938e-01
7.064381837844848633e-01
6.787199974060058594e-01
6.962729096412658691e-01
6.871174573898315430e-01
6.954979300498962402e-01
7.006028294563293457e-01
6.862443685531616211e-01
7.041521668434143066e-01
7.025246024131774902e-01
6.931130290031433105e-01
6.970359683036804199e-01
6.800364851951599121e-01
6.899710893630981445e-01
6.939792633056640625e-01
7.030243873596191406e-01
6.981984376907348633e-01
6.877930164337158203e-01
6.977618932723999023e-01
7.013106942176818848e-01
7.087407112121582031e-01
6.922652125358581543e-01
6.982160806655883789e-01
6.829439401626586914e-01
6.863077878952026367e-01
6.714950203895568848e-01
7.127371430397033691e-01
7.019146084785461426e-01
7.110638618469238281e-01
6.856114864349365234e-01
6.947885155677795410e-01
6.824454069137573242e-01
6.981937885284423828e-01
7.077345848083496094e-01
7.147229909896850586e-01
6.956483125686645508e-01
6.842511296272277832e-01
6.977083683013916016e-01
7.011725306510925293e-01
7.090797424316406250e-01
6.875461339950561523e-01
6.781376600265502930e-01
7.124909162521362305e-01
6.931894421577453613e-01
6.968259811401367188e-01
6.912051439285278320e-01
6.932386755943298340e-01
7.204149961471557617e-01
6.861196756362915039e-01
6.710743308067321777e-01
7.011948823928833008e-01
6.991311907768249512e-01
6.840924024581909180e-01
6.889780163764953613e-01
6.914573907852172852e-01
6.891102790832519531e-01
7.072885036468505859e-01
7.091636657714843750e-01
6.960806846618652344e-01
6.791771650314331055e-01
6.980535984039306641e-01
6.941224932670593262e-01
6.855948567390441895e-01
6.936899423599243164e-01
6.945673823356628418e-01
6.971920132637023926e-01
7.087203860282897949e-01
6.869696974754333496e-01
7.058725357055664062e-01
7.083244323730468750e-01
7.049413323402404785e-01
7.035607099533081055e-01
6.910198330879211426e-01
6.736965775489807129e-01
6.973036527633666992e-01
7.094359397888183594e-01
6.944559812545776367e-01
6.993115544319152832e-01
6.896823644638061523e-01
6.904457807540893555e-01
6.991938352584838867e-01
6.899865269660949707e-01
6.893774271011352539e-01
7.119845151901245117e-01
6.967453956604003906e-01
6.975655555725097656e-01
7.028540968894958496e-01
7.105025053024291992e-01
7.077209353446960449e-01
7.063567042350769043e-01
6.971952915191650391e-01
6.919735074043273926e-01
7.037892937660217285e-01
6.871840953826904297e-01
6.878685951232910156e-01
6.837576031684875488e-01
6.896440982818603516e-01
6.592797040939331055e-01
6.970965862274169922e-01
6.923130750656127930e-01
6.824148297309875488e-01
6.732010841369628906e-01
6.978039145469665527e-01
6.846190094947814941e-01
7.071420550346374512e-01
7.018927335739135742e-01
7.000814080238342285e-01
6.872647404670715332e-01
6.987674236297607422e-01
7.023987770080566406e-01
6.983380317687988281e-01
6.856896877288818359e-01
6.918410062789916992e-01
6.995204091072082520e-01
6.916068792343139648e-01
7.127479910850524902e-01
6.966139078140258789e-01
6.915879249572753906e-01
6.815086603164672852e-01
6.889745593070983887e-01
6.925571560859680176e-01
6.965935230255126953e-01
6.923485398292541504e-01
7.043524980545043945e-01
6.924402117729187012e-01
6.941298842430114746e-01
6.948760747909545898e-01
6.909082531929016113e-01
7.001835107803344727e-01
7.021536827087402344e-01
6.899463534355163574e-01
6.932473778724670410e-01
6.970078945159912109e-01
6.864538192749023438e-01
7.035550475120544434e-01
6.957038640975952148e-01
6.916446089744567871e-01
6.930643320083618164e-01
7.057460546493530273e-01
6.990633010864257812e-01
6.903817057609558105e-01
6.863036155700683594e-01
6.907243132591247559e-01
6.939341425895690918e-01
6.982502341270446777e-01
7.083188891410827637e-01
7.024487257003784180e-01
6.943040490150451660e-01
6.821841001510620117e-01
7.026152014732360840e-01
7.015172839164733887e-01
6.909061074256896973e-01
6.944271922111511230e-01
6.906207203865051270e-01
6.950871944427490234e-01
6.832556724548339844e-01
6.952784061431884766e-01
6.685657501220703125e-01
6.987672448158264160e-01
6.756180524826049805e-01
6.878581047058105469e-01
6.823945641517639160e-01
6.989285945892333984e-01
6.915221214294433594e-01
7.020291686058044434e-01
7.033053040504455566e-01
6.874215006828308105e-01
6.908363103866577148e-01
6.963632106781005859e-01
7.179236412048339844e-01
6.891806125640869141e-01
7.106615304946899414e-01
6.972551941871643066e-01
7.071226835250854492e-01
7.018794417381286621e-01
7.057592868804931641e-01
7.085686326026916504e-01
7.011444568634033203e-01
6.823538541793823242e-01
6.988886594772338867e-01
6.780181527137756348e-01
6.919475793838500977e-01
6.924518346786499023e-01
6.965339183807373047e-01
6.931157112121582031e-01
6.957219243049621582e-01
7.153863310813903809e-01
7.065535783767700195e-01
7.057630419731140137e-01
6.952052116394042969e-01
7.133318185806274414e-01
6.814112067222595215e-01
6.842124462127685547e-01
6.787962913513183594e-01
6.968788504600524902e-01
7.071496248245239258e-01
6.740539073944091797e-01
6.962558031082153320e-01
7.072334289550781250e-01
6.890489459037780762e-01
6.828221082687377930e-01
6.930249929428100586e-01
6.756142377853393555e-01
6.888480186462402344e-01
7.078651189804077148e-01
6.937561631202697754e-01
7.181205749511718750e-01
6.919416785240173340e-01
6.914852857589721680e-01
6.977310180664062500e-01
6.883395314216613770e-01
7.006172537803649902e-01
6.918695569038391113e-01
6.867991089820861816e-01
6.964952945709228516e-01
7.057201266288757324e-01
7.017229199409484863e-01
7.026761174201965332e-01
7.300721406936645508e-01
6.770916581153869629e-01
6.938155293464660645e-01
6.807560920715332031e-01
6.961656212806701660e-01
6.788920164108276367e-01
6.919639110565185547e-01
6.906052231788635254e-01
7.032484412193298340e-01
7.126141786575317383e-01
6.989188194274902344e-01
6.974690556526184082e-01
6.918504834175109863e-01
6.984148621559143066e-01
7.128332257270812988e-01
6.806875467300415039e-01
6.804410219192504883e-01
6.903547048568725586e-01
7.045449018478393555e-01
7.068170309066772461e-01
6.999553442001342773e-01
6.869658231735229492e-01
7.169005870819091797e-01
6.819205880165100098e-01
6.966013908386230469e-01
6.973636746406555176e-01
6.924246549606323242e-01
7.008967995643615723e-01
6.876046061515808105e-01
7.037996053695678711e-01
6.968855261802673340e-01
7.068080902099609375e-01
6.959301233291625977e-01
6.810141205787658691e-01
6.832131147384643555e-01
6.877371668815612793e-01
7.020416855812072754e-01
6.904280781745910645e-01
6.803735494613647461e-01
7.028576731681823730e-01
7.018535137176513672e-01
6.730090379714965820e-01
6.915022134780883789e-01
6.941909790039062500e-01
6.916106939315795898e-01
7.052413821220397949e-01
7.042706608772277832e-01
6.811971664428710938e-01
6.701394319534301758e-01
7.027270197868347168e-01
7.025330066680908203e-01
6.944110393524169922e-01
6.915338039398193359e-01
6.985903382301330566e-01
6.993186473846435547e-01
6.932256817817687988e-01
6.985843181610107422e-01
6.976082324981689453e-01
6.986349821090698242e-01
6.950754523277282715e-01
6.938734650611877441e-01
6.839573383331298828e-01
7.010231018066406250e-01
7.061528563499450684e-01
7.100197672843933105e-01
7.029164433479309082e-01
6.918051242828369141e-01
6.958700418472290039e-01
6.794798970222473145e-01
6.791098117828369141e-01
7.004166841506958008e-01
7.092601656913757324e-01
6.924141645431518555e-01
7.051725387573242188e-01
6.815633177757263184e-01
7.003892064094543457e-01
6.863958835601806641e-01
6.834934949874877930e-01
7.031238675117492676e-01
6.940625905990600586e-01
6.924232840538024902e-01
6.893033981323242188e-01
6.952990293502807617e-01
7.008346319198608398e-01
6.889768242835998535e-01
6.899000406265258789e-01
7.017515897750854492e-01
7.006098031997680664e-01
7.076158523559570312e-01
6.830245256423950195e-01
7.056239843368530273e-01
7.024353742599487305e-01
6.939297914505004883e-01
6.933478116989135742e-01
6.925821900367736816e-01
6.833505034446716309e-01
6.959835290908813477e-01
7.043141126632690430e-01
6.961962580680847168e-01
6.923967003822326660e-01
7.049940228462219238e-01
6.967325806617736816e-01
6.968565583229064941e-01
6.963181495666503906e-01
6.839997172355651855e-01
7.109022736549377441e-01
7.086179256439208984e-01
6.883848905563354492e-01
6.822391748428344727e-01
7.053989768028259277e-01
7.162731289863586426e-01
6.778833270072937012e-01
7.165425419807434082e-01
6.969000101089477539e-01
6.747134327888488770e-01
6.953202486038208008e-01
6.917786002159118652e-01
6.740907430648803711e-01
6.930174827575683594e-01
6.923475265502929688e-01
6.979936361312866211e-01
7.026441097259521484e-01
6.983564496040344238e-01
6.903405785560607910e-01
7.023231387138366699e-01
6.941805481910705566e-01
6.825783252716064453e-01
6.877409815788269043e-01
7.029936909675598145e-01
6.857014298439025879e-01
6.943898797035217285e-01
7.055479884147644043e-01
6.875338554382324219e-01
6.910151839256286621e-01
7.150920033454895020e-01
6.935929656028747559e-01
6.945640444755554199e-01
6.834743618965148926e-01
7.108519077301025391e-01
7.130130529403686523e-01
6.936803460121154785e-01
6.874551177024841309e-01
7.086104750633239746e-01
6.984372138977050781e-01
6.893740892410278320e-01
7.109035849571228027e-01
6.792835593223571777e-01
6.847897171974182129e-01
7.034554481506347656e-01
6.825302839279174805e-01
6.657038927078247070e-01
6.999843716621398926e-01
6.884576678276062012e-01
6.969799399375915527e-01
6.841633319854736328e-01
7.094547748565673828e-01
6.942752599716186523e-01
6.893746256828308105e-01
6.808487772941589355e-01
6.992868781089782715e-01
7.037792205810546875e-01
6.844988465309143066e-01
6.977025866508483887e-01
7.025461792945861816e-01
6.867819428443908691e-01
6.866828799247741699e-01
7.148188948631286621e-01
6.843837499618530273e-01
7.031151056289672852e-01
7.100297212600708008e-01
6.886965036392211914e-01
6.859734058380126953e-01
6.910825967788696289e-01
6.853109002113342285e-01
7.085463404655456543e-01
6.822650432586669922e-01
7.137155532836914062e-01
7.081416249275207520e-01
7.013723850250244141e-01
6.914413571357727051e-01
6.856901049613952637e-01
6.944871544837951660e-01
6.754050850868225098e-01
7.068581581115722656e-01
6.985709667205810547e-01
6.930280327796936035e-01
6.972601413726806641e-01
7.066721916198730469e-01
6.934716701507568359e-01
6.931341290473937988e-01
6.872242093086242676e-01
7.003691196441650391e-01
7.054501771926879883e-01
6.945278048515319824e-01
6.840636134147644043e-01
7.006711363792419434e-01
6.746023893356323242e-01
6.946474909782409668e-01
6.927189826965332031e-01
7.062321901321411133e-01
6.938463449478149414e-01
6.974080204963684082e-01
6.908721327781677246e-01
6.891740560531616211e-01
6.932618021965026855e-01
6.891514062881469727e-01
6.943988800048828125e-01
7.083324790000915527e-01
6.937505006790161133e-01
7.060793638229370117e-01
6.929553151130676270e-01
7.073443531990051270e-01
7.088277339935302734e-01
7.113037109375000000e-01
7.036569118499755859e-01
6.980410218238830566e-01
6.813941597938537598e-01
7.007961273193359375e-01
7.023609280586242676e-01
7.080744504928588867e-01
6.899024844169616699e-01
6.886084079742431641e-01
6.838139295578002930e-01
6.785908937454223633e-01
6.880058050155639648e-01
6.943558454513549805e-01
6.876467466354370117e-01
6.952067017555236816e-01
6.893360018730163574e-01
6.896556019783020020e-01
6.858691573143005371e-01
7.017051577568054199e-01
6.998894214630126953e-01
6.837695837020874023e-01
6.814869642257690430e-01
6.932914257049560547e-01
7.091419100761413574e-01
6.818747520446777344e-01
7.003465294837951660e-01
6.950799226760864258e-01
7.012311220169067383e-01
7.003666758537292480e-01
6.911045908927917480e-01
6.900597810745239258e-01
6.987134218215942383e-01
6.863189935684204102e-01
7.070369124412536621e-01
7.055888772010803223e-01
6.877999305725097656e-01
6.804027557373046875e-01
6.998925209045410156e-01
6.911664009094238281e-01
6.932018399238586426e-01
6.966117620468139648e-01
6.871190071105957031e-01
6.904479861259460449e-01
7.123169898986816406e-01
6.908217668533325195e-01
7.108910679817199707e-01
6.959058642387390137e-01
7.017484903335571289e-01
6.862550377845764160e-01
6.995922923088073730e-01
7.165603637695312500e-01
6.834772825241088867e-01
6.924024820327758789e-01
6.895157098770141602e-01
7.000201344490051270e-01
7.013468742370605469e-01
7.034121155738830566e-01
6.933059096336364746e-01
6.906201243400573730e-01
6.866801977157592773e-01
7.002730965614318848e-01
6.890853643417358398e-01
6.951378583908081055e-01
6.938541531562805176e-01
6.982539892196655273e-01
7.061761617660522461e-01
7.025768160820007324e-01
6.875877380371093750e-01
6.828390359878540039e-01
7.078413963317871094e-01
6.847760677337646484e-01
7.072471380233764648e-01
6.939708590507507324e-01
6.839796304702758789e-01
6.849292516708374023e-01
6.893903017044067383e-01
6.839419603347778320e-01
7.105487585067749023e-01
6.954879760742187500e-01
6.873332262039184570e-01
6.950525045394897461e-01
6.875452399253845215e-01
6.888454556465148926e-01
7.052412033081054688e-01
7.017613053321838379e-01
6.867512464523315430e-01
7.082848548889160156e-01
6.850287318229675293e-01
6.946865916252136230e-01
7.001401185989379883e-01
6.959315538406372070e-01
7.016388773918151855e-01
6.882431507110595703e-01
6.928653120994567871e-01
7.063818573951721191e-01
7.059648036956787109e-01
6.887415051460266113e-01
7.002594470977783203e-01
6.872882246971130371e-01
6.920856833457946777e-01
7.092556357383728027e-01
7.069202065467834473e-01
6.917355656623840332e-01
7.000015974044799805e-01
6.927009820938110352e-01
6.967740654945373535e-01
6.969674825668334961e-01
6.977770328521728516e-01
6.982372999191284180e-01
6.971486806869506836e-01
6.916189193725585938e-01
6.852490305900573730e-01
6.929611563682556152e-01
6.974185705184936523e-01
6.774188280105590820e-01
6.809703111648559570e-01
6.849992275238037109e-01
6.944075822830200195e-01
6.934472918510437012e-01
6.957486271858215332e-01
6.976292133331298828e-01
6.953222751617431641e-01
7.064406871795654297e-01
6.907204389572143555e-01
6.941481828689575195e-01
7.005630731582641602e-01
7.000786662101745605e-01
6.954668164253234863e-01
7.076653838157653809e-01
6.959483623504638672e-01
6.834921836853027344e-01
6.968101263046264648e-01
6.939422488212585449e-01
6.806191205978393555e-01
6.916463375091552734e-01
6.927499771118164062e-01
6.758358478546142578e-01
7.026695609092712402e-01
7.150643467903137207e-01
6.936569809913635254e-01
6.926580071449279785e-01
6.854559183120727539e-01
6.913143992424011230e-01
7.163717746734619141e-01
7.165063023567199707e-01
6.912511587142944336e-01
6.812462210655212402e-01
6.824781894683837891e-01
6.742453575134277344e-01
7.198281288146972656e-01
6.966882944107055664e-01
6.845558285713195801e-01
6.893131136894226074e-01
7.119438052177429199e-01
7.093089222908020020e-01
6.796844601631164551e-01
7.016081809997558594e-01
6.922338008880615234e-01
6.907591223716735840e-01
7.046791315078735352e-01
7.010397315025329590e-01
6.756669282913208008e-01
7.201581001281738281e-01
7.074912190437316895e-01
7.032388448715209961e-01
6.948447823524475098e-01
6.760166287422180176e-01
6.830359697341918945e-01
6.850965023040771484e-01
6.785536408424377441e-01
6.848799586296081543e-01
6.998533606529235840e-01
7.072851657867431641e-01
6.982557177543640137e-01
6.987451910972595215e-01
6.903707981109619141e-01
6.985563039779663086e-01
6.971876621246337891e-01
7.001838088035583496e-01
7.009114027023315430e-01
7.123248577117919922e-01
6.806695461273193359e-01
7.053525447845458984e-01
7.071651220321655273e-01
6.888359785079956055e-01
6.883914470672607422e-01
6.950895190238952637e-01
6.947094798088073730e-01
6.843832135200500488e-01
6.946475505828857422e-01
6.853612661361694336e-01
6.921117305755615234e-01
7.117401957511901855e-01
6.718779802322387695e-01
6.856645941734313965e-01
7.006339430809020996e-01
6.996819972991943359e-01
7.006550431251525879e-01
6.958932280540466309e-01
7.080398797988891602e-01
6.836620569229125977e-01
7.165983319282531738e-01
6.944808959960937500e-01
6.947589516639709473e-01
6.858180165290832520e-01
6.980401873588562012e-01
6.868237257003784180e-01
6.921604871749877930e-01
6.833866834640502930e-01
6.838846802711486816e-01
7.048450708389282227e-01
6.894831061363220215e-01
6.965517997741699219e-01
6.775538921356201172e-01
7.071379423141479492e-01
6.899068355560302734e-01
6.948887109756469727e-01
7.109910249710083008e-01
6.903920173645019531e-01
6.900055408477783203e-01
6.940869092941284180e-01
6.924501657485961914e-01
6.957415342330932617e-01
6.934173107147216797e-01
7.094020843505859375e-01
6.865560412406921387e-01
7.012425661087036133e-01
6.897920370101928711e-01
6.998205184936523438e-01
7.103814482688903809e-01
6.951476931571960449e-01
7.024797797203063965e-01
7.054092884063720703e-01
6.996259689331054688e-01
6.885524392127990723e-01
6.785519719123840332e-01
7.111252546310424805e-01
6.927604079246520996e-01
6.994634866714477539e-01
7.037477493286132812e-01
6.882843971252441406e-01
6.863547563552856445e-01
6.976153254508972168e-01
6.971442699432373047e-01
6.710231900215148926e-01
6.939830780029296875e-01
7.120452523231506348e-01
6.905187368392944336e-01
6.950671672821044922e-01
6.910956501960754395e-01
6.830019354820251465e-01
6.884437203407287598e-01
7.001340985298156738e-01
6.948455572128295898e-01
6.936779022216796875e-01
7.058005928993225098e-01
7.022671699523925781e-01
7.101559042930603027e-01
6.947286128997802734e-01
6.900501251220703125e-01
6.748499274253845215e-01
6.947068572044372559e-01
6.931096315383911133e-01
6.968805789947509766e-01
6.836192011833190918e-01
6.852524280548095703e-01
7.025856971740722656e-01
6.831484436988830566e-01
6.771772503852844238e-01
6.975157856941223145e-01
6.901305317878723145e-01
6.972130537033081055e-01
6.912094354629516602e-01
6.955386996269226074e-01
6.919306516647338867e-01
6.931908726692199707e-01
7.002710103988647461e-01
7.068812251091003418e-01
6.936852335929870605e-01
7.175208926200866699e-01
7.061728239059448242e-01
7.044403553009033203e-01
7.020596265792846680e-01
7.014221549034118652e-01
6.954914331436157227e-01
6.941831111907958984e-01
6.746168136596679688e-01
6.890243291854858398e-01
7.031753063201904297e-01
6.935450434684753418e-01
6.916167736053466797e-01
6.994871497154235840e-01
6.856072545051574707e-01
6.904766559600830078e-01
6.904324293136596680e-01
6.794106960296630859e-01
6.848742365837097168e-01
6.814181208610534668e-01
6.750493645668029785e-01
6.941202878952026367e-01
6.819291114807128906e-01
6.960685849189758301e-01
6.791868209838867188e-01
6.925663948059082031e-01
7.216526865959167480e-01
6.905756592750549316e-01
6.998060941696166992e-01
7.102128267288208008e-01
7.081345915794372559e-01
6.838781237602233887e-01
7.038536071777343750e-01
6.918606162071228027e-01
7.036056518554687500e-01
7.021118402481079102e-01
6.901634931564331055e-01
7.042120695114135742e-01
7.016108632087707520e-01
6.913962364196777344e-01
6.925926804542541504e-01
6.901874542236328125e-01
7.033677697181701660e-01
6.891723871231079102e-01
6.901350021362304688e-01
7.096883654594421387e-01
6.843100190162658691e-01
7.134295105934143066e-01
7.133223414421081543e-01
6.837972998619079590e-01
6.966832876205444336e-01
6.774224638938903809e-01
7.022395730018615723e-01
7.047844529151916504e-01
7.055320739746093750e-01
6.832025051116943359e-01
6.794620156288146973e-01
6.969069242477416992e-01
7.050954699516296387e-01
7.117918729782104492e-01
7.102759480476379395e-01
7.120196819305419922e-01
6.993669271469116211e-01
7.006350159645080566e-01
7.010127305984497070e-01
7.005864977836608887e-01
7.044678926467895508e-01
7.099717855453491211e-01
6.886079311370849609e-01
6.780587434768676758e-01
6.855370998382568359e-01
6.998078227043151855e-01
7.121026515960693359e-01
6.990271806716918945e-01
6.749953627586364746e-01
7.081471085548400879e-01
6.817262172698974609e-01
6.773492097854614258e-01
6.909016370773315430e-01
6.853284239768981934e-01
6.780815124511718750e-01
6.904033422470092773e-01
7.056846618652343750e-01
6.863948106765747070e-01
6.954599618911743164e-01
6.899343729019165039e-01
6.794154047966003418e-01
6.916520595550537109e-01
6.982256174087524414e-01
6.914742588996887207e-01
6.967514157295227051e-01
6.907826066017150879e-01
6.979914903640747070e-01
6.888576745986938477e-01
6.802868247032165527e-01
7.002952694892883301e-01
6.983324289321899414e-01
6.838532090187072754e-01
6.962754130363464355e-01
6.743690371513366699e-01
7.025210857391357422e-01
7.146334052085876465e-01
6.911309361457824707e-01
6.984869837760925293e-01
6.962900757789611816e-01
7.170829772949218750e-01
6.885895133018493652e-01
7.008521556854248047e-01
6.889807581901550293e-01
6.779961585998535156e-01
6.793396472930908203e-01
7.030051350593566895e-01
6.968814134597778320e-01
7.056136131286621094e-01
6.811086535453796387e-01
6.988836526870727539e-01
6.931828856468200684e-01
7.012228369712829590e-01
7.091256976127624512e-01
7.115096449851989746e-01
6.892970204353332520e-01
6.990320086479187012e-01
6.767070889472961426e-01
6.930799484252929688e-01
6.870198845863342285e-01
6.879962682723999023e-01
7.012542486190795898e-01
6.804323196411132812e-01
6.823177337646484375e-01
6.793471574783325195e-01
6.891281008720397949e-01
6.969197988510131836e-01
7.076269984245300293e-01
7.279500961303710938e-01
6.946468949317932129e-01
7.013354301452636719e-01
6.731663346290588379e-01
6.761037111282348633e-01
6.898871660232543945e-01
7.083445191383361816e-01
7.007007002830505371e-01
7.066124081611633301e-01
6.917502880096435547e-01
6.990078091621398926e-01
7.008173465728759766e-01
7.062615752220153809e-01
6.898425221443176270e-01
6.845081448554992676e-01
7.052907943725585938e-01
6.993011832237243652e-01
6.984316706657409668e-01
6.931111216545104980e-01
6.861623525619506836e-01
6.875268220901489258e-01
6.967803835868835449e-01
6.786008477210998535e-01
7.079449295997619629e-01
6.901693344116210938e-01
7.116749882698059082e-01
6.860544681549072266e-01
6.896036863327026367e-01
7.110202312469482422e-01
7.071936726570129395e-01
6.981461644172668457e-01
6.889803409576416016e-01
6.934354901313781738e-01
6.942886710166931152e-01
7.035127282142639160e-01
6.803102493286132812e-01
6.993420124053955078e-01
6.836988925933837891e-01
6.866974234580993652e-01
6.984654068946838379e-01
7.063059806823730469e-01
6.985022425651550293e-01
7.034600973129272461e-01
6.966328024864196777e-01
6.969584226608276367e-01
6.911194324493408203e-01
6.886619329452514648e-01
7.109934687614440918e-01
6.873334646224975586e-01
6.951593756675720215e-01
6.935076117515563965e-01
6.923016905784606934e-01
6.969952583312988281e-01
6.996884942054748535e-01
7.076863646507263184e-01
6.901626586914062500e-01
7.030070424079895020e-01
6.784563064575195312e-01
6.927259564399719238e-01
7.118660211563110352e-01
6.804131269454956055e-01
6.966248154640197754e-01
6.911207437515258789e-01
7.054978013038635254e-01
7.026698589324951172e-01
6.935518980026245117e-01
6.998567581176757812e-01
6.972584724426269531e-01
6.877245903015136719e-01
6.907445192337036133e-01
7.057940959930419922e-01
6.813454627990722656e-01
7.045380473136901855e-01
6.938747763633728027e-01
6.996526718139648438e-01
7.029420137405395508e-01
6.924484968185424805e-01
7.048208713531494141e-01
6.739203333854675293e-01
6.885061264038085938e-01
6.944132447242736816e-01
6.831903457641601562e-01
7.044256925582885742e-01
6.920469999313354492e-01
6.813130974769592285e-01
6.959985494613647461e-01
7.033890485763549805e-01
6.840839385986328125e-01
7.025625109672546387e-01
6.965537071228027344e-01
6.911451816558837891e-01
7.008916735649108887e-01
6.879202127456665039e-01
6.839448809623718262e-01
6.822763681411743164e-01
6.783558130264282227e-01
6.955647468566894531e-01
6.923745274543762207e-01
7.024163603782653809e-01
6.951892375946044922e-01
6.806620955467224121e-01
6.915244460105895996e-01
6.978764533996582031e-01
6.970739364624023438e-01
6.883389353752136230e-01
6.817823648452758789e-01
6.893404126167297363e-01
7.005679607391357422e-01
7.052252292633056641e-01
7.120549678802490234e-01
6.963359117507934570e-01
6.985079050064086914e-01
6.961629986763000488e-01
6.971754431724548340e-01
7.001684904098510742e-01
7.051453590393066406e-01
6.968891024589538574e-01
7.057773470878601074e-01
6.762287616729736328e-01
6.938201189041137695e-01
6.925129294395446777e-01
6.833471059799194336e-01
6.964841485023498535e-01
6.944198608398437500e-01
6.931859254837036133e-01
6.933766603469848633e-01
6.927351951599121094e-01
6.980530023574829102e-01
7.059996724128723145e-01
7.123817801475524902e-01
6.991190910339355469e-01
6.928388476371765137e-01
6.920562982559204102e-01
7.051172256469726562e-01
6.965186595916748047e-01
7.077016830444335938e-01
6.808118224143981934e-01
7.031650543212890625e-01
6.935172080993652344e-01
6.998162269592285156e-01
6.923335790634155273e-01
6.886481642723083496e-01
6.759811639785766602e-01
7.080379724502563477e-01
6.993653178215026855e-01
6.920208334922790527e-01
6.913951039314270020e-01
6.757172346115112305e-01
6.884688735008239746e-01
7.004561424255371094e-01
6.901016235351562500e-01
7.029572725296020508e-01
7.000489234924316406e-01
7.022836208343505859e-01
7.119125127792358398e-01
6.810200214385986328e-01
6.672123670578002930e-01
7.071961760520935059e-01
7.058637142181396484e-01
6.790192127227783203e-01
7.135420441627502441e-01
6.952365040779113770e-01
6.901433467864990234e-01
7.046785354614257812e-01
6.849235892295837402e-01
6.988794207572937012e-01
6.906331181526184082e-01
6.926946043968200684e-01
7.049807906150817871e-01
6.991690993309020996e-01
6.922325491905212402e-01
6.942805647850036621e-01
7.040691375732421875e-01
6.861832141876220703e-01
7.122068405151367188e-01
7.087596654891967773e-01
7.060004472732543945e-01
6.902906894683837891e-01
6.943170428276062012e-01
6.989654898643493652e-01
6.988910436630249023e-01
6.947035789489746094e-01
6.968472599983215332e-01
6.901146769523620605e-01
6.881372332572937012e-01
6.851814985275268555e-01
7.039510011672973633e-01
6.990388035774230957e-01
6.891776323318481445e-01
6.922650933265686035e-01
6.866357922554016113e-01
6.914266347885131836e-01
6.958081126213073730e-01
6.988848447799682617e-01
6.944003105163574219e-01
6.947060823440551758e-01
6.863936781883239746e-01
6.940511465072631836e-01
6.976559162139892578e-01
6.880245208740234375e-01
6.820770502090454102e-01
6.841685771942138672e-01
7.028173208236694336e-01
6.982908248901367188e-01
6.862437725067138672e-01
6.943239569664001465e-01
6.872804164886474609e-01
6.866425275802612305e-01
6.967880129814147949e-01
7.023241519927978516e-01
6.912198066711425781e-01
7.030532956123352051e-01
6.950963139533996582e-01
6.964443922042846680e-01
7.050921916961669922e-01
7.057849764823913574e-01
7.002980113029479980e-01
6.896333098411560059e-01
6.967096328735351562e-01
7.137644886970520020e-01
6.916790604591369629e-01
6.926140785217285156e-01
7.019909620285034180e-01
6.822239756584167480e-01
6.822107434272766113e-01
6.964233517646789551e-01
7.027629017829895020e-01
6.878027915954589844e-01
6.959984898567199707e-01
7.045829296112060547e-01
6.819748878479003906e-01
6.951955556869506836e-01
6.922813057899475098e-01
6.945432424545288086e-01
6.933514475822448730e-01
6.888430714607238770e-01
6.840317249298095703e-01
6.922525167465209961e-01
7.047249078750610352e-01
6.867527961730957031e-01
6.882900595664978027e-01
7.098364233970642090e-01
7.081561088562011719e-01
6.925821900367736816e-01
6.943037509918212891e-01
7.039012312889099121e-01
6.893937587738037109e-01
6.873937845230102539e-01
6.963809728622436523e-01
7.034538984298706055e-01
7.054191827774047852e-01
6.837981939315795898e-01
7.025738954544067383e-01
6.932799220085144043e-01
6.962649226188659668e-01
6.900571584701538086e-01
6.988672614097595215e-01
6.792901158332824707e-01
6.969304084777832031e-01
6.924707293510437012e-01
6.927805542945861816e-01
6.868144869804382324e-01
6.818866133689880371e-01
7.081850767135620117e-01
6.999454498291015625e-01
7.048385739326477051e-01
6.789392828941345215e-01
6.773514151573181152e-01
7.074008584022521973e-01
6.821024417877197266e-01
6.846528053283691406e-01
6.986064910888671875e-01
6.944191455841064453e-01
7.064341902732849121e-01
6.919676065444946289e-01
6.826155185699462891e-01
6.908175945281982422e-01
6.995227336883544922e-01
7.115712761878967285e-01
7.039760351181030273e-01
7.008913755416870117e-01
6.968575119972229004e-01
6.709990501403808594e-01
7.061843872070312500e-01
6.916623115539550781e-01
6.928417682647705078e-01
6.931810975074768066e-01
7.107188701629638672e-01
6.931141018867492676e-01
6.869948506355285645e-01
7.124206423759460449e-01
6.913540363311767578e-01
6.915092468261718750e-01
6.944139003753662109e-01
7.114152908325195312e-01
6.910377144813537598e-01
6.805117726325988770e-01
6.940922141075134277e-01
6.965856552124023438e-01
6.993386149406433105e-01
6.977618932723999023e-01
7.019350528717041016e-01
7.020679116249084473e-01
6.895135641098022461e-01
6.994677782058715820e-01
7.034953236579895020e-01
6.931464672088623047e-01
6.909815073013305664e-01
6.866245865821838379e-01
6.943658590316772461e-01
6.817131042480468750e-01
6.850746870040893555e-01
6.881921291351318359e-01
6.988127231597900391e-01
6.999332904815673828e-01
6.919163465499877930e-01
7.000321149826049805e-01
7.102015018463134766e-01
6.752389073371887207e-01
6.952319741249084473e-01
6.673883795738220215e-01
