6.864557266235351562e-01
6.938984990119934082e-01
6.952865123748779297e-01
6.987940073013305664e-01
6.877809762954711914e-01
6.973097920417785645e-01
6.994984149932861328e-01
7.008658647537231445e-01
6.984989643096923828e-01
6.941895484924316406e-01
6.898799538612365723e-01
6.927735805511474609e-01
6.950466632843017578e-01
6.928731203079223633e-01
6.910076737403869629e-01
6.956665515899658203e-01
6.935420036315917969e-01
6.825077533721923828e-01
6.884524822235107422e-01
6.942919492721557617e-01
7.006201148033142090e-01
6.916521787643432617e-01
6.920864582061767578e-01
6.936300992965698242e-01
6.880226731300354004e-01
6.947659254074096680e-01
6.930869817733764648e-01
6.871263980865478516e-01
6.986870169639587402e-01
6.911762952804565430e-01
6.830911636352539062e-01
6.918491721153259277e-01
6.935610175132751465e-01
6.839206218719482422e-01
6.945370435714721680e-01
6.900132894515991211e-01
6.906659007072448730e-01
6.857066154479980469e-01
6.984524130821228027e-01
6.921547651290893555e-01
6.940366029739379883e-01
6.896173357963562012e-01
7.015450000762939453e-01
7.001683115959167480e-01
6.938631534576416016e-01
6.963167190551757812e-01
6.983432173728942871e-01
6.888742446899414062e-01
6.915452480316162109e-01
6.909499764442443848e-01
6.919844150543212891e-01
6.978900432586669922e-01
7.018224000930786133e-01
6.912053823471069336e-01
6.934083104133605957e-01
7.013885974884033203e-01
6.824878454208374023e-01
6.906937360763549805e-01
6.885250210762023926e-01
6.932749748229980469e-01
6.919380426406860352e-01
7.087642550468444824e-01
6.866351366043090820e-01
6.951251029968261719e-01
7.004659175872802734e-01
7.002694606781005859e-01
6.894074678421020508e-01
6.899537444114685059e-01
6.951609849929809570e-01
6.897267699241638184e-01
6.932846307754516602e-01
6.905040144920349121e-01
6.917475461959838867e-01
6.838572621345520020e-01
6.872267127037048340e-01
6.945134997367858887e-01
6.894454956054687500e-01
6.896792650222778320e-01
6.942673325538635254e-01
6.901966333389282227e-01
6.921947002410888672e-01
6.952475309371948242e-01
6.951172351837158203e-01
6.898051500320434570e-01
6.917781233787536621e-01
6.956154704093933105e-01
6.954245567321777344e-01
6.926188468933105469e-01
6.917748451232910156e-01
6.966384053230285645e-01
6.869484186172485352e-01
6.838973760604858398e-01
6.936303377151489258e-01
7.000388503074645996e-01
6.934331655502319336e-01
6.994178891181945801e-01
6.979557871818542480e-01
6.855425834655761719e-01
6.977735757827758789e-01
6.888589859008789062e-01
6.916482448577880859e-01
6.890032291412353516e-01
6.972752213478088379e-01
6.888208389282226562e-01
6.954899430274963379e-01
7.106722593307495117e-01
6.954722404479980469e-01
6.945116519927978516e-01
6.859896183013916016e-01
6.864408254623413086e-01
6.940065622329711914e-01
6.929308772087097168e-01
6.919728517532348633e-01
7.001117467880249023e-01
6.904869675636291504e-01
7.001752853393554688e-01
6.865049600601196289e-01
6.944105029106140137e-01
6.983217000961303711e-01
6.895056366920471191e-01
6.756559610366821289e-01
6.881046295166015625e-01
6.927403211593627930e-01
6.970515251159667969e-01
6.905397176742553711e-01
7.093379497528076172e-01
7.014073133468627930e-01
6.909904479980468750e-01
6.929168105125427246e-01
6.917479038238525391e-01
6.939866542816162109e-01
7.021423578262329102e-01
6.948921084403991699e-01
6.952240467071533203e-01
7.001491189002990723e-01
6.882371306419372559e-01
7.089528441429138184e-01
7.006924152374267578e-01
6.878283619880676270e-01
6.921651363372802734e-01
6.876441836357116699e-01
6.865559816360473633e-01
6.873286366462707520e-01
6.934117078781127930e-01
6.899656057357788086e-01
6.961367726325988770e-01
7.007368206977844238e-01
6.996678709983825684e-01
6.867306232452392578e-01
6.902523636817932129e-01
6.919151544570922852e-01
6.806991100311279297e-01
6.917559504508972168e-01
6.843160986900329590e-01
7.044157981872558594e-01
6.949521899223327637e-01
6.958617568016052246e-01
6.844256520271301270e-01
6.993438005447387695e-01
6.938371062278747559e-01
7.013590335845947266e-01
6.929462552070617676e-01
6.929853558540344238e-01
6.891428232192993164e-01
6.818645596504211426e-01
6.876950263977050781e-01
6.872462630271911621e-01
6.858793497085571289e-01
6.999337673187255859e-01
6.888594031333923340e-01
7.061057090759277344e-01
6.933336257934570312e-01
6.923136115074157715e-01
6.971231698989868164e-01
6.940294504165649414e-01
6.963394880294799805e-01
6.882357001304626465e-01
6.858423352241516113e-01
6.985685229301452637e-01
6.944742202758789062e-01
7.074724435806274414e-01
6.895223259925842285e-01
7.002313137054443359e-01
6.858026981353759766e-01
6.924269199371337891e-01
6.914266347885131836e-01
6.955045461654663086e-01
6.949315071105957031e-01
6.888300180435180664e-01
6.920655965805053711e-01
6.932904720306396484e-01
6.987273693084716797e-01
6.892761588096618652e-01
6.845985054969787598e-01
6.982840299606323242e-01
6.954063177108764648e-01
6.879869103431701660e-01
6.896716356277465820e-01
6.925647854804992676e-01
6.941780447959899902e-01
6.843059062957763672e-01
6.943100094795227051e-01
6.873744130134582520e-01
6.990186572074890137e-01
6.963589787483215332e-01
6.992599964141845703e-01
6.959175467491149902e-01
6.984102725982666016e-01
6.925939321517944336e-01
6.915266513824462891e-01
6.975975632667541504e-01
6.928390860557556152e-01
7.003268003463745117e-01
6.924297809600830078e-01
7.015766501426696777e-01
6.855559349060058594e-01
6.934907436370849609e-01
6.967233419418334961e-01
6.909377574920654297e-01
6.915041804313659668e-01
6.894525289535522461e-01
6.872495412826538086e-01
6.910306811332702637e-01
6.916261911392211914e-01
6.900475621223449707e-01
6.859401464462280273e-01
6.977065801620483398e-01
6.998780965805053711e-01
6.799181103706359863e-01
6.948004961013793945e-01
6.964215040206909180e-01
6.902631521224975586e-01
7.052006721496582031e-01
6.879765391349792480e-01
6.756157279014587402e-01
6.963423490524291992e-01
6.864449381828308105e-01
6.900827288627624512e-01
6.898127198219299316e-01
6.923578977584838867e-01
6.881167292594909668e-01
6.980122327804565430e-01
6.986101269721984863e-01
6.957648396492004395e-01
6.895264387130737305e-01
6.904136538505554199e-01
6.962540149688720703e-01
6.864285469055175781e-01
6.928635835647583008e-01
6.945463418960571289e-01
6.881467103958129883e-01
6.911658644676208496e-01
6.937049627304077148e-01
6.956586837768554688e-01
6.985631585121154785e-01
6.953827142715454102e-01
6.894435286521911621e-01
6.987479925155639648e-01
6.953753232955932617e-01
6.796020269393920898e-01
6.926440000534057617e-01
6.860361099243164062e-01
6.904359459877014160e-01
6.941947340965270996e-01
6.907280087471008301e-01
6.959990859031677246e-01
6.847565770149230957e-01
6.890317201614379883e-01
6.940504312515258789e-01
6.911423206329345703e-01
6.961181163787841797e-01
6.931043267250061035e-01
6.905306577682495117e-01
7.024334073066711426e-01
6.933739185333251953e-01
6.865072846412658691e-01
6.982843279838562012e-01
7.070036530494689941e-01
6.957778334617614746e-01
6.962969303131103516e-01
6.946693658828735352e-01
7.024000287055969238e-01
6.989877223968505859e-01
6.971814632415771484e-01
6.955789923667907715e-01
6.868928074836730957e-01
6.962459683418273926e-01
6.936523318290710449e-01
6.896223425865173340e-01
6.920278072357177734e-01
6.941666603088378906e-01
6.985179781913757324e-01
6.959366798400878906e-01
6.969684362411499023e-01
7.036289572715759277e-01
6.902059316635131836e-01
6.968783140182495117e-01
6.954200267791748047e-01
6.946600079536437988e-01
6.906220912933349609e-01
6.945021748542785645e-01
6.960769891738891602e-01
6.904100775718688965e-01
6.940599083900451660e-01
6.944929957389831543e-01
6.928745508193969727e-01
6.948939561843872070e-01
6.894321441650390625e-01
6.918681263923645020e-01
6.938471794128417969e-01
6.925358772277832031e-01
6.909826993942260742e-01
6.891549825668334961e-01
6.864069700241088867e-01
6.855584383010864258e-01
6.949539184570312500e-01
6.885969638824462891e-01
6.909331083297729492e-01
6.963402032852172852e-01
6.854836344718933105e-01
6.920136809349060059e-01
6.933449506759643555e-01
6.886838078498840332e-01
6.945273280143737793e-01
6.938173174858093262e-01
6.963637471199035645e-01
6.921858191490173340e-01
6.915866136550903320e-01
7.011253237724304199e-01
6.985250711441040039e-01
6.955090165138244629e-01
6.960360407829284668e-01
6.867172718048095703e-01
6.968210935592651367e-01
6.964845061302185059e-01
6.836097240447998047e-01
6.922668218612670898e-01
6.979315876960754395e-01
6.881833672523498535e-01
6.986430287361145020e-01
6.879957318305969238e-01
6.882007122039794922e-01
6.905336380004882812e-01
6.902461051940917969e-01
6.985871791839599609e-01
6.854341626167297363e-01
6.968874931335449219e-01
6.922310590744018555e-01
6.984326839447021484e-01
6.959022879600524902e-01
6.921136379241943359e-01
7.018974423408508301e-01
6.841704845428466797e-01
6.872805953025817871e-01
6.862115859985351562e-01
6.936002373695373535e-01
6.998254656791687012e-01
6.943254470825195312e-01
7.016799449920654297e-01
6.891182661056518555e-01
6.832500100135803223e-01
7.013149261474609375e-01
6.878387928009033203e-01
6.937052607536315918e-01
6.957023143768310547e-01
7.007942199707031250e-01
6.979660391807556152e-01
6.882153153419494629e-01
6.831376552581787109e-01
6.952207088470458984e-01
6.983287334442138672e-01
6.934455633163452148e-01
6.872659325599670410e-01
6.939471364021301270e-01
6.922718286514282227e-01
6.916473507881164551e-01
6.959844827651977539e-01
6.837378740310668945e-01
6.867203116416931152e-01
6.820368170738220215e-01
6.928675174713134766e-01
6.903159618377685547e-01
6.854168176651000977e-01
6.977056264877319336e-01
6.870696544647216797e-01
6.914997100830078125e-01
6.903117299079895020e-01
6.895901560783386230e-01
6.944195628166198730e-01
6.921606659889221191e-01
6.930466294288635254e-01
6.972923874855041504e-01
6.929955482482910156e-01
6.972218751907348633e-01
6.995047330856323242e-01
6.944157481193542480e-01
6.979137063026428223e-01
6.956597566604614258e-01
6.914416551589965820e-01
6.962852478027343750e-01
6.999639272689819336e-01
6.985200643539428711e-01
6.940171122550964355e-01
6.923547983169555664e-01
6.913750171661376953e-01
6.943795680999755859e-01
6.941030621528625488e-01
6.943463087081909180e-01
6.928430795669555664e-01
6.964321136474609375e-01
6.955987811088562012e-01
6.939768195152282715e-01
6.907672882080078125e-01
6.978147029876708984e-01
6.899408102035522461e-01
6.910642385482788086e-01
6.967602968215942383e-01
6.831659674644470215e-01
6.917564272880554199e-01
6.881576180458068848e-01
6.806975007057189941e-01
6.905907988548278809e-01
7.023685574531555176e-01
7.015519738197326660e-01
6.939249038696289062e-01
6.892358064651489258e-01
6.859089732170104980e-01
6.921067833900451660e-01
6.975640654563903809e-01
6.871943473815917969e-01
6.889581680297851562e-01
6.911764740943908691e-01
6.904222965240478516e-01
6.912511587142944336e-01
6.941279768943786621e-01
6.890094280242919922e-01
6.964384913444519043e-01
6.847229003906250000e-01
6.934362649917602539e-01
6.902179718017578125e-01
7.017707228660583496e-01
7.024065256118774414e-01
6.973083019256591797e-01
6.945767402648925781e-01
6.928478479385375977e-01
6.865208745002746582e-01
6.856213212013244629e-01
6.854439377784729004e-01
6.840773224830627441e-01
7.033836841583251953e-01
6.911234855651855469e-01
6.884727478027343750e-01
6.947695016860961914e-01
6.993182301521301270e-01
6.913596987724304199e-01
7.073510885238647461e-01
6.978928446769714355e-01
6.878437399864196777e-01
6.962877511978149414e-01
6.913871169090270996e-01
6.960192322731018066e-01
6.977822780609130859e-01
6.952843666076660156e-01
6.997091174125671387e-01
6.809858679771423340e-01
6.891796588897705078e-01
6.903972029685974121e-01
6.926153302192687988e-01
6.995015144348144531e-01
6.917954683303833008e-01
6.957674026489257812e-01
6.953381896018981934e-01
6.999093294143676758e-01
6.949797868728637695e-01
6.964176893234252930e-01
6.861500144004821777e-01
6.945633888244628906e-01
6.938318610191345215e-01
6.873156428337097168e-01
6.976197361946105957e-01
6.957161426544189453e-01
6.960097551345825195e-01
6.778153181076049805e-01
6.938933134078979492e-01
6.915339827537536621e-01
6.908428072929382324e-01
6.958963274955749512e-01
6.857383251190185547e-01
6.991916298866271973e-01
6.880146861076354980e-01
6.960180401802062988e-01
6.883621215820312500e-01
6.953745484352111816e-01
6.961489319801330566e-01
6.919362545013427734e-01
6.933571696281433105e-01
6.963942050933837891e-01
7.017925977706909180e-01
6.825565695762634277e-01
7.068834900856018066e-01
6.892610788345336914e-01
6.837652921676635742e-01
6.912635564804077148e-01
6.853796243667602539e-01
7.064663767814636230e-01
7.022888660430908203e-01
6.962535381317138672e-01
6.885251998901367188e-01
6.952606439590454102e-01
7.032846212387084961e-01
6.955989599227905273e-01
6.940803527832031250e-01
6.991325020790100098e-01
6.826335191726684570e-01
6.983952522277832031e-01
6.898673772811889648e-01
6.990470290184020996e-01
6.854030489921569824e-01
6.885986924171447754e-01
6.893025040626525879e-01
6.819579601287841797e-01
6.994006037712097168e-01
7.046067714691162109e-01
6.912528872489929199e-01
6.960892081260681152e-01
6.931691169738769531e-01
6.905381679534912109e-01
6.909480094909667969e-01
6.968681812286376953e-01
6.993009448051452637e-01
6.951560974121093750e-01
6.987711787223815918e-01
6.943460702896118164e-01
6.884627938270568848e-01
6.855729818344116211e-01
6.918479204177856445e-01
6.935500502586364746e-01
6.936160326004028320e-01
6.922262310981750488e-01
6.969857215881347656e-01
6.861697435379028320e-01
6.892013549804687500e-01
6.988211870193481445e-01
6.900051236152648926e-01
6.936107277870178223e-01
6.951533555984497070e-01
7.023917436599731445e-01
6.853957176208496094e-01
6.895381212234497070e-01
6.917932629585266113e-01
6.879667043685913086e-01
6.859894394874572754e-01
6.948456764221191406e-01
6.942472457885742188e-01
6.877969503402709961e-01
6.934458017349243164e-01
6.975558996200561523e-01
6.938064098358154297e-01
6.885120868682861328e-01
6.873415708541870117e-01
6.888863444328308105e-01
6.904458999633789062e-01
6.964744329452514648e-01
6.979211568832397461e-01
7.013679742813110352e-01
6.934790015220642090e-01
6.856979131698608398e-01
6.993707418441772461e-01
6.971207261085510254e-01
6.949767470359802246e-01
6.782590746879577637e-01
6.952900290489196777e-01
6.872553229331970215e-01
6.970140933990478516e-01
6.934379339218139648e-01
6.929779648780822754e-01
6.967484354972839355e-01
6.986277103424072266e-01
6.878471970558166504e-01
6.893239021301269531e-01
7.008335590362548828e-01
6.940098404884338379e-01
6.912662982940673828e-01
6.874414086341857910e-01
6.832045316696166992e-01
6.896916031837463379e-01
6.945341229438781738e-01
6.963832974433898926e-01
6.875478029251098633e-01
6.849512457847595215e-01
6.962209343910217285e-01
6.895043849945068359e-01
6.981418132781982422e-01
6.879799365997314453e-01
6.997457146644592285e-01
6.897764801979064941e-01
6.907545924186706543e-01
6.914101243019104004e-01
6.914548873901367188e-01
6.915169954299926758e-01
6.923032402992248535e-01
6.878480911254882812e-01
6.962594985961914062e-01
6.954604983329772949e-01
6.970552802085876465e-01
6.963071227073669434e-01
6.814028024673461914e-01
6.848851442337036133e-01
7.007477283477783203e-01
6.955671310424804688e-01
6.910181641578674316e-01
6.990460157394409180e-01
6.888442039489746094e-01
6.932322978973388672e-01
6.999748945236206055e-01
6.930471658706665039e-01
6.947447061538696289e-01
6.932263374328613281e-01
6.962753534317016602e-01
6.916111707687377930e-01
6.936944723129272461e-01
6.861534118652343750e-01
6.983428001403808594e-01
6.916211843490600586e-01
6.909382343292236328e-01
6.967822909355163574e-01
6.892256736755371094e-01
6.957915425300598145e-01
6.883611083030700684e-01
7.013012766838073730e-01
6.921616196632385254e-01
7.038224935531616211e-01
6.907284259796142578e-01
6.953731775283813477e-01
6.907077431678771973e-01
6.875153779983520508e-01
6.939391493797302246e-01
7.028105854988098145e-01
6.950893998146057129e-01
6.965857744216918945e-01
6.934393644332885742e-01
6.927866339683532715e-01
7.033073902130126953e-01
6.998745203018188477e-01
6.998434662818908691e-01
7.019057869911193848e-01
6.892721652984619141e-01
6.898099184036254883e-01
6.962947249412536621e-01
6.800515651702880859e-01
6.943615674972534180e-01
6.990627646446228027e-01
6.979786157608032227e-01
6.946861743927001953e-01
6.893631219863891602e-01
6.989255547523498535e-01
6.810251474380493164e-01
6.916089653968811035e-01
6.935517787933349609e-01
6.916977167129516602e-01
6.961970329284667969e-01
6.896401047706604004e-01
6.832777857780456543e-01
6.929647326469421387e-01
6.967147588729858398e-01
6.907972693443298340e-01
6.956116557121276855e-01
7.007899880409240723e-01
6.929831504821777344e-01
6.901942491531372070e-01
6.845118999481201172e-01
6.953986287117004395e-01
6.887331008911132812e-01
6.863462328910827637e-01
7.000499963760375977e-01
6.870164871215820312e-01
6.887900233268737793e-01
6.856090426445007324e-01
6.853225827217102051e-01
6.992525458335876465e-01
6.901239156723022461e-01
7.007207870483398438e-01
6.835095882415771484e-01
6.907102465629577637e-01
6.965901255607604980e-01
6.876282095909118652e-01
6.921031475067138672e-01
7.071672081947326660e-01
6.866732835769653320e-01
6.919897198677062988e-01
7.000180482864379883e-01
6.963664293289184570e-01
6.997113823890686035e-01
6.932386755943298340e-01
6.845855712890625000e-01
6.823406815528869629e-01
6.957283020019531250e-01
7.032988071441650391e-01
6.947042942047119141e-01
6.896405220031738281e-01
6.975616812705993652e-01
6.966253519058227539e-01
6.876722574234008789e-01
6.881927251815795898e-01
6.966396570205688477e-01
6.811038851737976074e-01
6.845614910125732422e-01
6.969666481018066406e-01
6.986392140388488770e-01
6.837806701660156250e-01
6.943804025650024414e-01
6.976977586746215820e-01
6.945255398750305176e-01
6.948448419570922852e-01
6.890144944190979004e-01
6.766406297683715820e-01
7.036188244819641113e-01
6.892045140266418457e-01
6.908293962478637695e-01
6.934731602668762207e-01
6.877702474594116211e-01
7.008159160614013672e-01
6.987767815589904785e-01
6.886821389198303223e-01
6.950341463088989258e-01
6.914210319519042969e-01
6.914289593696594238e-01
6.890538930892944336e-01
6.937097907066345215e-01
7.002581954002380371e-01
6.973969340324401855e-01
6.902831792831420898e-01
6.986758708953857422e-01
6.965636610984802246e-01
6.859899759292602539e-01
6.967137455940246582e-01
6.933116912841796875e-01
6.993302702903747559e-01
6.819856762886047363e-01
6.879422664642333984e-01
7.016009092330932617e-01
6.888028979301452637e-01
6.889855861663818359e-01
6.869511604309082031e-01
6.989637017250061035e-01
6.905520558357238770e-01
6.921361088752746582e-01
6.865676045417785645e-01
6.973953843116760254e-01
6.957494616508483887e-01
6.993940472602844238e-01
6.940104961395263672e-01
6.921853423118591309e-01
6.878467798233032227e-01
6.923643350601196289e-01
6.909652948379516602e-01
6.953851580619812012e-01
6.916835308074951172e-01
6.906718015670776367e-01
7.014526128768920898e-01
6.928007006645202637e-01
6.801294088363647461e-01
6.979353427886962891e-01
6.993574500083923340e-01
6.938549280166625977e-01
6.815707683563232422e-01
6.944003105163574219e-01
6.907766461372375488e-01
6.996210813522338867e-01
6.957320570945739746e-01
6.930471658706665039e-01
6.900726556777954102e-01
6.929012537002563477e-01
6.907243728637695312e-01
6.952354907989501953e-01
6.879641413688659668e-01
6.890287399291992188e-01
6.893869042396545410e-01
6.953271627426147461e-01
6.894656419754028320e-01
6.821373701095581055e-01
6.943703293800354004e-01
6.893441677093505859e-01
6.952112317085266113e-01
7.012706398963928223e-01
6.946110725402832031e-01
6.870191693305969238e-01
7.024646401405334473e-01
6.962525844573974609e-01
6.850612759590148926e-01
6.939584016799926758e-01
6.975332498550415039e-01
6.817558407783508301e-01
6.855118274688720703e-01
7.013795971870422363e-01
7.038337588310241699e-01
6.993256807327270508e-01
6.879732012748718262e-01
6.926118731498718262e-01
7.027779817581176758e-01
6.898509860038757324e-01
6.948811411857604980e-01
6.933389902114868164e-01
6.884327530860900879e-01
6.947784423828125000e-01
6.879827976226806641e-01
6.917018890380859375e-01
6.906480193138122559e-01
6.937180161476135254e-01
6.932110190391540527e-01
6.932303309440612793e-01
7.038215398788452148e-01
6.987637281417846680e-01
6.902700066566467285e-01
6.888252496719360352e-01
6.842491626739501953e-01
6.891990900039672852e-01
6.876617074012756348e-01
6.832792162895202637e-01
6.895921826362609863e-01
6.974740028381347656e-01
6.911746859550476074e-01
6.880831122398376465e-01
6.943564414978027344e-01
6.913967728614807129e-01
6.949516534805297852e-01
7.035928368568420410e-01
6.895958781242370605e-01
6.894144415855407715e-01
6.999877691268920898e-01
6.917268037796020508e-01
7.001844048500061035e-01
6.916856765747070312e-01
6.916208267211914062e-01
7.030631899833679199e-01
6.918742060661315918e-01
6.838045120239257812e-01
6.860309839248657227e-01
6.983270049095153809e-01
6.966487169265747070e-01
6.918120980262756348e-01
7.002688050270080566e-01
6.915647983551025391e-01
6.970033645629882812e-01
7.065893411636352539e-01
6.937854290008544922e-01
6.913016438484191895e-01
6.950868368148803711e-01
6.993498802185058594e-01
6.876990795135498047e-01
7.025985121726989746e-01
6.841517090797424316e-01
6.890753507614135742e-01
6.869227290153503418e-01
6.829517483711242676e-01
6.992071270942687988e-01
6.948096752166748047e-01
6.840010881423950195e-01
6.986230611801147461e-01
6.957179903984069824e-01
6.883946657180786133e-01
6.938788890838623047e-01
6.963400244712829590e-01
6.901277303695678711e-01
6.989932060241699219e-01
6.920810341835021973e-01
6.842671632766723633e-01
6.979954838752746582e-01
6.892428398132324219e-01
6.971280574798583984e-01
6.935649514198303223e-01
6.866759061813354492e-01
6.964967846870422363e-01
6.919509172439575195e-01
6.883903145790100098e-01
7.020319700241088867e-01
6.883797645568847656e-01
6.944998502731323242e-01
6.927182674407958984e-01
6.926220655441284180e-01
6.883435249328613281e-01
6.947681903839111328e-01
6.845148801803588867e-01
6.984906196594238281e-01
6.909227967262268066e-01
7.010587453842163086e-01
6.913530230522155762e-01
7.064632177352905273e-01
6.863336563110351562e-01
6.927820444107055664e-01
6.913942098617553711e-01
6.969613432884216309e-01
6.870329976081848145e-01
6.840775012969970703e-01
7.033891081809997559e-01
6.925798654556274414e-01
6.873633265495300293e-01
6.975905895233154297e-01
6.931653618812561035e-01
6.935399174690246582e-01
6.910626292228698730e-01
6.979360580444335938e-01
6.895301342010498047e-01
6.854848265647888184e-01
6.979941129684448242e-01
6.914840340614318848e-01
6.922754049301147461e-01
6.885772943496704102e-01
6.861968040466308594e-01
6.979358196258544922e-01
7.003527879714965820e-01
6.917908787727355957e-01
6.887764334678649902e-01
7.044673562049865723e-01
7.020138502120971680e-01
6.845965385437011719e-01
6.835055351257324219e-01
6.832385063171386719e-01
6.880514621734619141e-01
6.950900554656982422e-01
6.894693374633789062e-01
6.936659812927246094e-01
6.892493963241577148e-01
6.995887756347656250e-01
6.975216269493103027e-01
6.949863433837890625e-01
6.960138678550720215e-01
6.958822607994079590e-01
6.931704282760620117e-01
6.991158127784729004e-01
6.902332305908203125e-01
6.873775124549865723e-01
6.887564659118652344e-01
6.959162950515747070e-01
6.907677650451660156e-01
6.921836137771606445e-01
6.914068460464477539e-01
6.949399113655090332e-01
6.934052109718322754e-01
6.963609457015991211e-01
6.906719207763671875e-01
6.849018335342407227e-01
6.874620318412780762e-01
6.922086477279663086e-01
6.868153810501098633e-01
6.913716793060302734e-01
6.854373812675476074e-01
6.894651651382446289e-01
7.003460526466369629e-01
6.936686038970947266e-01
6.939374804496765137e-01
6.914786696434020996e-01
6.803868412971496582e-01
6.863768696784973145e-01
7.002456188201904297e-01
6.929205656051635742e-01
6.901293396949768066e-01
6.966480612754821777e-01
6.972414851188659668e-01
6.990235447883605957e-01
6.895647048950195312e-01
6.920209527015686035e-01
6.930122375488281250e-01
7.005942463874816895e-01
6.950368285179138184e-01
6.970829367637634277e-01
7.049334049224853516e-01
6.990364193916320801e-01
6.983900666236877441e-01
6.917740702629089355e-01
6.988518238067626953e-01
6.999959349632263184e-01
6.816838383674621582e-01
6.884177923202514648e-01
6.948935389518737793e-01
6.924607157707214355e-01
6.926404237747192383e-01
6.964500546455383301e-01
6.866161823272705078e-01
6.800163388252258301e-01
7.010902166366577148e-01
6.952372789382934570e-01
6.870507001876831055e-01
6.925502419471740723e-01
6.950680017471313477e-01
6.966742277145385742e-01
6.879680752754211426e-01
6.920546293258666992e-01
6.961063146591186523e-01
6.977378726005554199e-01
6.929942369461059570e-01
6.817697286605834961e-01
6.945995092391967773e-01
6.916968822479248047e-01
6.913266777992248535e-01
6.869174242019653320e-01
6.973288059234619141e-01
7.047086954116821289e-01
6.880233287811279297e-01
6.926637887954711914e-01
6.942143440246582031e-01
6.949726343154907227e-01
6.846800446510314941e-01
6.867151260375976562e-01
6.944142580032348633e-01
6.922863125801086426e-01
6.932509541511535645e-01
6.894658207893371582e-01
6.896294951438903809e-01
6.930141448974609375e-01
6.950867176055908203e-01
6.886960268020629883e-01
7.021157741546630859e-01
6.967280507087707520e-01
6.971077322959899902e-01
6.868280172348022461e-01
7.026124000549316406e-01
6.867038011550903320e-01
6.872156262397766113e-01
6.945142149925231934e-01
6.976831555366516113e-01
6.963973641395568848e-01
6.953243613243103027e-01
6.984974741935729980e-01
6.913618445396423340e-01
6.952952146530151367e-01
6.978939175605773926e-01
7.001700401306152344e-01
6.963551044464111328e-01
7.000017166137695312e-01
6.858123540878295898e-01
6.928129792213439941e-01
6.865735650062561035e-01
7.022756338119506836e-01
6.883369684219360352e-01
6.846193075180053711e-01
6.904676556587219238e-01
6.891309618949890137e-01
6.928062438964843750e-01
6.960337162017822266e-01
6.852033138275146484e-01
6.861865520477294922e-01
6.964772939682006836e-01
6.892508864402770996e-01
6.878188848495483398e-01
6.885085701942443848e-01
6.935894489288330078e-01
7.002764940261840820e-01
6.843373775482177734e-01
6.901041269302368164e-01
6.841350793838500977e-01
6.984657645225524902e-01
6.959106326103210449e-01
7.019662857055664062e-01
6.832029819488525391e-01
6.990231871604919434e-01
6.907107234001159668e-01
6.934885978698730469e-01
6.858762502670288086e-01
7.036011219024658203e-01
6.916217207908630371e-01
6.951106786727905273e-01
6.836446523666381836e-01
6.999768018722534180e-01
6.979871392250061035e-01
6.978266239166259766e-01
6.912941932678222656e-01
6.924507617950439453e-01
6.946560144424438477e-01
6.925083398818969727e-01
6.891943216323852539e-01
6.784872412681579590e-01
6.899828910827636719e-01
6.874166727066040039e-01
6.960058212280273438e-01
6.924728155136108398e-01
6.937585473060607910e-01
6.983819007873535156e-01
6.915605068206787109e-01
6.886820197105407715e-01
6.917517781257629395e-01
6.888508796691894531e-01
6.950144171714782715e-01
6.970108151435852051e-01
6.912468671798706055e-01
6.975379586219787598e-01
6.992577314376831055e-01
6.880478858947753906e-01
6.934047341346740723e-01
6.968799829483032227e-01
6.934497356414794922e-01
6.996372342109680176e-01
6.932810544967651367e-01
6.921553015708923340e-01
6.948525905609130859e-01
6.940857768058776855e-01
6.904236078262329102e-01
6.905403137207031250e-01
6.973389387130737305e-01
6.852261424064636230e-01
6.930762529373168945e-01
6.960534453392028809e-01
6.840410828590393066e-01
7.004271745681762695e-01
6.940980553627014160e-01
6.902244091033935547e-01
6.954590082168579102e-01
6.950113773345947266e-01
6.932456493377685547e-01
6.980934143066406250e-01
6.860603094100952148e-01
6.901036500930786133e-01
6.953474283218383789e-01
6.990729570388793945e-01
6.928483247756958008e-01
6.865583658218383789e-01
6.912256479263305664e-01
6.882706284523010254e-01
6.879605054855346680e-01
6.990736126899719238e-01
6.883226633071899414e-01
6.939023137092590332e-01
6.925474405288696289e-01
6.962698698043823242e-01
6.859802007675170898e-01
6.846379041671752930e-01
6.931462883949279785e-01
6.889967918395996094e-01
6.922352313995361328e-01
6.894264817237854004e-01
6.893973946571350098e-01
6.915384531021118164e-01
6.940568685531616211e-01
6.957235336303710938e-01
6.863788366317749023e-01
6.987067461013793945e-01
6.865670084953308105e-01
6.887785792350769043e-01
6.940081715583801270e-01
6.893419027328491211e-01
6.949675083160400391e-01
6.908317208290100098e-01
7.010838389396667480e-01
6.954715847969055176e-01
6.972631216049194336e-01
7.017133235931396484e-01
6.937350034713745117e-01
7.049986720085144043e-01
6.955072879791259766e-01
6.970176696777343750e-01
6.914685964584350586e-01
6.961580514907836914e-01
6.840861439704895020e-01
6.874579191207885742e-01
6.842052936553955078e-01
6.922171115875244141e-01
7.079044580459594727e-01
6.956752538681030273e-01
6.889320015907287598e-01
6.929487586021423340e-01
6.864534616470336914e-01
7.023035287857055664e-01
6.831649541854858398e-01
6.861487627029418945e-01
6.967322230339050293e-01
6.911030411720275879e-01
6.890162229537963867e-01
7.036689519882202148e-01
6.904287338256835938e-01
6.965957880020141602e-01
6.971911191940307617e-01
7.016218304634094238e-01
6.986255049705505371e-01
6.879178285598754883e-01
6.900066137313842773e-01
6.970787048339843750e-01
6.946845650672912598e-01
6.931090354919433594e-01
6.893379092216491699e-01
6.895134449005126953e-01
6.919979453086853027e-01
6.978188753128051758e-01
6.922414898872375488e-01
6.928519010543823242e-01
6.933815479278564453e-01
6.957902312278747559e-01
6.914014816284179688e-01
6.942109465599060059e-01
6.870265007019042969e-01
6.909776329994201660e-01
7.012606859207153320e-01
6.925128698348999023e-01
6.884995698928833008e-01
6.903774142265319824e-01
6.929111480712890625e-01
6.819217801094055176e-01
6.940011382102966309e-01
6.834330558776855469e-01
6.931773424148559570e-01
6.902282238006591797e-01
6.829833984375000000e-01
6.869308948516845703e-01
6.923235654830932617e-01
7.004156112670898438e-01
6.977234482765197754e-01
6.934322118759155273e-01
6.914948821067810059e-01
7.007403373718261719e-01
6.947720646858215332e-01
6.953567266464233398e-01
6.914620399475097656e-01
6.879965662956237793e-01
6.929848790168762207e-01
6.879132986068725586e-01
6.970469951629638672e-01
6.917790174484252930e-01
7.005811929702758789e-01
6.930934786796569824e-01
6.972612738609313965e-01
6.872730255126953125e-01
6.887154579162597656e-01
6.833025813102722168e-01
6.913966536521911621e-01
6.918250322341918945e-01
6.983211040496826172e-01
6.887023448944091797e-01
6.965156197547912598e-01
6.984696984291076660e-01
6.814260482788085938e-01
6.964207887649536133e-01
6.899229288101196289e-01
6.950035095214843750e-01
7.018475532531738281e-01
6.999947428703308105e-01
6.953871250152587891e-01
6.952745914459228516e-01
6.893713474273681641e-01
6.882946491241455078e-01
6.916087269783020020e-01
6.981823444366455078e-01
6.989521384239196777e-01
6.875967383384704590e-01
6.931394338607788086e-01
6.972267031669616699e-01
6.869057416915893555e-01
6.875939369201660156e-01
6.959730982780456543e-01
6.894603371620178223e-01
6.945807337760925293e-01
6.950917840003967285e-01
6.932805776596069336e-01
6.923474073410034180e-01
6.946312785148620605e-01
6.794626712799072266e-01
6.894431710243225098e-01
6.906501650810241699e-01
6.956017613410949707e-01
6.941750645637512207e-01
6.928908228874206543e-01
7.029935717582702637e-01
6.997362971305847168e-01
6.878999471664428711e-01
6.909476518630981445e-01
6.864393353462219238e-01
6.970897316932678223e-01
6.924778819084167480e-01
6.885249018669128418e-01
6.852587461471557617e-01
6.926364898681640625e-01
6.962460279464721680e-01
6.993359327316284180e-01
6.905657649040222168e-01
6.942935585975646973e-01
6.988183856010437012e-01
6.916435956954956055e-01
6.879828572273254395e-01
6.852695941925048828e-01
6.911794543266296387e-01
6.974421739578247070e-01
6.848241090774536133e-01
6.907005310058593750e-01
6.928685903549194336e-01
6.942402124404907227e-01
6.908212900161743164e-01
6.904380917549133301e-01
6.876515746116638184e-01
6.842492818832397461e-01
6.897765398025512695e-01
6.902356147766113281e-01
7.015043497085571289e-01
6.989776492118835449e-01
6.972417831420898438e-01
6.809643507003784180e-01
6.952509880065917969e-01
6.916064023971557617e-01
6.985024213790893555e-01
6.979259848594665527e-01
6.943359971046447754e-01
6.933153867721557617e-01
6.920670866966247559e-01
6.905023455619812012e-01
6.936044096946716309e-01
6.927111148834228516e-01
7.051990032196044922e-01
7.028243541717529297e-01
6.994602680206298828e-01
6.902495026588439941e-01
6.921848058700561523e-01
6.922021508216857910e-01
6.951726675033569336e-01
6.982456445693969727e-01
6.819927692413330078e-01
6.871393322944641113e-01
6.878235340118408203e-01
6.906196475028991699e-01
6.925683617591857910e-01
6.922002434730529785e-01
6.956241130828857422e-01
6.889462471008300781e-01
6.951771378517150879e-01
6.899120211601257324e-01
6.991990208625793457e-01
6.957761049270629883e-01
6.838486194610595703e-01
6.884422898292541504e-01
6.987059116363525391e-01
6.955018639564514160e-01
6.938643455505371094e-01
6.850867867469787598e-01
6.952222585678100586e-01
7.008688449859619141e-01
6.876615285873413086e-01
6.917527318000793457e-01
6.984491944313049316e-01
6.892129182815551758e-01
6.898292899131774902e-01
7.006818652153015137e-01
6.977211833000183105e-01
7.075006961822509766e-01
6.954013109207153320e-01
6.930541992187500000e-01
6.927485466003417969e-01
6.905961632728576660e-01
6.979929804801940918e-01
6.891257166862487793e-01
6.940617561340332031e-01
6.983130574226379395e-01
6.996586322784423828e-01
6.944438815116882324e-01
6.981326341629028320e-01
6.870685219764709473e-01
6.932386755943298340e-01
7.006879448890686035e-01
6.847445368766784668e-01
6.900726556777954102e-01
6.990053057670593262e-01
6.855708360671997070e-01
6.977452635765075684e-01
6.835652589797973633e-01
6.900390386581420898e-01
6.926134228706359863e-01
6.950258612632751465e-01
6.939716935157775879e-01
6.989495754241943359e-01
6.928911209106445312e-01
6.831076145172119141e-01
6.868373751640319824e-01
6.948317885398864746e-01
6.911613345146179199e-01
6.861702799797058105e-01
6.965456008911132812e-01
6.952880620956420898e-01
6.905754804611206055e-01
6.947440505027770996e-01
6.964205503463745117e-01
6.899128556251525879e-01
6.879884600639343262e-01
6.836436390876770020e-01
6.893465518951416016e-01
6.898093223571777344e-01
6.852168440818786621e-01
6.982648372650146484e-01
6.925101280212402344e-01
6.914111375808715820e-01
6.930568814277648926e-01
6.913599967956542969e-01
6.878604888916015625e-01
6.914801001548767090e-01
6.873953342437744141e-01
7.036756277084350586e-01
6.920325756072998047e-01
6.917498707771301270e-01
6.929037570953369141e-01
6.921663284301757812e-01
6.874725818634033203e-01
6.807830929756164551e-01
6.937499642372131348e-01
6.929741501808166504e-01
6.898317337036132812e-01
7.006610631942749023e-01
6.958913207054138184e-01
6.862146854400634766e-01
6.921081542968750000e-01
6.970738172531127930e-01
6.891852021217346191e-01
6.829390525817871094e-01
6.833009719848632812e-01
6.962088346481323242e-01
6.908906698226928711e-01
6.943607330322265625e-01
6.935268640518188477e-01
6.873384714126586914e-01
6.959028840065002441e-01
6.916379928588867188e-01
6.968432068824768066e-01
6.940817236900329590e-01
6.956417560577392578e-01
6.880549192428588867e-01
6.926834583282470703e-01
6.968885660171508789e-01
6.929547190666198730e-01
6.868872642517089844e-01
6.885387897491455078e-01
6.909748911857604980e-01
6.927653551101684570e-01
6.980955600738525391e-01
7.030488848686218262e-01
6.913652420043945312e-01
6.930643320083618164e-01
7.027598619461059570e-01
7.057015299797058105e-01
6.965279579162597656e-01
6.900352835655212402e-01
6.960710287094116211e-01
6.983086466789245605e-01
6.929106712341308594e-01
6.906340122222900391e-01
6.940953731536865234e-01
6.842457056045532227e-01
6.912963390350341797e-01
6.945497989654541016e-01
6.879490017890930176e-01
6.868928670883178711e-01
7.006562948226928711e-01
6.948429346084594727e-01
6.899378895759582520e-01
6.926232576370239258e-01
6.885051727294921875e-01
6.949247717857360840e-01
6.931881308555603027e-01
6.859594583511352539e-01
6.890649795532226562e-01
6.867727637290954590e-01
6.876161098480224609e-01
6.938166022300720215e-01
6.919075250625610352e-01
6.946862339973449707e-01
6.917615532875061035e-01
6.886966824531555176e-01
6.834337711334228516e-01
6.948460340499877930e-01
6.919715404510498047e-01
7.000442147254943848e-01
6.935968995094299316e-01
6.864175796508789062e-01
7.034454941749572754e-01
6.954570412635803223e-01
6.924910545349121094e-01
6.909105777740478516e-01
6.905496716499328613e-01
6.875091791152954102e-01
6.891047954559326172e-01
6.953547596931457520e-01
6.952294707298278809e-01
6.997656822204589844e-01
6.898213028907775879e-01
6.901577115058898926e-01
6.865820884704589844e-01
6.925125122070312500e-01
6.993896365165710449e-01
6.879222393035888672e-01
6.958650350570678711e-01
6.969020366668701172e-01
6.799937486648559570e-01
6.920813322067260742e-01
6.966326832771301270e-01
6.926723718643188477e-01
7.007696032524108887e-01
6.917947530746459961e-01
6.947631835937500000e-01
6.960706710815429688e-01
6.939572095870971680e-01
6.985180377960205078e-01
6.944571733474731445e-01
6.964476108551025391e-01
6.908117532730102539e-01
6.936026811599731445e-01
6.882093548774719238e-01
6.910816431045532227e-01
7.006866335868835449e-01
6.911395788192749023e-01
6.916268467903137207e-01
6.978188157081604004e-01
6.980094313621520996e-01
6.885144710540771484e-01
6.916456222534179688e-01
6.913819909095764160e-01
6.917557120323181152e-01
6.902166604995727539e-01
6.880649328231811523e-01
6.992179155349731445e-01
6.962280869483947754e-01
6.907464265823364258e-01
6.910977363586425781e-01
6.930444240570068359e-01
6.956945657730102539e-01
6.913843154907226562e-01
6.997253298759460449e-01
6.927021741867065430e-01
6.940207481384277344e-01
6.912970542907714844e-01
6.921530961990356445e-01
6.909678578376770020e-01
6.967676877975463867e-01
6.875227689743041992e-01
6.942725181579589844e-01
6.852086782455444336e-01
6.927493214607238770e-01
6.808907389640808105e-01
6.990643739700317383e-01
6.888706088066101074e-01
6.948983073234558105e-01
6.857830882072448730e-01
6.949743032455444336e-01
6.943272948265075684e-01
6.852924227714538574e-01
6.893448829650878906e-01
6.838649511337280273e-01
6.987634301185607910e-01
6.885188817977905273e-01
6.930829882621765137e-01
6.968573331832885742e-01
6.911587715148925781e-01
6.938074231147766113e-01
6.824676990509033203e-01
6.965913176536560059e-01
6.925181150436401367e-01
6.912209987640380859e-01
6.903121471405029297e-01
6.996893882751464844e-01
6.893692016601562500e-01
6.940584182739257812e-01
6.941387653350830078e-01
6.957451105117797852e-01
7.007619142532348633e-01
6.893547773361206055e-01
7.062705159187316895e-01
6.968713402748107910e-01
6.881130933761596680e-01
6.946571469306945801e-01
6.900075674057006836e-01
6.935458183288574219e-01
6.861202120780944824e-01
6.927528977394104004e-01
6.991571784019470215e-01
7.007074356079101562e-01
