6.930650472640991211e-01
6.992697119712829590e-01
6.939054131507873535e-01
6.984148025512695312e-01
7.035757303237915039e-01
6.937356591224670410e-01
6.985330581665039062e-01
6.931028366088867188e-01
7.096017003059387207e-01
6.943017244338989258e-01
7.056526541709899902e-01
6.869732737541198730e-01
7.124127149581909180e-01
6.875431537628173828e-01
6.944851279258728027e-01
6.917576789855957031e-01
6.856250762939453125e-01
6.745274662971496582e-01
7.035438418388366699e-01
6.964303255081176758e-01
6.902019381523132324e-01
7.028609514236450195e-01
6.941754221916198730e-01
6.963431835174560547e-01
7.156822681427001953e-01
6.996489763259887695e-01
6.882231235504150391e-01
6.949705481529235840e-01
6.990137696266174316e-01
7.080017328262329102e-01
7.177052497863769531e-01
6.969131231307983398e-01
6.883901357650756836e-01
6.936780810356140137e-01
6.951886415481567383e-01
7.073488235473632812e-01
6.877321600914001465e-01
6.988236308097839355e-01
6.802489757537841797e-01
6.847823858261108398e-01
6.935646533966064453e-01
7.061690092086791992e-01
7.070306539535522461e-01
6.825395226478576660e-01
7.047296762466430664e-01
6.954630613327026367e-01
7.025171518325805664e-01
6.879970431327819824e-01
6.908230781555175781e-01
7.072057723999023438e-01
7.129518985748291016e-01
6.864563822746276855e-01
6.964986324310302734e-01
6.916534304618835449e-01
7.077998518943786621e-01
7.133994102478027344e-01
6.897503137588500977e-01
6.827684044837951660e-01
6.905480623245239258e-01
7.042838335037231445e-01
7.151615023612976074e-01
6.991721987724304199e-01
7.073302865028381348e-01
6.874210834503173828e-01
7.000320553779602051e-01
7.095817327499389648e-01
6.883047223091125488e-01
7.010299563407897949e-01
7.062488198280334473e-01
6.895267963409423828e-01
6.954268813133239746e-01
6.986494064331054688e-01
6.900416612625122070e-01
6.934298276901245117e-01
6.972506046295166016e-01
6.994907855987548828e-01
7.012706995010375977e-01
6.999924182891845703e-01
7.064031958580017090e-01
6.930431127548217773e-01
6.898767948150634766e-01
6.951609849929809570e-01
7.043703198432922363e-01
6.917354464530944824e-01
7.013931274414062500e-01
6.894576549530029297e-01
6.892442107200622559e-01
6.824575066566467285e-01
6.868619918823242188e-01
6.817211508750915527e-01
6.971075534820556641e-01
7.058309316635131836e-01
6.943764090538024902e-01
6.976312994956970215e-01
6.978057622909545898e-01
7.002338171005249023e-01
7.013536095619201660e-01
7.031573653221130371e-01
6.879636645317077637e-01
6.881545186042785645e-01
7.038831710815429688e-01
7.098454833030700684e-01
7.017272114753723145e-01
6.951640844345092773e-01
6.885696649551391602e-01
7.082586288452148438e-01
7.027561068534851074e-01
6.884350776672363281e-01
7.041858434677124023e-01
6.855044364929199219e-01
6.856715083122253418e-01
6.919011473655700684e-01
7.082893848419189453e-01
6.813657879829406738e-01
7.061910033226013184e-01
7.007567286491394043e-01
6.932803392410278320e-01
6.909283995628356934e-01
6.809161305427551270e-01
6.974815130233764648e-01
6.897252202033996582e-01
6.973380446434020996e-01
6.958467364311218262e-01
6.965779066085815430e-01
6.908888220787048340e-01
6.753430366516113281e-01
7.021325230598449707e-01
7.028928995132446289e-01
6.960308551788330078e-01
6.916771531105041504e-01
6.866456866264343262e-01
7.051290869712829590e-01
7.029197812080383301e-01
6.859012842178344727e-01
7.027707099914550781e-01
7.025550007820129395e-01
7.014566659927368164e-01
6.913047432899475098e-01
6.928212046623229980e-01
7.004216909408569336e-01
7.062023282051086426e-01
6.951072812080383301e-01
6.963376402854919434e-01
7.009993791580200195e-01
6.881826519966125488e-01
6.971282362937927246e-01
7.013524770736694336e-01
6.946135759353637695e-01
6.982364058494567871e-01
7.005309462547302246e-01
7.128217816352844238e-01
7.025955319404602051e-01
6.974984407424926758e-01
7.112260460853576660e-01
7.006365656852722168e-01
6.989550590515136719e-01
6.928145885467529297e-01
6.918488740921020508e-01
7.060871720314025879e-01
6.984057426452636719e-01
7.050951719284057617e-01
7.004079818725585938e-01
7.024156451225280762e-01
6.970593333244323730e-01
6.806519031524658203e-01
6.965284943580627441e-01
7.032903432846069336e-01
6.820995211601257324e-01
6.981643438339233398e-01
6.996060013771057129e-01
6.937780380249023438e-01
6.976430416107177734e-01
6.937415599822998047e-01
7.089931368827819824e-01
6.997632980346679688e-01
7.123565077781677246e-01
6.982669830322265625e-01
7.011950016021728516e-01
6.960200667381286621e-01
6.902071237564086914e-01
6.971451044082641602e-01
6.813068389892578125e-01
6.758833527565002441e-01
6.945139765739440918e-01
6.980125904083251953e-01
7.014541029930114746e-01
6.933732628822326660e-01
7.029526233673095703e-01
6.958673000335693359e-01
7.155627608299255371e-01
6.939274072647094727e-01
6.999439597129821777e-01
6.982550024986267090e-01
6.994571089744567871e-01
6.888194680213928223e-01
6.926919221878051758e-01
7.091701626777648926e-01
6.984767913818359375e-01
7.041724920272827148e-01
6.862777471542358398e-01
6.882261633872985840e-01
7.018530368804931641e-01
6.904188394546508789e-01
6.793299317359924316e-01
7.068361043930053711e-01
7.021060585975646973e-01
6.990122199058532715e-01
7.079715132713317871e-01
7.103543877601623535e-01
6.929191350936889648e-01
6.936134099960327148e-01
6.965031623840332031e-01
6.823692917823791504e-01
6.967232227325439453e-01
6.940070390701293945e-01
6.979907155036926270e-01
7.117750644683837891e-01
6.886823177337646484e-01
6.769025325775146484e-01
6.925886273384094238e-01
7.120494842529296875e-01
6.878159046173095703e-01
6.894354224205017090e-01
6.931816339492797852e-01
6.933676004409790039e-01
6.814180016517639160e-01
7.068734169006347656e-01
7.042685747146606445e-01
7.026808857917785645e-01
7.006191611289978027e-01
7.003362774848937988e-01
7.199248075485229492e-01
6.981216073036193848e-01
6.973900794982910156e-01
7.073521614074707031e-01
7.075670957565307617e-01
6.825282573699951172e-01
7.043604850769042969e-01
6.704242825508117676e-01
6.897221803665161133e-01
7.112326622009277344e-01
6.973814964294433594e-01
6.911053657531738281e-01
6.821064949035644531e-01
7.053109407424926758e-01
6.995762586593627930e-01
6.960275769233703613e-01
6.870706081390380859e-01
7.002316117286682129e-01
7.097114920616149902e-01
6.909730434417724609e-01
7.020233273506164551e-01
7.019298672676086426e-01
7.054311037063598633e-01
6.850647330284118652e-01
6.898010969161987305e-01
7.027153372764587402e-01
6.970916986465454102e-01
6.970387101173400879e-01
7.013599872589111328e-01
6.991815567016601562e-01
7.025082111358642578e-01
6.993619203567504883e-01
6.720423698425292969e-01
6.740992665290832520e-01
6.992689371109008789e-01
7.026647329330444336e-01
7.058785557746887207e-01
6.936401128768920898e-01
6.995199322700500488e-01
6.905410289764404297e-01
6.995427012443542480e-01
7.017368078231811523e-01
7.027496695518493652e-01
6.945595741271972656e-01
7.089992165565490723e-01
6.891450881958007812e-01
6.820508837699890137e-01
6.938312649726867676e-01
6.985960602760314941e-01
6.876200437545776367e-01
6.993926167488098145e-01
6.730113029479980469e-01
7.076824307441711426e-01
7.087250947952270508e-01
7.022114396095275879e-01
7.013138532638549805e-01
6.911641359329223633e-01
7.233859300613403320e-01
7.025238275527954102e-01
6.965653896331787109e-01
6.900472044944763184e-01
7.048937678337097168e-01
6.888684034347534180e-01
6.900467872619628906e-01
6.980481147766113281e-01
7.045143246650695801e-01
6.990416049957275391e-01
6.832233667373657227e-01
6.853567361831665039e-01
7.012567520141601562e-01
6.940021514892578125e-01
7.059740424156188965e-01
6.836791634559631348e-01
6.865531206130981445e-01
7.056909799575805664e-01
6.848843693733215332e-01
7.070301175117492676e-01
6.941324472427368164e-01
7.025463581085205078e-01
6.969152688980102539e-01
6.985455155372619629e-01
6.945678591728210449e-01
6.922746300697326660e-01
7.043046951293945312e-01
7.005264759063720703e-01
6.889098882675170898e-01
7.058591246604919434e-01
6.990692615509033203e-01
6.883751153945922852e-01
6.997462511062622070e-01
7.069777250289916992e-01
6.951408386230468750e-01
7.002930045127868652e-01
7.024307847023010254e-01
7.151207923889160156e-01
6.919622421264648438e-01
6.955532431602478027e-01
6.829006075859069824e-01
6.884967088699340820e-01
6.813228130340576172e-01
6.968330740928649902e-01
7.000141143798828125e-01
7.008705139160156250e-01
6.900810003280639648e-01
6.890804767608642578e-01
6.976894736289978027e-01
6.968412995338439941e-01
7.255144119262695312e-01
6.858706474304199219e-01
7.023379802703857422e-01
6.866754889488220215e-01
6.864424943923950195e-01
7.109203338623046875e-01
7.080858945846557617e-01
7.006347179412841797e-01
6.966542005538940430e-01
7.083099484443664551e-01
6.990761756896972656e-01
7.005774378776550293e-01
6.972295641899108887e-01
6.921676397323608398e-01
7.083818912506103516e-01
7.041358351707458496e-01
7.057970762252807617e-01
6.958579421043395996e-01
6.963642239570617676e-01
7.055994272232055664e-01
6.765009760856628418e-01
7.115445137023925781e-01
6.927362680435180664e-01
6.833752393722534180e-01
6.968460083007812500e-01
7.005679607391357422e-01
6.976891160011291504e-01
7.161420583724975586e-01
6.985746026039123535e-01
6.888865232467651367e-01
6.916330456733703613e-01
7.014455795288085938e-01
7.019975185394287109e-01
6.869301795959472656e-01
6.881321072578430176e-01
6.983492374420166016e-01
7.055680751800537109e-01
6.907971501350402832e-01
6.956750750541687012e-01
6.811997294425964355e-01
6.903672218322753906e-01
7.056184411048889160e-01
6.964899301528930664e-01
6.908689141273498535e-01
6.867992877960205078e-01
6.820968389511108398e-01
6.930276155471801758e-01
7.075974345207214355e-01
6.938083171844482422e-01
6.960135698318481445e-01
6.997596621513366699e-01
7.076576948165893555e-01
6.763832569122314453e-01
6.934249401092529297e-01
7.061426639556884766e-01
6.934616565704345703e-01
6.844509840011596680e-01
7.012586593627929688e-01
7.066139578819274902e-01
6.973369121551513672e-01
6.959580183029174805e-01
6.933302879333496094e-01
7.110766172409057617e-01
7.055892944335937500e-01
6.984213590621948242e-01
6.909474730491638184e-01
6.941835284233093262e-01
7.084175944328308105e-01
6.954748630523681641e-01
6.917784810066223145e-01
6.947939395904541016e-01
6.949658393859863281e-01
6.866203546524047852e-01
7.061678767204284668e-01
7.036771178245544434e-01
6.789031028747558594e-01
6.909441947937011719e-01
7.036584615707397461e-01
6.857425570487976074e-01
6.962047219276428223e-01
6.988575458526611328e-01
6.885782480239868164e-01
7.165641188621520996e-01
6.971617341041564941e-01
7.148197293281555176e-01
7.052332162857055664e-01
6.995972990989685059e-01
6.975126862525939941e-01
6.992920637130737305e-01
6.912202239036560059e-01
7.020528316497802734e-01
6.983410120010375977e-01
6.946288347244262695e-01
6.949114799499511719e-01
6.891350150108337402e-01
6.960583329200744629e-01
7.046058177947998047e-01
6.995496749877929688e-01
6.932668089866638184e-01
6.904046535491943359e-01
7.023909687995910645e-01
7.015835046768188477e-01
7.028853893280029297e-01
6.902309060096740723e-01
6.997797489166259766e-01
6.972172260284423828e-01
6.857684850692749023e-01
6.988081932067871094e-01
6.816586256027221680e-01
6.997290253639221191e-01
7.054141163825988770e-01
6.968257427215576172e-01
6.946238279342651367e-01
6.779184341430664062e-01
6.927856802940368652e-01
6.954083442687988281e-01
6.996302008628845215e-01
7.070736885070800781e-01
6.985610723495483398e-01
6.969612240791320801e-01
7.141183614730834961e-01
6.990922093391418457e-01
6.980549097061157227e-01
6.900311112403869629e-01
6.871270537376403809e-01
6.944103837013244629e-01
7.185606360435485840e-01
6.843142509460449219e-01
6.921151280403137207e-01
7.049329876899719238e-01
6.874517798423767090e-01
6.948840022087097168e-01
6.933240890502929688e-01
7.013095617294311523e-01
7.013140916824340820e-01
7.129132151603698730e-01
6.943319439888000488e-01
7.013434171676635742e-01
6.758266687393188477e-01
7.031828761100769043e-01
7.105435729026794434e-01
6.884396076202392578e-01
6.932228803634643555e-01
6.802752614021301270e-01
7.012715935707092285e-01
7.016009092330932617e-01
7.061833739280700684e-01
7.049474716186523438e-01
6.845595836639404297e-01
6.979776024818420410e-01
6.887587308883666992e-01
7.010709047317504883e-01
7.004107832908630371e-01
6.994256973266601562e-01
7.081274986267089844e-01
7.049823403358459473e-01
6.984692811965942383e-01
6.909172534942626953e-01
6.935715675354003906e-01
7.021673917770385742e-01
7.084870338439941406e-01
6.927162408828735352e-01
6.862531900405883789e-01
6.862700581550598145e-01
6.867876648902893066e-01
6.838490366935729980e-01
6.842415928840637207e-01
6.841132640838623047e-01
7.027499675750732422e-01
6.909524202346801758e-01
7.028681039810180664e-01
7.095000147819519043e-01
6.960492134094238281e-01
7.010166645050048828e-01
6.919785737991333008e-01
7.187637090682983398e-01
6.869977712631225586e-01
6.957035064697265625e-01
6.990218162536621094e-01
6.896024942398071289e-01
6.964282393455505371e-01
6.973918080329895020e-01
6.927276849746704102e-01
7.045386433601379395e-01
7.001663446426391602e-01
6.899667382240295410e-01
6.958265900611877441e-01
7.037769556045532227e-01
6.939482688903808594e-01
6.996879577636718750e-01
7.085287570953369141e-01
6.853884458541870117e-01
7.030950188636779785e-01
6.975909471511840820e-01
6.820418238639831543e-01
6.965778470039367676e-01
7.021161317825317383e-01
6.917736530303955078e-01
6.929723620414733887e-01
6.977440118789672852e-01
6.910486817359924316e-01
6.893500685691833496e-01
6.979301571846008301e-01
7.121523618698120117e-01
7.016552686691284180e-01
7.022636532783508301e-01
6.991223096847534180e-01
6.964259147644042969e-01
6.977970004081726074e-01
6.978420615196228027e-01
6.986703872680664062e-01
7.010310888290405273e-01
6.914660334587097168e-01
6.911246776580810547e-01
6.936763525009155273e-01
6.961282491683959961e-01
6.950348615646362305e-01
6.964650154113769531e-01
6.972438097000122070e-01
6.980062127113342285e-01
6.988272070884704590e-01
7.009552717208862305e-01
6.900103092193603516e-01
6.907476782798767090e-01
6.914665699005126953e-01
7.064318060874938965e-01
6.836875677108764648e-01
6.949003934860229492e-01
6.927191019058227539e-01
6.949957609176635742e-01
7.022712230682373047e-01
6.863790750503540039e-01
7.039765119552612305e-01
7.056719064712524414e-01
7.073364257812500000e-01
7.031571269035339355e-01
6.986250281333923340e-01
7.000613212585449219e-01
6.929636001586914062e-01
6.916427612304687500e-01
6.875537037849426270e-01
6.963551044464111328e-01
6.923889517784118652e-01
6.953338384628295898e-01
6.937919855117797852e-01
6.943318843841552734e-01
7.074109911918640137e-01
6.956800818443298340e-01
7.051998972892761230e-01
6.847230792045593262e-01
6.920239329338073730e-01
6.998051404953002930e-01
7.020868062973022461e-01
7.138181924819946289e-01
7.099813222885131836e-01
6.959939002990722656e-01
6.912550926208496094e-01
6.909012794494628906e-01
6.888123750686645508e-01
6.899216175079345703e-01
7.053704261779785156e-01
6.835028529167175293e-01
7.033906579017639160e-01
6.985998153686523438e-01
6.948765516281127930e-01
6.828682422637939453e-01
6.689495444297790527e-01
7.084769010543823242e-01
6.899380087852478027e-01
6.882224678993225098e-01
6.962962150573730469e-01
6.924901008605957031e-01
6.883578896522521973e-01
7.039273381233215332e-01
7.000009417533874512e-01
6.881207823753356934e-01
7.035456299781799316e-01
6.966599822044372559e-01
6.878681182861328125e-01
6.884968280792236328e-01
6.906375288963317871e-01
7.129600644111633301e-01
6.984406709671020508e-01
6.887984871864318848e-01
6.967097520828247070e-01
6.928757429122924805e-01
7.035424709320068359e-01
6.920773386955261230e-01
7.059276103973388672e-01
6.897745132446289062e-01
7.151469588279724121e-01
7.084546089172363281e-01
7.063603401184082031e-01
6.997743248939514160e-01
6.837512254714965820e-01
7.120989561080932617e-01
6.929615736007690430e-01
6.927843093872070312e-01
7.017316818237304688e-01
7.149062156677246094e-01
6.932415962219238281e-01
6.942448019981384277e-01
6.892146468162536621e-01
6.937397122383117676e-01
6.974343061447143555e-01
7.009848356246948242e-01
6.948999166488647461e-01
6.956692934036254883e-01
7.107798457145690918e-01
6.952648162841796875e-01
7.017930150032043457e-01
7.010417580604553223e-01
6.961153745651245117e-01
6.868227720260620117e-01
6.973062157630920410e-01
6.940631866455078125e-01
6.995321512222290039e-01
6.922438740730285645e-01
7.114995718002319336e-01
6.993189454078674316e-01
7.072659730911254883e-01
7.096589803695678711e-01
6.990922689437866211e-01
7.061622142791748047e-01
7.062826156616210938e-01
7.066227197647094727e-01
7.033969163894653320e-01
7.019414901733398438e-01
6.896193623542785645e-01
7.072401046752929688e-01
6.889095306396484375e-01
6.943411827087402344e-01
7.144554853439331055e-01
7.000298500061035156e-01
6.917340755462646484e-01
6.881382465362548828e-01
6.916387677192687988e-01
6.945247650146484375e-01
7.036194801330566406e-01
7.000842094421386719e-01
6.934671998023986816e-01
6.936883926391601562e-01
6.897305250167846680e-01
6.931049227714538574e-01
7.009037733078002930e-01
6.907519102096557617e-01
6.856748461723327637e-01
6.960857510566711426e-01
6.800773739814758301e-01
6.966456174850463867e-01
6.874623298645019531e-01
6.929712295532226562e-01
6.875984668731689453e-01
6.877565383911132812e-01
6.965174078941345215e-01
7.043927311897277832e-01
6.864172220230102539e-01
6.846551299095153809e-01
6.872208118438720703e-01
6.955475807189941406e-01
6.889485120773315430e-01
6.737299561500549316e-01
7.033616304397583008e-01
6.829017400741577148e-01
7.036489844322204590e-01
7.089980244636535645e-01
7.112811207771301270e-01
7.037072181701660156e-01
7.004832625389099121e-01
6.991480588912963867e-01
6.916742920875549316e-01
6.938208341598510742e-01
7.042818069458007812e-01
6.912015080451965332e-01
6.996304988861083984e-01
6.830154657363891602e-01
7.008299231529235840e-01
7.050396203994750977e-01
7.117243409156799316e-01
6.882780790328979492e-01
7.102169990539550781e-01
6.961565017700195312e-01
6.987824440002441406e-01
7.074697613716125488e-01
7.057424187660217285e-01
6.948749423027038574e-01
6.970231533050537109e-01
6.943179368972778320e-01
7.097200751304626465e-01
6.985259056091308594e-01
6.939902305603027344e-01
6.754449009895324707e-01
7.012945413589477539e-01
6.986536383628845215e-01
7.009922266006469727e-01
6.981875300407409668e-01
6.857752203941345215e-01
6.856462359428405762e-01
6.990881562232971191e-01
7.001975178718566895e-01
6.794945001602172852e-01
6.896167993545532227e-01
6.932075619697570801e-01
7.215133905410766602e-01
6.919760107994079590e-01
6.856409311294555664e-01
7.104753851890563965e-01
6.959884166717529297e-01
6.923826932907104492e-01
6.841680407524108887e-01
6.963028311729431152e-01
6.985337138175964355e-01
6.888505220413208008e-01
6.955226063728332520e-01
6.986948847770690918e-01
7.002303600311279297e-01
7.194423675537109375e-01
7.045350074768066406e-01
7.099043130874633789e-01
6.863594055175781250e-01
6.853751540184020996e-01
6.898990273475646973e-01
7.000829577445983887e-01
7.024281024932861328e-01
6.870979070663452148e-01
6.832908391952514648e-01
6.888018846511840820e-01
6.921684145927429199e-01
7.025713324546813965e-01
6.943496465682983398e-01
6.998441219329833984e-01
6.938484311103820801e-01
6.804620027542114258e-01
7.113810777664184570e-01
6.993896365165710449e-01
7.017760276794433594e-01
6.883492469787597656e-01
6.766107082366943359e-01
6.942768692970275879e-01
6.926491856575012207e-01
7.043424844741821289e-01
7.036454677581787109e-01
6.978857517242431641e-01
6.815909743309020996e-01
7.094514966011047363e-01
6.823357343673706055e-01
6.954099535942077637e-01
7.008869647979736328e-01
7.188718914985656738e-01
6.998255848884582520e-01
6.887501478195190430e-01
7.006833553314208984e-01
6.906388998031616211e-01
7.010345458984375000e-01
7.007788419723510742e-01
7.167289257049560547e-01
7.046744823455810547e-01
7.053350210189819336e-01
6.919969916343688965e-01
6.795504689216613770e-01
6.928225755691528320e-01
6.998780965805053711e-01
7.009435296058654785e-01
7.086713314056396484e-01
6.918728351593017578e-01
6.809022426605224609e-01
7.034261822700500488e-01
6.985043287277221680e-01
7.005840539932250977e-01
6.903282403945922852e-01
7.013084292411804199e-01
7.020632028579711914e-01
6.794918775558471680e-01
6.842036843299865723e-01
6.859554052352905273e-01
7.072452306747436523e-01
7.026694416999816895e-01
7.075726389884948730e-01
6.954456567764282227e-01
6.925019025802612305e-01
7.044625878334045410e-01
6.983066201210021973e-01
6.984688043594360352e-01
7.012668251991271973e-01
6.854457855224609375e-01
6.997679471969604492e-01
7.020846605300903320e-01
6.969513297080993652e-01
6.955174803733825684e-01
6.927290558815002441e-01
6.854741573333740234e-01
6.952903270721435547e-01
6.907951235771179199e-01
6.814355850219726562e-01
6.924363374710083008e-01
7.006276845932006836e-01
7.001503705978393555e-01
6.981565356254577637e-01
6.835362315177917480e-01
7.110530734062194824e-01
6.960086226463317871e-01
7.024509906768798828e-01
6.994103789329528809e-01
6.997233033180236816e-01
6.953235268592834473e-01
7.007861137390136719e-01
6.907497644424438477e-01
6.865731477737426758e-01
6.948184370994567871e-01
7.099342346191406250e-01
6.999443173408508301e-01
6.831907629966735840e-01
7.028479576110839844e-01
7.105357050895690918e-01
6.995437145233154297e-01
6.784318685531616211e-01
7.016676664352416992e-01
6.921656727790832520e-01
7.035829424858093262e-01
6.872478723526000977e-01
7.089121341705322266e-01
7.049095630645751953e-01
6.961026787757873535e-01
6.802339553833007812e-01
7.004452943801879883e-01
6.932687759399414062e-01
7.029176950454711914e-01
7.017110586166381836e-01
6.822650432586669922e-01
7.026716470718383789e-01
7.042612433433532715e-01
6.668074131011962891e-01
7.047468423843383789e-01
7.001355290412902832e-01
7.060810327529907227e-01
6.950255632400512695e-01
6.988347768783569336e-01
6.931531429290771484e-01
6.973105669021606445e-01
6.963903307914733887e-01
7.044614553451538086e-01
6.932682394981384277e-01
7.075004577636718750e-01
6.928043365478515625e-01
7.125001549720764160e-01
6.957610845565795898e-01
6.967145800590515137e-01
6.895834803581237793e-01
6.899206042289733887e-01
7.029435634613037109e-01
7.041323184967041016e-01
6.921996474266052246e-01
7.057539820671081543e-01
7.008611559867858887e-01
6.851825118064880371e-01
7.022548913955688477e-01
6.968277692794799805e-01
6.725639700889587402e-01
7.194744944572448730e-01
6.910788416862487793e-01
6.943081617355346680e-01
6.763091087341308594e-01
7.037287950515747070e-01
6.955307126045227051e-01
6.944502592086791992e-01
6.903662681579589844e-01
6.897461414337158203e-01
6.875908374786376953e-01
6.934944391250610352e-01
6.882679462432861328e-01
6.998910903930664062e-01
7.073403596878051758e-01
7.054715156555175781e-01
6.911457777023315430e-01
7.088927030563354492e-01
6.905265450477600098e-01
6.886658668518066406e-01
6.939680576324462891e-01
6.934953331947326660e-01
7.034334540367126465e-01
6.920427083969116211e-01
7.104592919349670410e-01
6.807475686073303223e-01
6.863708496093750000e-01
6.974645853042602539e-01
6.935195326805114746e-01
7.004134654998779297e-01
6.962872743606567383e-01
7.023384571075439453e-01
6.899876594543457031e-01
6.970994472503662109e-01
6.955536603927612305e-01
6.959922313690185547e-01
6.920348405838012695e-01
6.958044767379760742e-01
6.916750669479370117e-01
6.998349428176879883e-01
6.910632848739624023e-01
7.032862901687622070e-01
6.853017807006835938e-01
6.854929327964782715e-01
7.011647224426269531e-01
6.942073702812194824e-01
6.970235705375671387e-01
7.072428464889526367e-01
6.927663087844848633e-01
6.931997537612915039e-01
6.903208494186401367e-01
6.882297396659851074e-01
6.983956098556518555e-01
6.959357261657714844e-01
6.925430297851562500e-01
7.015632390975952148e-01
6.869237422943115234e-01
6.814230084419250488e-01
6.842698454856872559e-01
6.938967704772949219e-01
6.984825134277343750e-01
7.064459323883056641e-01
7.260249853134155273e-01
7.009560465812683105e-01
7.003856897354125977e-01
6.874660253524780273e-01
7.014030814170837402e-01
7.145621776580810547e-01
7.102728486061096191e-01
6.943683624267578125e-01
6.822629570960998535e-01
7.034813165664672852e-01
6.997060775756835938e-01
6.959637403488159180e-01
7.079585790634155273e-01
6.949170231819152832e-01
7.017416954040527344e-01
7.069518566131591797e-01
7.012013196945190430e-01
6.978521347045898438e-01
6.785463690757751465e-01
6.817022562026977539e-01
6.960651874542236328e-01
6.844536662101745605e-01
6.956766843795776367e-01
6.924798488616943359e-01
6.904946565628051758e-01
7.005572915077209473e-01
7.121077179908752441e-01
7.059500813484191895e-01
6.889786720275878906e-01
6.831806302070617676e-01
6.883527040481567383e-01
6.932515501976013184e-01
6.965748667716979980e-01
7.006379365921020508e-01
6.946160793304443359e-01
6.939210891723632812e-01
6.969575881958007812e-01
7.041888833045959473e-01
6.998132467269897461e-01
7.018160820007324219e-01
6.878616809844970703e-01
6.912832260131835938e-01
6.975226998329162598e-01
6.942965984344482422e-01
6.938186287879943848e-01
7.010743021965026855e-01
6.939115524291992188e-01
7.059064507484436035e-01
6.996055245399475098e-01
6.821258068084716797e-01
6.924893260002136230e-01
6.955597400665283203e-01
7.070809006690979004e-01
6.913481354713439941e-01
6.930528283119201660e-01
7.059216499328613281e-01
6.949101686477661133e-01
7.053192853927612305e-01
6.799416542053222656e-01
6.922876238822937012e-01
6.897086501121520996e-01
7.004057168960571289e-01
7.087524533271789551e-01
6.917470693588256836e-01
7.045462727546691895e-01
7.050229310989379883e-01
7.064905762672424316e-01
7.109614610671997070e-01
6.865392327308654785e-01
6.903316974639892578e-01
6.741677522659301758e-01
7.008221149444580078e-01
6.909201741218566895e-01
6.979000568389892578e-01
7.155560255050659180e-01
7.065092325210571289e-01
7.046407461166381836e-01
7.121125459671020508e-01
6.731700897216796875e-01
7.010243535041809082e-01
6.992900967597961426e-01
7.093979716300964355e-01
6.906669735908508301e-01
6.899635195732116699e-01
7.013609409332275391e-01
6.863761544227600098e-01
6.781475543975830078e-01
6.910903453826904297e-01
7.034075260162353516e-01
6.907719373703002930e-01
6.904702782630920410e-01
6.813548803329467773e-01
7.001702189445495605e-01
7.007845044136047363e-01
6.979433298110961914e-01
7.040818929672241211e-01
7.031133770942687988e-01
7.084524631500244141e-01
6.988803744316101074e-01
6.968153119087219238e-01
6.868563890457153320e-01
7.049185037612915039e-01
7.070979475975036621e-01
7.017093896865844727e-01
6.951267123222351074e-01
6.977453827857971191e-01
7.050403356552124023e-01
6.996488571166992188e-01
7.074126601219177246e-01
6.880493760108947754e-01
6.880764365196228027e-01
6.929059624671936035e-01
7.062423229217529297e-01
6.941333413124084473e-01
6.910275220870971680e-01
6.924946904182434082e-01
6.917777657508850098e-01
6.880477070808410645e-01
6.917636394500732422e-01
6.948501467704772949e-01
6.969725489616394043e-01
6.953486204147338867e-01
6.942560672760009766e-01
6.952824592590332031e-01
7.002357244491577148e-01
6.955603361129760742e-01
6.994076967239379883e-01
7.100226879119873047e-01
6.924629211425781250e-01
6.922479271888732910e-01
7.078869342803955078e-01
6.817389726638793945e-01
6.990165114402770996e-01
6.994178891181945801e-01
6.831508874893188477e-01
7.023128271102905273e-01
7.000072002410888672e-01
7.111400961875915527e-01
6.950212121009826660e-01
6.876890659332275391e-01
6.937606334686279297e-01
6.839226484298706055e-01
7.028546333312988281e-01
6.864750385284423828e-01
6.909359097480773926e-01
6.938683390617370605e-01
6.961967945098876953e-01
6.830306649208068848e-01
6.871041655540466309e-01
6.903073191642761230e-01
6.913291215896606445e-01
7.009003758430480957e-01
7.037506699562072754e-01
6.865861415863037109e-01
6.976673603057861328e-01
6.994016766548156738e-01
6.934483647346496582e-01
6.948823332786560059e-01
6.814826130867004395e-01
6.925389766693115234e-01
6.981936693191528320e-01
7.110242843627929688e-01
6.962875127792358398e-01
6.895063519477844238e-01
7.123003005981445312e-01
7.176266908645629883e-01
7.067487239837646484e-01
7.075600624084472656e-01
6.897563934326171875e-01
6.977333426475524902e-01
6.881205439567565918e-01
6.947910189628601074e-01
6.841467618942260742e-01
6.926090717315673828e-01
6.991515755653381348e-01
6.858438253402709961e-01
6.848495602607727051e-01
7.129414677619934082e-01
6.891024708747863770e-01
6.939031481742858887e-01
6.875156164169311523e-01
7.088907361030578613e-01
7.016369104385375977e-01
7.029522657394409180e-01
6.923352479934692383e-01
6.831579208374023438e-01
7.006549835205078125e-01
7.069696187973022461e-01
6.948984265327453613e-01
6.981124877929687500e-01
7.013854980468750000e-01
6.967230439186096191e-01
7.085776329040527344e-01
6.884632110595703125e-01
6.994041204452514648e-01
6.897290945053100586e-01
7.002128958702087402e-01
7.023645043373107910e-01
6.934362649917602539e-01
7.085048556327819824e-01
6.856456398963928223e-01
6.964284181594848633e-01
6.985739469528198242e-01
6.903054714202880859e-01
7.036351561546325684e-01
6.978824138641357422e-01
7.016200423240661621e-01
6.839560270309448242e-01
6.982375383377075195e-01
7.087144255638122559e-01
7.020882368087768555e-01
6.899604201316833496e-01
7.109106779098510742e-01
7.066208124160766602e-01
6.988227367401123047e-01
7.052929401397705078e-01
6.875178813934326172e-01
6.955659389495849609e-01
6.979070901870727539e-01
7.078396081924438477e-01
6.950312256813049316e-01
7.092878222465515137e-01
6.954135298728942871e-01
6.958944201469421387e-01
6.863554120063781738e-01
7.045241594314575195e-01
6.926200985908508301e-01
7.045447826385498047e-01
6.963486075401306152e-01
6.846513152122497559e-01
6.904953122138977051e-01
6.885024309158325195e-01
6.957348585128784180e-01
6.963722109794616699e-01
7.022776007652282715e-01
6.904298663139343262e-01
7.024245858192443848e-01
7.029234170913696289e-01
6.923534870147705078e-01
6.954637169837951660e-01
7.027730941772460938e-01
6.921846270561218262e-01
7.021875381469726562e-01
6.953206062316894531e-01
6.951736211776733398e-01
6.963881254196166992e-01
6.963932514190673828e-01
6.901507377624511719e-01
6.925407648086547852e-01
6.900053620338439941e-01
6.935148239135742188e-01
6.988184452056884766e-01
6.918195486068725586e-01
6.989458203315734863e-01
6.877129673957824707e-01
6.898800134658813477e-01
6.799564957618713379e-01
7.021248936653137207e-01
7.003873586654663086e-01
6.815134286880493164e-01
7.074063420295715332e-01
7.007598876953125000e-01
7.019925117492675781e-01
7.011987566947937012e-01
6.973025202751159668e-01
6.972622275352478027e-01
6.894007921218872070e-01
7.023558020591735840e-01
6.953316330909729004e-01
6.965101361274719238e-01
6.950170993804931641e-01
6.905108094215393066e-01
7.032916545867919922e-01
6.838564276695251465e-01
6.912679076194763184e-01
7.025493383407592773e-01
7.106648683547973633e-01
7.004670500755310059e-01
6.950414180755615234e-01
6.772131323814392090e-01
6.935397386550903320e-01
6.904018521308898926e-01
7.025440931320190430e-01
6.847887039184570312e-01
6.863924264907836914e-01
6.909677386283874512e-01
7.216374874114990234e-01
7.038612961769104004e-01
7.011812925338745117e-01
6.970170140266418457e-01
6.940808296203613281e-01
7.054422497749328613e-01
6.878913044929504395e-01
6.876800656318664551e-01
6.978064775466918945e-01
6.985200047492980957e-01
7.038604021072387695e-01
6.986812353134155273e-01
6.835354566574096680e-01
6.842554807662963867e-01
6.968930959701538086e-01
6.946074366569519043e-01
6.916178464889526367e-01
7.065030336380004883e-01
7.014375329017639160e-01
7.027187943458557129e-01
6.913956999778747559e-01
7.044993638992309570e-01
7.101605534553527832e-01
6.991161704063415527e-01
7.000382542610168457e-01
6.796869039535522461e-01
6.885581612586975098e-01
6.950960159301757812e-01
7.005166411399841309e-01
6.865265965461730957e-01
6.964777112007141113e-01
6.946417689323425293e-01
7.039842009544372559e-01
6.910573244094848633e-01
7.064862251281738281e-01
7.038457393646240234e-01
6.787186861038208008e-01
7.024939060211181641e-01
6.976029872894287109e-01
6.882740259170532227e-01
7.006272077560424805e-01
7.061619162559509277e-01
6.916018724441528320e-01
7.074503302574157715e-01
6.954743862152099609e-01
6.868696212768554688e-01
6.999449729919433594e-01
7.117321491241455078e-01
7.000986337661743164e-01
7.051123380661010742e-01
6.948791146278381348e-01
7.092586159706115723e-01
7.002758979797363281e-01
6.877157092094421387e-01
6.907463669776916504e-01
6.870824098587036133e-01
6.878650784492492676e-01
7.008182406425476074e-01
7.087180614471435547e-01
6.967351436614990234e-01
6.854029893875122070e-01
7.030701637268066406e-01
6.995672583580017090e-01
6.845787167549133301e-01
6.911783814430236816e-01
6.998220682144165039e-01
6.873410940170288086e-01
6.928473711013793945e-01
6.900189518928527832e-01
7.087156772613525391e-01
6.887042522430419922e-01
6.941368579864501953e-01
6.939425468444824219e-01
6.926737427711486816e-01
7.020869851112365723e-01
7.149201035499572754e-01
6.925199031829833984e-01
6.905399560928344727e-01
7.086979150772094727e-01
6.874058246612548828e-01
6.831254959106445312e-01
6.912547349929809570e-01
7.020605206489562988e-01
6.900013685226440430e-01
6.882445216178894043e-01
6.853855848312377930e-01
7.075273394584655762e-01
7.122656106948852539e-01
6.930356025695800781e-01
6.936817765235900879e-01
6.904421448707580566e-01
6.864056587219238281e-01
7.004415392875671387e-01
6.931962370872497559e-01
6.914430260658264160e-01
6.983919143676757812e-01
6.997819542884826660e-01
6.924638748168945312e-01
6.978186368942260742e-01
6.966013312339782715e-01
6.797393560409545898e-01
7.115384936332702637e-01
6.990152597427368164e-01
6.877961158752441406e-01
6.811498403549194336e-01
6.926011443138122559e-01
6.972728967666625977e-01
6.926673054695129395e-01
6.961756348609924316e-01
6.999368667602539062e-01
7.083671092987060547e-01
6.895810961723327637e-01
6.964412331581115723e-01
6.991843581199645996e-01
6.975594162940979004e-01
7.012072205543518066e-01
7.029512524604797363e-01
6.817589998245239258e-01
7.061221003532409668e-01
6.912409067153930664e-01
6.976926326751708984e-01
6.897668242454528809e-01
6.916262507438659668e-01
6.828022003173828125e-01
6.879898309707641602e-01
7.006112933158874512e-01
6.852450966835021973e-01
7.052112817764282227e-01
7.021120786666870117e-01
7.072446942329406738e-01
6.990258097648620605e-01
6.943025588989257812e-01
7.017188072204589844e-01
7.057157754898071289e-01
6.932280659675598145e-01
7.018167376518249512e-01
6.926723122596740723e-01
6.886008381843566895e-01
6.937344670295715332e-01
7.086147069931030273e-01
7.016626000404357910e-01
6.998344659805297852e-01
6.928693652153015137e-01
6.956205368041992188e-01
7.028087377548217773e-01
6.957892775535583496e-01
7.088428735733032227e-01
6.887906789779663086e-01
7.014813423156738281e-01
7.011325359344482422e-01
6.880301237106323242e-01
7.021823525428771973e-01
6.916623115539550781e-01
6.940012574195861816e-01
6.879664659500122070e-01
6.834430098533630371e-01
7.079792022705078125e-01
6.814092397689819336e-01
6.989088654518127441e-01
7.012748718261718750e-01
6.926752328872680664e-01
6.888344287872314453e-01
7.009599208831787109e-01
6.770917773246765137e-01
6.862965226173400879e-01
7.021845579147338867e-01
6.834843158721923828e-01
6.877926588058471680e-01
7.036060094833374023e-01
6.944335103034973145e-01
6.996583342552185059e-01
6.973080635070800781e-01
6.942042708396911621e-01
6.880909204483032227e-01
7.125705480575561523e-01
7.040482163429260254e-01
7.069971561431884766e-01
6.977530121803283691e-01
6.950750946998596191e-01
6.894381046295166016e-01
6.960892081260681152e-01
6.921748518943786621e-01
6.856931447982788086e-01
7.009570002555847168e-01
6.963492035865783691e-01
6.947089433670043945e-01
6.952007412910461426e-01
6.860602498054504395e-01
7.013660669326782227e-01
7.048983573913574219e-01
7.000395059585571289e-01
7.036097049713134766e-01
6.995381712913513184e-01
6.988578438758850098e-01
7.015991806983947754e-01
6.944119930267333984e-01
6.934952735900878906e-01
7.062481641769409180e-01
7.053556442260742188e-01
6.886314749717712402e-01
6.970334053039550781e-01
6.989423632621765137e-01
6.955655813217163086e-01
6.973000168800354004e-01
6.935297250747680664e-01
7.114645242691040039e-01
7.081287503242492676e-01
6.996384859085083008e-01
7.023192644119262695e-01
6.979831457138061523e-01
7.068322300910949707e-01
6.785938143730163574e-01
6.952889561653137207e-01
7.057075500488281250e-01
6.999999284744262695e-01
6.838321685791015625e-01
7.012420892715454102e-01
6.903022527694702148e-01
6.982916593551635742e-01
6.840886473655700684e-01
6.986969709396362305e-01
6.785640716552734375e-01
7.039244174957275391e-01
6.922338604927062988e-01
7.044664621353149414e-01
6.952005028724670410e-01
7.013972997665405273e-01
6.867570877075195312e-01
7.026169300079345703e-01
6.998730301856994629e-01
7.074720859527587891e-01
6.894725561141967773e-01
7.077823877334594727e-01
7.009272575378417969e-01
7.136616706848144531e-01
6.793118715286254883e-01
6.952833533287048340e-01
6.936021447181701660e-01
6.932478547096252441e-01
6.955606937408447266e-01
7.037181854248046875e-01
6.896660327911376953e-01
6.946498155593872070e-01
6.778538823127746582e-01
6.948601007461547852e-01
6.945013403892517090e-01
7.216719388961791992e-01
6.842758655548095703e-01
6.896848678588867188e-01
7.075275182723999023e-01
6.902251243591308594e-01
6.970931291580200195e-01
7.024332284927368164e-01
6.978017091751098633e-01
6.922559142112731934e-01
7.001574039459228516e-01
6.945039033889770508e-01
6.996210813522338867e-01
7.071626782417297363e-01
6.907548308372497559e-01
7.027723193168640137e-01
6.961071491241455078e-01
6.905933618545532227e-01
6.862263083457946777e-01
6.857892870903015137e-01
6.873672604560852051e-01
6.866977214813232422e-01
6.953883767127990723e-01
6.981062889099121094e-01
7.001700401306152344e-01
6.845074892044067383e-01
7.030367851257324219e-01
7.001984715461730957e-01
7.015217542648315430e-01
6.781424880027770996e-01
6.955294609069824219e-01
6.856544613838195801e-01
6.955553889274597168e-01
6.847739815711975098e-01
6.968489289283752441e-01
7.003182768821716309e-01
7.090287208557128906e-01
6.906832456588745117e-01
6.902716755867004395e-01
6.971158385276794434e-01
6.916028261184692383e-01
7.048370838165283203e-01
7.041699886322021484e-01
7.048352360725402832e-01
6.982522010803222656e-01
6.941186189651489258e-01
7.050418257713317871e-01
6.947242617607116699e-01
6.997119188308715820e-01
6.879825592041015625e-01
6.835364699363708496e-01
6.968054175376892090e-01
6.923776268959045410e-01
7.003502845764160156e-01
6.895503401756286621e-01
6.909599304199218750e-01
6.991483569145202637e-01
7.037969827651977539e-01
6.925415992736816406e-01
6.944937109947204590e-01
6.983245015144348145e-01
6.980224251747131348e-01
7.010210156440734863e-01
6.988577842712402344e-01
6.999983191490173340e-01
7.005254030227661133e-01
6.814719438552856445e-01
6.967939734458923340e-01
7.213820815086364746e-01
7.030612826347351074e-01
6.905598044395446777e-01
6.926229596138000488e-01
7.133472561836242676e-01
6.855981349945068359e-01
6.975067853927612305e-01
6.956828832626342773e-01
6.988343000411987305e-01
6.956346035003662109e-01
7.009471654891967773e-01
6.990497112274169922e-01
6.897322535514831543e-01
6.909886598587036133e-01
7.038225531578063965e-01
6.995599269866943359e-01
6.932423710823059082e-01
6.971252560615539551e-01
6.918776035308837891e-01
6.919214725494384766e-01
6.790547370910644531e-01
6.962581276893615723e-01
7.066131830215454102e-01
6.929982304573059082e-01
6.972078084945678711e-01
6.944590210914611816e-01
6.915054917335510254e-01
7.000036239624023438e-01
6.913397312164306641e-01
6.835465431213378906e-01
7.058506011962890625e-01
6.995700597763061523e-01
6.881417036056518555e-01
6.945856213569641113e-01
6.906381845474243164e-01
6.916192770004272461e-01
6.978039145469665527e-01
7.008184790611267090e-01
6.933273077011108398e-01
6.967077851295471191e-01
6.998997926712036133e-01
6.922335028648376465e-01
6.857337951660156250e-01
7.057735919952392578e-01
7.123961448669433594e-01
7.007033824920654297e-01
6.972575783729553223e-01
7.019396424293518066e-01
7.131287455558776855e-01
6.997469067573547363e-01
6.924640536308288574e-01
7.120315432548522949e-01
7.212518453598022461e-01
6.935194730758666992e-01
6.835204362869262695e-01
6.961738467216491699e-01
6.868299841880798340e-01
6.817958950996398926e-01
7.155762314796447754e-01
6.918602585792541504e-01
6.838532090187072754e-01
6.931876540184020996e-01
7.054005265235900879e-01
7.093357443809509277e-01
6.877719759941101074e-01
6.923933029174804688e-01
6.739183664321899414e-01
6.989892125129699707e-01
6.926407217979431152e-01
6.873635649681091309e-01
6.958722472190856934e-01
6.911289095878601074e-01
6.976606249809265137e-01
6.893101930618286133e-01
7.016116380691528320e-01
6.953654289245605469e-01
6.953541040420532227e-01
7.023509740829467773e-01
6.981920003890991211e-01
6.995491981506347656e-01
6.920537352561950684e-01
7.044231891632080078e-01
6.905246973037719727e-01
7.007614374160766602e-01
6.950150132179260254e-01
6.789023280143737793e-01
6.883381009101867676e-01
6.876152157783508301e-01
6.921809911727905273e-01
7.063142061233520508e-01
6.992474198341369629e-01
6.998567581176757812e-01
6.969094872474670410e-01
7.120280861854553223e-01
6.886553168296813965e-01
6.878491640090942383e-01
6.905206441879272461e-01
6.933401823043823242e-01
7.061665654182434082e-01
6.920123696327209473e-01
7.065392732620239258e-01
6.982355117797851562e-01
6.998195648193359375e-01
6.763586401939392090e-01
7.129109501838684082e-01
7.024036049842834473e-01
6.940057873725891113e-01
7.112828493118286133e-01
6.966023445129394531e-01
7.032812833786010742e-01
6.912116408348083496e-01
6.888910531997680664e-01
6.871685385704040527e-01
6.974948644638061523e-01
6.898167133331298828e-01
7.051891684532165527e-01
6.795225739479064941e-01
7.094546556472778320e-01
6.873306632041931152e-01
6.909599304199218750e-01
6.951128244400024414e-01
7.006824016571044922e-01
6.930727362632751465e-01
7.073842287063598633e-01
7.001615762710571289e-01
7.070930004119873047e-01
6.915392875671386719e-01
7.067021131515502930e-01
6.976780295372009277e-01
6.905274391174316406e-01
7.056365013122558594e-01
6.881719827651977539e-01
6.985611319541931152e-01
7.090792059898376465e-01
7.041078209877014160e-01
6.935791969299316406e-01
6.966955661773681641e-01
6.845851540565490723e-01
7.017625570297241211e-01
7.014343142509460449e-01
6.971362829208374023e-01
7.047432661056518555e-01
6.965193748474121094e-01
6.966094970703125000e-01
6.868079900741577148e-01
6.914141774177551270e-01
6.835119724273681641e-01
6.871176958084106445e-01
7.098867297172546387e-01
7.021157145500183105e-01
6.984906792640686035e-01
6.900227069854736328e-01
7.064468264579772949e-01
6.988697052001953125e-01
6.740356683731079102e-01
6.903462409973144531e-01
6.976352334022521973e-01
6.946103572845458984e-01
6.984966993331909180e-01
7.072063684463500977e-01
6.934304237365722656e-01
7.095934152603149414e-01
6.959950923919677734e-01
6.886068582534790039e-01
6.897169947624206543e-01
6.886816620826721191e-01
7.099291086196899414e-01
7.026692032814025879e-01
6.978043913841247559e-01
7.010121345520019531e-01
6.902623176574707031e-01
7.009542584419250488e-01
6.803121566772460938e-01
7.075666189193725586e-01
6.728166937828063965e-01
7.007696628570556641e-01
7.008294463157653809e-01
6.894493103027343750e-01
6.928552985191345215e-01
6.972827911376953125e-01
6.953619718551635742e-01
7.017664909362792969e-01
6.907950043678283691e-01
6.923916339874267578e-01
6.939873695373535156e-01
7.062011957168579102e-01
6.983649134635925293e-01
6.877338290214538574e-01
6.868042349815368652e-01
6.828158497810363770e-01
6.951856613159179688e-01
6.981335878372192383e-01
6.871092915534973145e-01
7.099100351333618164e-01
7.064098119735717773e-01
7.028852701187133789e-01
6.863527297973632812e-01
7.037137150764465332e-01
6.908565759658813477e-01
6.901687383651733398e-01
6.907528638839721680e-01
6.976307034492492676e-01
6.778858304023742676e-01
6.996188163757324219e-01
6.920464634895324707e-01
6.900589466094970703e-01
6.892496347427368164e-01
6.935748457908630371e-01
6.913995146751403809e-01
6.957840919494628906e-01
6.998890638351440430e-01
6.929393410682678223e-01
6.924358010292053223e-01
7.105202674865722656e-01
7.004468441009521484e-01
6.964558959007263184e-01
7.045255303382873535e-01
6.982542872428894043e-01
7.164887785911560059e-01
6.932497620582580566e-01
6.928378343582153320e-01
7.009187936782836914e-01
6.996588110923767090e-01
6.960778832435607910e-01
7.015207409858703613e-01
6.836730837821960449e-01
6.910431981086730957e-01
6.937610507011413574e-01
7.105104327201843262e-01
6.920824646949768066e-01
6.880751848220825195e-01
6.949867606163024902e-01
7.092272639274597168e-01
7.117681503295898438e-01
6.958947181701660156e-01
6.949892044067382812e-01
6.998763084411621094e-01
6.938962340354919434e-01
6.881735920906066895e-01
7.022355794906616211e-01
6.825772523880004883e-01
7.022220492362976074e-01
7.047389149665832520e-01
7.000669240951538086e-01
7.014718055725097656e-01
6.940573453903198242e-01
6.759430170059204102e-01
6.812686324119567871e-01
7.177892923355102539e-01
6.817466616630554199e-01
6.847199797630310059e-01
6.864667534828186035e-01
6.934391856193542480e-01
6.997026205062866211e-01
7.002518177032470703e-01
6.802947521209716797e-01
7.059400081634521484e-01
6.957411170005798340e-01
6.899822950363159180e-01
7.011620998382568359e-01
7.003828883171081543e-01
6.875935792922973633e-01
6.951191425323486328e-01
6.944176554679870605e-01
7.022980451583862305e-01
7.144777178764343262e-01
7.026905417442321777e-01
6.980051994323730469e-01
6.994876861572265625e-01
6.986710429191589355e-01
6.945564746856689453e-01
7.010613083839416504e-01
6.938591003417968750e-01
6.936996579170227051e-01
6.895345449447631836e-01
6.975655555725097656e-01
6.975460052490234375e-01
7.016236782073974609e-01
7.065879106521606445e-01
6.959919929504394531e-01
7.086904048919677734e-01
6.905845999717712402e-01
6.960085630416870117e-01
6.956682205200195312e-01
6.915369629859924316e-01
6.890415549278259277e-01
7.058166861534118652e-01
6.896181106567382812e-01
6.985578536987304688e-01
7.062289118766784668e-01
6.841915249824523926e-01
6.950007081031799316e-01
7.031673192977905273e-01
6.968011260032653809e-01
6.974533200263977051e-01
6.889972090721130371e-01
6.846295595169067383e-01
7.075185179710388184e-01
6.947542428970336914e-01
6.800976991653442383e-01
6.955927014350891113e-01
6.913712620735168457e-01
6.820439696311950684e-01
7.008935809135437012e-01
6.956220865249633789e-01
6.905154585838317871e-01
6.940412521362304688e-01
6.918943524360656738e-01
6.859535574913024902e-01
6.798115372657775879e-01
6.866243481636047363e-01
6.929878592491149902e-01
6.879783868789672852e-01
6.945551037788391113e-01
6.955010890960693359e-01
7.020523548126220703e-01
7.002599835395812988e-01
7.033963203430175781e-01
6.910616755485534668e-01
6.989209055900573730e-01
6.878488063812255859e-01
7.014936208724975586e-01
6.888493895530700684e-01
6.992394328117370605e-01
6.920551061630249023e-01
6.993485093116760254e-01
6.958750486373901367e-01
6.981520652770996094e-01
6.964855194091796875e-01
7.150201797485351562e-01
6.961659789085388184e-01
7.084079980850219727e-01
6.962053179740905762e-01
6.804674863815307617e-01
7.043949961662292480e-01
7.061263322830200195e-01
6.996766328811645508e-01
6.985673308372497559e-01
7.034240961074829102e-01
6.892337799072265625e-01
7.080562114715576172e-01
6.930817365646362305e-01
6.870869398117065430e-01
7.080531120300292969e-01
6.982497572898864746e-01
6.940538883209228516e-01
7.009931802749633789e-01
6.982474327087402344e-01
6.929073929786682129e-01
6.921042203903198242e-01
6.859831809997558594e-01
6.867821812629699707e-01
6.971118450164794922e-01
7.025515437126159668e-01
6.987904310226440430e-01
7.035261988639831543e-01
7.041829824447631836e-01
7.036046981811523438e-01
6.942532062530517578e-01
6.952381730079650879e-01
6.902204751968383789e-01
7.046562433242797852e-01
6.992170214653015137e-01
6.879932880401611328e-01
6.974279880523681641e-01
6.916683316230773926e-01
6.972054243087768555e-01
6.999764442443847656e-01
6.919724345207214355e-01
7.032584547996520996e-01
6.813977956771850586e-01
7.031131386756896973e-01
6.957851648330688477e-01
6.916455030441284180e-01
6.890667080879211426e-01
7.086840271949768066e-01
6.858726739883422852e-01
7.023227810859680176e-01
6.887634992599487305e-01
6.937205195426940918e-01
6.892912983894348145e-01
6.994487643241882324e-01
6.938762068748474121e-01
6.980624794960021973e-01
7.072334885597229004e-01
6.895520091056823730e-01
6.891125440597534180e-01
6.935765743255615234e-01
6.979280114173889160e-01
6.938761472702026367e-01
6.936556696891784668e-01
6.961619257926940918e-01
7.013736963272094727e-01
7.022516727447509766e-01
7.021096944808959961e-01
7.024487257003784180e-01
7.210772633552551270e-01
7.032455205917358398e-01
6.895095705986022949e-01
6.992322206497192383e-01
6.812181472778320312e-01
6.984184980392456055e-01
6.976295709609985352e-01
6.896613240242004395e-01
6.914314627647399902e-01
6.890147328376770020e-01
6.970202922821044922e-01
6.903103590011596680e-01
6.929597854614257812e-01
7.148250937461853027e-01
6.895040273666381836e-01
7.041934132575988770e-01
6.962776184082031250e-01
6.933954954147338867e-01
6.950590014457702637e-01
6.870450973510742188e-01
7.023697495460510254e-01
6.946377158164978027e-01
6.959295272827148438e-01
7.028459310531616211e-01
6.918424367904663086e-01
6.962254643440246582e-01
6.834676265716552734e-01
7.116447687149047852e-01
6.862747073173522949e-01
6.844044923782348633e-01
6.843895316123962402e-01
7.005900144577026367e-01
6.945266723632812500e-01
6.908335685729980469e-01
6.901121735572814941e-01
6.928836703300476074e-01
6.961444616317749023e-01
7.069196105003356934e-01
6.944416165351867676e-01
6.981750726699829102e-01
6.964259147644042969e-01
6.878442764282226562e-01
7.067942619323730469e-01
6.910244226455688477e-01
6.995145082473754883e-01
6.832579374313354492e-01
7.090134024620056152e-01
7.022531628608703613e-01
7.085416316986083984e-01
7.039169073104858398e-01
6.867251992225646973e-01
7.036926150321960449e-01
6.895918846130371094e-01
6.855342984199523926e-01
7.013232707977294922e-01
6.997396945953369141e-01
6.955048441886901855e-01
7.015159130096435547e-01
6.965453028678894043e-01
7.018965482711791992e-01
7.061631083488464355e-01
6.909853816032409668e-01
6.913423538208007812e-01
7.059227228164672852e-01
6.993693709373474121e-01
7.082189917564392090e-01
6.957082152366638184e-01
6.758042573928833008e-01
6.878162622451782227e-01
7.080892324447631836e-01
6.995224952697753906e-01
6.899477839469909668e-01
6.924009323120117188e-01
6.922292709350585938e-01
6.997573971748352051e-01
6.961506009101867676e-01
6.896397471427917480e-01
6.825845837593078613e-01
6.784204244613647461e-01
7.002056837081909180e-01
6.988742351531982422e-01
6.921859383583068848e-01
6.840020418167114258e-01
6.908301115036010742e-01
6.930688023567199707e-01
6.850194931030273438e-01
6.812162995338439941e-01
6.920236349105834961e-01
6.943148970603942871e-01
6.907143592834472656e-01
6.968134641647338867e-01
7.030445337295532227e-01
7.138252258300781250e-01
6.866855025291442871e-01
6.944336295127868652e-01
7.116255164146423340e-01
6.895393133163452148e-01
7.015802860260009766e-01
7.038680315017700195e-01
6.972333192825317383e-01
7.002117633819580078e-01
6.790544390678405762e-01
7.075670957565307617e-01
6.911017298698425293e-01
6.958062052726745605e-01
7.025586962699890137e-01
6.940351724624633789e-01
7.106105685234069824e-01
6.983966827392578125e-01
6.913440823554992676e-01
6.893414258956909180e-01
6.678805947303771973e-01
7.021696567535400391e-01
7.133548855781555176e-01
6.997868418693542480e-01
6.969213485717773438e-01
6.943325996398925781e-01
6.908328533172607422e-01
6.983071565628051758e-01
6.989383101463317871e-01
7.041878104209899902e-01
6.886308789253234863e-01
6.979607939720153809e-01
6.961607933044433594e-01
6.877616047859191895e-01
6.957340240478515625e-01
6.983069777488708496e-01
7.089440226554870605e-01
6.945149302482604980e-01
7.004973888397216797e-01
7.071849107742309570e-01
6.913683414459228516e-01
6.923758387565612793e-01
7.017273306846618652e-01
6.925207376480102539e-01
7.135481834411621094e-01
6.973092555999755859e-01
7.075002789497375488e-01
6.902395486831665039e-01
6.869518756866455078e-01
6.933561563491821289e-01
6.882547140121459961e-01
6.885453462600708008e-01
6.896257400512695312e-01
6.873725652694702148e-01
6.984816193580627441e-01
7.009391784667968750e-01
6.923342943191528320e-01
6.954889893531799316e-01
6.897102594375610352e-01
7.129608988761901855e-01
7.017517685890197754e-01
6.955643296241760254e-01
6.939177513122558594e-01
7.123095989227294922e-01
6.931292414665222168e-01
7.009600996971130371e-01
6.972491741180419922e-01
6.987739801406860352e-01
6.865063905715942383e-01
6.934370398521423340e-01
7.031193971633911133e-01
6.998177766799926758e-01
6.835015416145324707e-01
6.916190385818481445e-01
6.905955076217651367e-01
7.070373296737670898e-01
6.967481374740600586e-01
7.022048234939575195e-01
6.927245259284973145e-01
7.121218442916870117e-01
6.945691108703613281e-01
6.949518918991088867e-01
6.893790960311889648e-01
7.021183967590332031e-01
6.954775452613830566e-01
7.054822444915771484e-01
7.051135301589965820e-01
6.950296759605407715e-01
7.092355489730834961e-01
6.896910667419433594e-01
6.895163059234619141e-01
6.743580698966979980e-01
6.975041627883911133e-01
6.887238025665283203e-01
6.858958005905151367e-01
6.872866153717041016e-01
7.013230919837951660e-01
7.035217881202697754e-01
6.929745674133300781e-01
7.090024352073669434e-01
6.875939369201660156e-01
7.016546726226806641e-01
6.877433061599731445e-01
6.982716321945190430e-01
6.968941688537597656e-01
6.892787218093872070e-01
6.957103610038757324e-01
6.793938875198364258e-01
6.992098093032836914e-01
6.836239695549011230e-01
7.067118883132934570e-01
6.859787702560424805e-01
6.912146806716918945e-01
6.980398297309875488e-01
6.990014314651489258e-01
6.965055465698242188e-01
6.908281445503234863e-01
7.044405937194824219e-01
7.024405002593994141e-01
7.094061970710754395e-01
6.986862421035766602e-01
6.995395421981811523e-01
6.878477334976196289e-01
6.912016868591308594e-01
6.837546825408935547e-01
7.074046134948730469e-01
6.916586160659790039e-01
7.045749425888061523e-01
6.899441480636596680e-01
6.835833787918090820e-01
7.063422799110412598e-01
6.861445903778076172e-01
7.145587205886840820e-01
6.809507608413696289e-01
6.958898305892944336e-01
7.009611129760742188e-01
6.915045976638793945e-01
6.907354593276977539e-01
6.895743608474731445e-01
6.997971534729003906e-01
7.009367346763610840e-01
7.030093073844909668e-01
6.944482326507568359e-01
6.988173723220825195e-01
7.034081220626831055e-01
6.925340294837951660e-01
7.078403234481811523e-01
6.782441139221191406e-01
6.988823413848876953e-01
6.939867138862609863e-01
6.972630620002746582e-01
7.033820748329162598e-01
7.005314826965332031e-01
6.963838934898376465e-01
6.953399181365966797e-01
6.931077837944030762e-01
6.989927291870117188e-01
6.909871697425842285e-01
6.989173889160156250e-01
6.973677873611450195e-01
6.970330476760864258e-01
6.966004371643066406e-01
6.941193342208862305e-01
7.049383521080017090e-01
6.959633827209472656e-01
6.788821816444396973e-01
7.184555530548095703e-01
6.975677609443664551e-01
6.955026984214782715e-01
6.890389919281005859e-01
6.995040178298950195e-01
6.856656670570373535e-01
7.055967450141906738e-01
6.964568495750427246e-01
7.007789015769958496e-01
6.980023384094238281e-01
7.092919349670410156e-01
6.932115554809570312e-01
6.938661336898803711e-01
6.984203457832336426e-01
6.992536783218383789e-01
7.071170806884765625e-01
7.004042863845825195e-01
6.975175738334655762e-01
6.924313306808471680e-01
6.959546208381652832e-01
6.954213380813598633e-01
7.023710012435913086e-01
6.927270889282226562e-01
7.040092349052429199e-01
6.922849416732788086e-01
6.939833164215087891e-01
7.057834863662719727e-01
6.883993148803710938e-01
6.817955970764160156e-01
7.027518153190612793e-01
6.829982995986938477e-01
6.992710828781127930e-01
6.990313529968261719e-01
6.868891119956970215e-01
6.851167082786560059e-01
6.883810162544250488e-01
6.955441832542419434e-01
6.939851641654968262e-01
6.908999085426330566e-01
7.002964019775390625e-01
7.085307240486145020e-01
6.838685274124145508e-01
7.035891413688659668e-01
6.952482461929321289e-01
6.881588697433471680e-01
6.979331970214843750e-01
7.028558254241943359e-01
6.858706474304199219e-01
6.852501034736633301e-01
7.025226354598999023e-01
6.962938308715820312e-01
6.970784068107604980e-01
6.803416609764099121e-01
6.887108683586120605e-01
6.979937553405761719e-01
6.991813182830810547e-01
7.014408707618713379e-01
6.920732259750366211e-01
6.887148022651672363e-01
7.011861205101013184e-01
6.965368986129760742e-01
6.970617771148681641e-01
6.912554502487182617e-01
6.939367651939392090e-01
6.918460726737976074e-01
7.128692269325256348e-01
6.847692131996154785e-01
6.879452466964721680e-01
6.991050839424133301e-01
6.849203705787658691e-01
6.984009742736816406e-01
7.033704519271850586e-01
6.938917636871337891e-01
6.858425736427307129e-01
6.943288445472717285e-01
6.925706863403320312e-01
6.988378167152404785e-01
7.020018696784973145e-01
6.944580674171447754e-01
7.095623016357421875e-01
6.980658769607543945e-01
7.106363773345947266e-01
7.121496796607971191e-01
6.969697475433349609e-01
6.937879323959350586e-01
6.977883577346801758e-01
7.050732970237731934e-01
6.929072141647338867e-01
7.000032663345336914e-01
7.038763761520385742e-01
6.875500679016113281e-01
6.886680126190185547e-01
7.002274990081787109e-01
6.972803473472595215e-01
6.940868496894836426e-01
6.917409896850585938e-01
7.038668990135192871e-01
6.851706504821777344e-01
7.086101770401000977e-01
6.834203004837036133e-01
6.996015310287475586e-01
6.878423690795898438e-01
6.949754357337951660e-01
6.867230534553527832e-01
6.956831216812133789e-01
7.052351236343383789e-01
6.845783591270446777e-01
7.015435099601745605e-01
6.766165494918823242e-01
6.974315643310546875e-01
6.936400532722473145e-01
7.025048732757568359e-01
6.911122798919677734e-01
6.906942725181579590e-01
6.893787384033203125e-01
7.055515646934509277e-01
6.996048092842102051e-01
7.003047466278076172e-01
6.966404914855957031e-01
7.079925537109375000e-01
7.038639783859252930e-01
6.934762597084045410e-01
7.105584144592285156e-01
6.897917985916137695e-01
6.814177036285400391e-01
6.962280869483947754e-01
6.926506161689758301e-01
6.954987645149230957e-01
6.827823519706726074e-01
6.937001943588256836e-01
7.092186808586120605e-01
6.880471706390380859e-01
7.045632004737854004e-01
6.802430152893066406e-01
6.981058716773986816e-01
6.925060153007507324e-01
7.062625885009765625e-01
6.962829232215881348e-01
6.847323775291442871e-01
6.940818428993225098e-01
7.013629078865051270e-01
6.978698372840881348e-01
6.919168829917907715e-01
6.856405138969421387e-01
7.070646882057189941e-01
7.002541422843933105e-01
6.929503083229064941e-01
7.012730836868286133e-01
6.989549994468688965e-01
6.911068558692932129e-01
6.925699710845947266e-01
6.834262013435363770e-01
6.918475627899169922e-01
6.933979988098144531e-01
6.902451515197753906e-01
7.085065841674804688e-01
6.950758695602416992e-01
7.003157138824462891e-01
7.032729387283325195e-01
6.893923878669738770e-01
6.914657950401306152e-01
6.992443799972534180e-01
6.878914833068847656e-01
6.979809999465942383e-01
7.029174566268920898e-01
6.972656250000000000e-01
6.985932588577270508e-01
6.940189003944396973e-01
6.933063864707946777e-01
6.962288618087768555e-01
6.932396888732910156e-01
6.960563659667968750e-01
6.926599740982055664e-01
7.011349201202392578e-01
6.936091780662536621e-01
6.928318142890930176e-01
6.903887987136840820e-01
6.824338436126708984e-01
6.970578432083129883e-01
6.971973180770874023e-01
6.823358535766601562e-01
6.955054998397827148e-01
6.807124018669128418e-01
6.919689178466796875e-01
6.985458135604858398e-01
6.915093660354614258e-01
7.066816091537475586e-01
6.958084702491760254e-01
6.868544220924377441e-01
7.026329636573791504e-01
7.067763209342956543e-01
7.108802199363708496e-01
6.932250261306762695e-01
6.951078176498413086e-01
6.995908021926879883e-01
6.919304132461547852e-01
6.850328445434570312e-01
7.074754238128662109e-01
6.900023818016052246e-01
7.055872678756713867e-01
7.085655927658081055e-01
6.935474872589111328e-01
6.913818120956420898e-01
7.006926536560058594e-01
7.008576989173889160e-01
7.135316729545593262e-01
6.895093321800231934e-01
6.957212090492248535e-01
7.081021070480346680e-01
6.957275271415710449e-01
7.013924717903137207e-01
6.943526268005371094e-01
6.968972682952880859e-01
6.817069649696350098e-01
6.808772087097167969e-01
6.900295019149780273e-01
7.058436870574951172e-01
6.991160511970520020e-01
7.013507485389709473e-01
6.960912346839904785e-01
6.949537396430969238e-01
6.781512498855590820e-01
6.983955502510070801e-01
6.928629279136657715e-01
6.968939304351806641e-01
6.986601352691650391e-01
7.042519450187683105e-01
6.928634047508239746e-01
6.972566246986389160e-01
6.828044056892395020e-01
6.939029097557067871e-01
6.922950744628906250e-01
7.025542259216308594e-01
6.923678517341613770e-01
6.929640769958496094e-01
6.842526793479919434e-01
6.906866431236267090e-01
7.033290863037109375e-01
7.017469406127929688e-01
6.973550319671630859e-01
6.928776502609252930e-01
7.082564830780029297e-01
7.110931277275085449e-01
7.180396318435668945e-01
6.867899894714355469e-01
6.874984502792358398e-01
6.921685934066772461e-01
6.932139396667480469e-01
6.878330111503601074e-01
6.962720155715942383e-01
7.009281516075134277e-01
6.884307861328125000e-01
6.823253035545349121e-01
6.924868226051330566e-01
6.918236613273620605e-01
7.047687172889709473e-01
7.062953710556030273e-01
6.977246999740600586e-01
6.933438181877136230e-01
6.872253417968750000e-01
6.898954510688781738e-01
6.790906786918640137e-01
7.097342610359191895e-01
6.937242150306701660e-01
7.096346020698547363e-01
7.001032829284667969e-01
6.819690465927124023e-01
6.971668004989624023e-01
7.027908563613891602e-01
6.872877478599548340e-01
7.053321599960327148e-01
7.118827700614929199e-01
7.008349299430847168e-01
6.977792382240295410e-01
6.866140365600585938e-01
6.875388622283935547e-01
6.995942592620849609e-01
7.017152309417724609e-01
6.930528879165649414e-01
6.973384618759155273e-01
6.973677873611450195e-01
6.946338415145874023e-01
6.929986476898193359e-01
7.012786865234375000e-01
6.888628005981445312e-01
7.048916816711425781e-01
6.926207542419433594e-01
6.963459253311157227e-01
6.971302628517150879e-01
7.047207355499267578e-01
6.838841438293457031e-01
6.996982097625732422e-01
6.872124075889587402e-01
6.760667562484741211e-01
7.053689360618591309e-01
7.078408002853393555e-01
6.892441511154174805e-01
6.913465261459350586e-01
7.054888606071472168e-01
7.022390365600585938e-01
6.995652914047241211e-01
7.132652997970581055e-01
6.844226717948913574e-01
7.019595503807067871e-01
6.657387018203735352e-01
6.946689486503601074e-01
6.854428052902221680e-01
7.015670537948608398e-01
6.973032951354980469e-01
6.944205760955810547e-01
6.992883682250976562e-01
6.922471523284912109e-01
6.996513605117797852e-01
6.962229609489440918e-01
6.875573396682739258e-01
7.040734291076660156e-01
7.074704170227050781e-01
7.032352089881896973e-01
6.966580748558044434e-01
6.951593756675720215e-01
6.928739547729492188e-01
6.950861215591430664e-01
6.868146061897277832e-01
7.002447843551635742e-01
6.933851838111877441e-01
6.997207999229431152e-01
6.939228773117065430e-01
6.803419589996337891e-01
7.086957097053527832e-01
6.994669437408447266e-01
6.944278478622436523e-01
6.915118098258972168e-01
6.955807209014892578e-01
6.909859776496887207e-01
7.089004516601562500e-01
6.983928680419921875e-01
7.048000097274780273e-01
6.910157799720764160e-01
6.912795901298522949e-01
6.918073892593383789e-01
6.928460597991943359e-01
6.907469034194946289e-01
6.976785063743591309e-01
6.874782443046569824e-01
6.877993941307067871e-01
6.895776987075805664e-01
6.987141370773315430e-01
7.036760449409484863e-01
6.967583298683166504e-01
6.959807872772216797e-01
6.986155509948730469e-01
6.963552236557006836e-01
6.985369920730590820e-01
7.022690773010253906e-01
6.869816184043884277e-01
6.973426342010498047e-01
6.991295814514160156e-01
6.903281807899475098e-01
6.952298283576965332e-01
7.175159454345703125e-01
7.024626731872558594e-01
7.017779350280761719e-01
7.021121382713317871e-01
6.979385614395141602e-01
6.917368769645690918e-01
6.912403106689453125e-01
6.969966292381286621e-01
6.924905776977539062e-01
6.975448727607727051e-01
6.962081193923950195e-01
6.944370269775390625e-01
7.009034752845764160e-01
6.920573115348815918e-01
6.916059255599975586e-01
6.916994452476501465e-01
6.891219019889831543e-01
6.884685158729553223e-01
6.938183903694152832e-01
6.993678212165832520e-01
6.880035996437072754e-01
6.780891418457031250e-01
6.936012506484985352e-01
6.983442306518554688e-01
6.946294903755187988e-01
7.016251683235168457e-01
6.939977407455444336e-01
7.093083858489990234e-01
6.930204629898071289e-01
6.946278810501098633e-01
6.920673847198486328e-01
6.897531151771545410e-01
7.159361839294433594e-01
6.892109513282775879e-01
6.824564337730407715e-01
6.780418753623962402e-01
6.860228180885314941e-01
7.164668440818786621e-01
6.981297731399536133e-01
7.045282125473022461e-01
6.937565207481384277e-01
7.150284051895141602e-01
6.972545981407165527e-01
7.017490863800048828e-01
6.985676288604736328e-01
6.981397867202758789e-01
6.896202564239501953e-01
6.988230943679809570e-01
6.837447881698608398e-01
6.953673362731933594e-01
7.029084563255310059e-01
6.974267959594726562e-01
7.017683386802673340e-01
6.998679637908935547e-01
6.937367320060729980e-01
6.962435841560363770e-01
6.946271657943725586e-01
6.936618089675903320e-01
6.955755949020385742e-01
6.966539621353149414e-01
6.974110007286071777e-01
6.978155970573425293e-01
6.857651472091674805e-01
7.123603820800781250e-01
6.952741146087646484e-01
6.810343861579895020e-01
6.971647143363952637e-01
6.993215084075927734e-01
6.952743530273437500e-01
7.041945457458496094e-01
7.007286548614501953e-01
6.936606764793395996e-01
6.958533525466918945e-01
6.939629912376403809e-01
6.816990971565246582e-01
6.920326948165893555e-01
6.964630484580993652e-01
7.089424133300781250e-01
6.914593577384948730e-01
6.868487596511840820e-01
6.950871348381042480e-01
7.132722735404968262e-01
6.748294830322265625e-01
6.907071471214294434e-01
6.839075088500976562e-01
6.950130462646484375e-01
6.952728629112243652e-01
6.916703581809997559e-01
6.964555382728576660e-01
7.004281878471374512e-01
6.948205828666687012e-01
6.993069648742675781e-01
7.005001306533813477e-01
7.018100023269653320e-01
6.970908641815185547e-01
6.920115947723388672e-01
6.901445388793945312e-01
6.930065155029296875e-01
6.950681805610656738e-01
7.169082760810852051e-01
6.907664537429809570e-01
7.031116485595703125e-01
7.072380781173706055e-01
6.902574300765991211e-01
6.972260475158691406e-01
6.909954547882080078e-01
6.940577030181884766e-01
6.932735443115234375e-01
6.924073100090026855e-01
6.983911395072937012e-01
7.029069066047668457e-01
6.980900168418884277e-01
6.918186545372009277e-01
6.915576457977294922e-01
7.002937197685241699e-01
6.873887777328491211e-01
6.928895711898803711e-01
6.975113749504089355e-01
6.828287839889526367e-01
7.034198641777038574e-01
7.073032855987548828e-01
6.922432780265808105e-01
6.912807822227478027e-01
6.900793910026550293e-01
6.917544007301330566e-01
6.997175216674804688e-01
7.051656246185302734e-01
6.944037675857543945e-01
6.934460997581481934e-01
6.763166189193725586e-01
7.049341201782226562e-01
6.853981018066406250e-01
6.939669847488403320e-01
6.987329721450805664e-01
6.977588534355163574e-01
6.926480531692504883e-01
7.018952965736389160e-01
7.049403190612792969e-01
7.003407478332519531e-01
7.009749412536621094e-01
6.901488304138183594e-01
6.936892271041870117e-01
7.128556966781616211e-01
6.961652636528015137e-01
6.975347995758056641e-01
7.066470980644226074e-01
6.840845942497253418e-01
6.867836117744445801e-01
6.920255422592163086e-01
6.960356235504150391e-01
6.875060796737670898e-01
6.919521093368530273e-01
6.909812688827514648e-01
7.027941942214965820e-01
6.985970735549926758e-01
6.908127069473266602e-01
6.971157789230346680e-01
7.104381918907165527e-01
