7.014602832819336609e-01
6.934217292981319503e-01
6.932716122218743893e-01
6.932588873715657130e-01
6.933125657195904346e-01
6.932784016944367744e-01
6.932496529343261660e-01
6.933021946127301272e-01
6.933426487809135619e-01
6.933922033991951617e-01
6.933031996809462250e-01
6.932795190203766555e-01
6.933686020475687828e-01
6.933191147201426263e-01
6.932979280994708837e-01
6.933297236331290581e-01
6.933987394175307184e-01
6.932624740708952515e-01
6.933303879584046259e-01
6.932844582752968332e-01
6.933391522358631764e-01
6.932964128116816394e-01
6.934488201121091766e-01
6.933858035346821547e-01
6.934099746762537597e-01
