7.207195178985592587e-01
6.935151500701903782e-01
6.936822603225709649e-01
6.933968765258787803e-01
6.932565505027767916e-01
6.932869243621825328e-01
6.933578408241269919e-01
6.933338101387024333e-01
6.932440551757812486e-01
6.933559543609622011e-01
6.933829234123229934e-01
6.932958605766296190e-01
6.933388504028317190e-01
6.934501586914060267e-01
6.933287757873531909e-01
6.933260820388793544e-01
6.933755563735959360e-01
6.932565662384031491e-01
6.934387298583987169e-01
6.934670873641963773e-01
6.933227824211115609e-01
6.933538485527040995e-01
6.933373963356020964e-01
6.936008608818057253e-01
6.933621775627133443e-01
