7.261595803933307280e-01
6.935323484420968798e-01
6.932890497686541309e-01
6.933593109487378170e-01
6.933079273430279299e-01
6.932785762539834806e-01
6.932498815849503782e-01
6.932847055796608204e-01
6.932865822981912896e-01
6.934361505345693066e-01
6.932508377925274967e-01
6.933879639754348956e-01
6.933306356069938170e-01
6.934084361867756119e-01
6.933100147454026585e-01
6.935064546921667628e-01
6.933813151822912912e-01
6.933563810449386855e-01
6.933682361702109276e-01
6.935425299463119364e-01
6.933615668442442148e-01
