7.105555580334023125e-01
6.935057653695690938e-01
6.933890544294393221e-01
6.933073106221925297e-01
6.932025608794322169e-01
6.933201088789466837e-01
6.932903230316942444e-01
6.933212001987293371e-01
6.933083303266954767e-01
6.933341341592801355e-01
6.933352185796538558e-01
6.934499350836071940e-01
6.932606811019645932e-01
6.933831085177997178e-01
6.933683851959793198e-01
6.933200420574884282e-01
6.933201253093773664e-01
6.933243467812602034e-01
6.933624947329467547e-01
6.934496314305833575e-01
6.932711081819660226e-01
