7.141545821930214144e-01
6.932962783611034130e-01
6.933647870522727796e-01
6.933183587668264591e-01
6.933290836375877175e-01
6.934871026246458570e-01
6.933595774075325124e-01
6.933401808946971778e-01
6.933301570800015634e-01
6.932325723806103124e-01
6.932822252357627724e-01
6.933049110446072305e-01
6.932844105009799973e-01
6.934922060676451672e-01
6.933875359899744906e-01
6.933178784352590496e-01
6.934395712859483529e-01
6.934416707019401827e-01
6.933032745566823918e-01
6.934145187484603845e-01
6.933778378900231631e-01
