7.363916957855224377e-01
6.933913694381713677e-01
6.933588824272155504e-01
6.933362485885622428e-01
6.932985462188716586e-01
6.932871560096743879e-01
6.932521020889281793e-01
6.932952239990233245e-01
6.932922206878661120e-01
6.933579861640930542e-01
6.933079751968380666e-01
6.933447943687439663e-01
6.933521937370302757e-01
6.932508225440975336e-01
6.934012828826904284e-01
6.933880505561829111e-01
6.933845563888553221e-01
6.932247149467465341e-01
6.935070160865780542e-01
6.933078695297243410e-01
6.933529481887816814e-01
