7.127833142215367346e-01
6.935084263602903087e-01
6.933806660267773925e-01
6.933060514887868786e-01
6.933945546272639593e-01
6.933732105033415527e-01
6.933727796150629397e-01
6.932529640446906116e-01
6.932815783929666686e-01
6.933749360398517858e-01
6.932707607795300930e-01
6.933657708694113131e-01
6.933786536372333886e-01
6.931992158457265241e-01
6.933824138977060514e-01
6.933383438723624836e-01
6.932284481114320274e-01
6.933254017070271669e-01
6.932745811676912506e-01
6.932921137624149521e-01
6.933688994732408739e-01
