7.232314428137750495e-01
6.936084023415824973e-01
6.933394052877485114e-01
6.932837581133235449e-01
6.933562875169526629e-01
6.934150188990679808e-01
6.932226680374712346e-01
6.932901718317923123e-01
6.932863034189675755e-01
6.933388772787232313e-01
6.933180479044408484e-01
6.933936615023496008e-01
6.933123801656928542e-01
6.933721390622039626e-01
6.932970964120908075e-01
6.932844685856685008e-01
6.933059455433527862e-01
6.933631689990349400e-01
6.933598957922120221e-01
6.933853969567659314e-01
6.933701762336710317e-01
6.933105471429298339e-01
