7.217425178768022143e-01
6.933644707880810554e-01
6.935135440670370244e-01
6.933287334053503947e-01
6.932988292995269086e-01
6.932474076203991586e-01
6.932522866120259808e-01
6.932107338953262810e-01
6.933598406535569358e-01
6.932953020006917821e-01
6.932896803255641505e-01
6.933844179125882023e-01
6.933519913228192166e-01
6.934254530006721540e-01
6.934157889209219272e-01
6.933463941368722683e-01
6.933081304703044845e-01
6.933670512404828123e-01
6.933680715306150821e-01
6.934335896910965857e-01
6.933791230429965369e-01
