7.140620648704467666e-01
6.933869765238116489e-01
6.934167447753329938e-01
6.933634429190278503e-01
6.933085712904556441e-01
6.934445827164473775e-01
6.933108991976247859e-01
6.933367038378729363e-01
6.932612189430218397e-01
6.934041302023347120e-01
6.933051275415400561e-01
6.934083599982140411e-01
6.934624489341583153e-01
6.934045568198339282e-01
6.933536260255397377e-01
6.933231780405580968e-01
6.934147732398334707e-01
6.933438169017110964e-01
6.933641669920030948e-01
6.933609367090480813e-01
6.934301050985672843e-01
