3.316387519836425657e+00
8.010464978218078125e-01
7.072684144973755416e-01
6.984140825271606401e-01
7.008651351928710804e-01
6.910010123252868786e-01
6.969328570365905806e-01
6.872717809677123535e-01
6.832598614692687589e-01
6.796226835250854803e-01
6.810616064071655096e-01
6.809724450111389604e-01
6.758720326423645064e-01
6.638804340362548517e-01
6.798229575157165305e-01
6.741670441627501953e-01
6.853973484039306285e-01
6.781713390350341264e-01
6.732446265220641823e-01
6.589125084877014427e-01
6.562835144996642667e-01
6.720745420455932484e-01
6.687092161178589400e-01
6.549104595184326305e-01
6.682696413993834961e-01
6.542604422569274769e-01
6.516480755805968972e-01
6.603639149665831987e-01
6.779318833351135609e-01
6.692911481857299894e-01
6.666337156295776278e-01
6.556802177429199574e-01
6.487953042984009322e-01
6.604902815818786133e-01
6.634129238128662065e-01
6.644685268402099609e-01
6.552456307411194114e-01
6.484778094291686612e-01
6.632362866401672052e-01
6.626670122146606223e-01
6.680664849281311435e-01
6.624787712097167658e-01
6.756010723114013183e-01
6.571621131896973056e-01
6.728076195716857777e-01
6.579895877838134455e-01
6.542020487785339400e-01
6.600367355346680176e-01
6.667887592315673295e-01
6.524233102798462358e-01
6.351382756233214799e-01
6.593926119804381925e-01
6.668148279190063699e-01
6.420554590225219238e-01
6.662683677673340021e-01
6.585322141647338423e-01
6.526034235954284446e-01
6.613925933837890847e-01
6.711457419395446822e-01
6.485165596008301003e-01
6.485244202613830167e-01
6.674959707260131880e-01
6.628756642341613325e-01
6.611628746986388805e-01
