2.851098403930663938e+00
9.642131924629211426e-01
6.947655439376830833e-01
6.940714001655579057e-01
7.012148642539978161e-01
6.911454939842224254e-01
6.903577303886413441e-01
6.862376594543456720e-01
6.874898362159729270e-01
6.898901271820068182e-01
6.864524364471435991e-01
6.780198121070861728e-01
6.761483192443847878e-01
6.823093676567077992e-01
6.797966694831848455e-01
6.908799505233764737e-01
6.767493367195129839e-01
6.602752327919005904e-01
6.731301307678222434e-01
6.881941986083984775e-01
6.722930622100830034e-01
6.763964748382568226e-01
6.728521180152893244e-01
6.739839673042297141e-01
6.726923704147338423e-01
6.711613750457763317e-01
6.700410199165344194e-01
6.765015721321105957e-01
6.809681463241576971e-01
6.810380625724792303e-01
6.762857460975646440e-01
6.671471834182739480e-01
6.442875528335570978e-01
6.810510420799255060e-01
6.740629863739013850e-01
6.582681679725647106e-01
6.623562669754028409e-01
6.639794707298278809e-01
6.697153830528259633e-01
6.499984908103942916e-01
6.491353702545166193e-01
