3.464829978942871147e+00
7.955669212341308638e-01
6.952231168746948464e-01
7.030147695541382191e-01
6.900432538986206454e-01
6.919307184219359863e-01
6.896667242050170676e-01
6.791796898841857555e-01
6.720295310020446555e-01
6.781924533843993741e-01
6.743447828292846724e-01
6.718739533424377131e-01
6.729366636276244984e-01
6.694625902175903587e-01
6.762836337089538352e-01
6.581751394271850852e-01
6.467505097389221191e-01
6.489367389678954989e-01
6.740351033210754128e-01
6.729863452911376553e-01
6.657428717613220748e-01
6.738517236709594682e-01
6.649809932708740101e-01
6.618449139595031783e-01
6.708032155036925959e-01
6.600209045410155850e-01
