3.273317575454711914e+00
1.014344196319580060e+00
6.934670901298523038e-01
6.917393803596496582e-01
6.956838083267211648e-01
6.919630980491637828e-01
6.884118103981018422e-01
6.807871532440185058e-01
6.929145145416260032e-01
6.782114028930663618e-01
6.732395410537719282e-01
6.630063319206237482e-01
6.854782915115356090e-01
6.745081806182861017e-01
6.687048339843749689e-01
6.569952344894409713e-01
6.860913372039795233e-01
6.614637589454650524e-01
6.627612328529357555e-01
6.646331787109375222e-01
6.642484760284423917e-01
6.467764663696289329e-01
6.631857609748840199e-01
6.701374650001525879e-01
6.609487938880920233e-01
6.595169544219970925e-01
6.445110225677490590e-01
6.606808972358703125e-01
6.468975234031677513e-01
6.509570026397705211e-01
6.470378804206847745e-01
6.366027641296386763e-01
6.455704331398010032e-01
6.510718321800231800e-01
6.446761298179626287e-01
6.608789515495300249e-01
