3.020704584121704173e+00
6.999592590332031072e-01
6.966430306434631126e-01
7.012654399871826039e-01
6.940397214889526545e-01
6.981062793731689364e-01
6.936719632148742321e-01
6.901138424873352051e-01
6.848189687728881703e-01
6.926271128654479803e-01
6.883409571647643999e-01
6.868621921539306285e-01
6.817399358749389737e-01
6.838062691688537864e-01
6.836586546897888139e-01
6.773597979545593617e-01
7.000469374656677068e-01
6.912534999847411710e-01
6.791225528717040882e-01
6.689373612403869407e-01
6.810185241699219238e-01
6.892073082923889649e-01
6.876430201530456809e-01
6.895309567451477495e-01
6.755444216728210272e-01
6.682384037971496049e-01
6.791129302978515803e-01
6.709274363517760964e-01
6.761176371574402211e-01
6.735263085365295055e-01
6.813974761962890980e-01
6.739683890342712536e-01
6.793315792083740590e-01
6.811154913902283115e-01
6.769563269615173073e-01
6.781370973587036444e-01
6.804988884925842196e-01
6.877473425865173740e-01
6.776626253128051891e-01
6.776639533042907448e-01
6.816262769699096280e-01
6.753079438209533825e-01
6.735905361175537065e-01
6.705295038223266779e-01
6.815662264823914018e-01
6.710041713714599565e-01
6.773690438270568714e-01
