8.551211735494307353e-01
6.955154670383336679e-01
6.935970073267054836e-01
6.931436977288828460e-01
6.925714925287526080e-01
6.906750499185035919e-01
6.909579160677288279e-01
6.895414100572110350e-01
6.914023988889752559e-01
6.905852775931765608e-01
6.911394616442735339e-01
6.905607013572198083e-01
6.907396019522240582e-01
6.911933898112065933e-01
6.896373483101256863e-01
6.891084095723799541e-01
6.906083862936132078e-01
6.876110220931902495e-01
6.887826866664170655e-01
6.893769356171018936e-01
6.904946419159300186e-01
6.902689154644467973e-01
6.904236615314418568e-01
6.892925608687026084e-01
6.880283174661239176e-01
6.892643227105255122e-01
6.902536397907921284e-01
6.876238122735006675e-01
6.884422812852436513e-01
