8.607933455396619138e-01
6.937575766672479105e-01
6.927637418933532132e-01
6.924275727141810943e-01
6.929142709502742470e-01
6.927929941031478744e-01
6.915244779938799491e-01
6.926607535239956981e-01
6.895997752277536197e-01
6.911123762742171772e-01
6.892425292255986990e-01
6.913224859280400203e-01
6.901864603254009856e-01
6.913314076128203034e-01
6.890709838913986474e-01
6.895901862939640692e-01
6.893664646789618988e-01
6.904363340346676425e-01
6.885797518236133063e-01
6.894749089525481489e-01
6.871692872464542079e-01
6.903366115979860940e-01
6.893238605709250955e-01
6.897392314406683989e-01
6.874848261733083055e-01
6.893622151869864823e-01
6.889276782637698826e-01
6.893124621713596634e-01
6.883011021440106347e-01
6.889403299123513236e-01
6.879468171968372570e-01
6.893124891950144217e-01
6.890699158402580071e-01
6.884840941515614210e-01
6.888985721088812797e-01
6.888032666472501120e-01
