8.866750129077488607e-01
6.942083999905628300e-01
6.931607011210467739e-01
6.928425771431651059e-01
6.922745656834906613e-01
6.916779207603392932e-01
6.905082027388708132e-01
6.926831607246846101e-01
6.906610331175193629e-01
6.912797966541601724e-01
6.903991937535592927e-01
6.919591515614121890e-01
6.904218695503017145e-01
6.924044681251595446e-01
6.894537344628975939e-01
6.907427160119816723e-01
6.899842264073882125e-01
6.887768000993795825e-01
6.891788432840754153e-01
6.896425386163912430e-01
6.890112540603370306e-01
6.902413865333175691e-01
6.901759880805335978e-01
6.878706616380714234e-01
6.900708190103266304e-01
6.884725131356743688e-01
6.889191903181871579e-01
