9.428175516491738017e-01
6.935245172667661162e-01
6.929178553551327280e-01
6.915055302915377178e-01
6.914080758961579365e-01
6.917527946094116365e-01
6.895343194593873681e-01
6.894590533031490498e-01
6.927161994762758290e-01
6.903492179358465819e-01
6.915063588431529240e-01
6.894355515617792696e-01
6.912351614863780913e-01
6.894653486701911582e-01
6.889412212351478937e-01
6.903613025709233186e-01
6.893845024407990740e-01
6.890645696711433787e-01
6.892591231358135007e-01
6.885604614867618656e-01
6.891227539017532600e-01
6.895123349976788329e-01
6.888759568069747763e-01
6.882597062031750035e-01
