1.166773896062707205e+00
6.933048183103601714e-01
6.937209164915703052e-01
6.921780715752746671e-01
6.929060005292165814e-01
6.926717507526364281e-01
6.900926678450803875e-01
6.910171565125432513e-01
6.902725723778130318e-01
6.920154862040671651e-01
6.918647481303035196e-01
6.922719257712643959e-01
6.905010387870531563e-01
6.915224927662531051e-01
6.905046021071024054e-01
6.904063564845436263e-01
6.912152772268201906e-01
6.917170785702899671e-01
6.893334884950798047e-01
6.914588146202594876e-01
6.907419269085438573e-01
6.903609444216570745e-01
6.903663579782290949e-01
6.912738705892056412e-01
6.902573263184815788e-01
6.902771018475695186e-01
6.906502324684815619e-01
6.898095919197242409e-01
6.890501780425507539e-01
6.896439123463982135e-01
6.887014164887996781e-01
6.906736397605881539e-01
6.895762541183714234e-01
6.909250081768163465e-01
6.901153395469442620e-01
6.886624717397020756e-01
6.900822778029916948e-01
6.887446391396820911e-01
6.885834646830305550e-01
6.902162227417986129e-01
6.901576244197777932e-01
6.900931887721262203e-01
6.897171058073872096e-01
6.897092664295202402e-01
