1.027641396157165321e+00
7.666126144189965297e-01
7.231123555151559579e-01
7.079577120441818971e-01
7.030464107489070580e-01
7.001106990812335784e-01
6.969736843774266832e-01
6.955269863188617840e-01
6.947092719537101280e-01
6.935360941062507223e-01
6.910702075611631079e-01
6.912470858083024083e-01
6.892299704795268322e-01
6.886061855055728431e-01
6.876461948533423296e-01
6.862723423362012687e-01
6.874186057004572081e-01
6.860050200713406765e-01
6.848859834998904939e-01
6.833479050803044075e-01
6.821371683437369438e-01
6.793764131710899878e-01
6.808881308802920973e-01
6.784673607185454092e-01
