1.026850151055453964e+00
7.655987761812266257e-01
7.242082118519631573e-01
7.098417576029164566e-01
7.032214834085850352e-01
7.025323123735154329e-01
6.997138971429911480e-01
6.986400759056181631e-01
6.992496380871545680e-01
6.967429379348905050e-01
6.962933971277622813e-01
6.956423545633176886e-01
6.954406033798847808e-01
6.940063098793179952e-01
6.924470739186630031e-01
6.936048950802365942e-01
6.927147413986370905e-01
6.926444800523035017e-01
6.901061955275844539e-01
6.880288666264247066e-01
6.900271624619459532e-01
