1.027938379988454942e+00
7.664171194983371294e-01
7.234300822312330626e-01
7.105189893241012911e-01
7.045277978910210459e-01
7.024581394870060835e-01
7.022566863267969417e-01
6.995568886721298396e-01
6.993524030524292945e-01
6.975769317454579843e-01
6.973238501895387964e-01
6.972152511122653440e-01
6.959807012076462129e-01
6.949822766841745603e-01
6.930638038807627188e-01
6.934118759187124503e-01
6.925694636839546670e-01
6.930266639806901274e-01
6.905455706395896565e-01
6.906841394943432633e-01
6.889775034720865277e-01
6.879036260260111835e-01
6.870701156102838603e-01
6.870375966510510191e-01
