1.027480202480008931e+00
7.660324784299479273e-01
7.225784256556647689e-01
7.074983945529915719e-01
7.023033644923526442e-01
6.991750215032012106e-01
6.970137556784279376e-01
6.948520296449043343e-01
6.932017526832685572e-01
6.912770327509971668e-01
6.899734792868608135e-01
6.892403045665538297e-01
6.870218870213551376e-01
6.861852172081502887e-01
6.832096401038478817e-01
6.834301535179198028e-01
6.807826714103488719e-01
6.808395228826227275e-01
6.775487190613812549e-01
6.770509110218415616e-01
6.749542308696829807e-01
