1.027514721298030453e+00
7.654519871550599097e-01
7.242022545492250440e-01
7.084955503992106385e-01
7.034686844803260675e-01
7.025373506639701615e-01
6.995372675022581976e-01
6.983909920765515311e-01
6.980794683420822322e-01
6.968071070776004072e-01
6.960191745420803988e-01
6.951338907590315364e-01
6.963391258346542934e-01
6.936202108977117531e-01
6.913127024421992228e-01
6.901617930773902287e-01
6.887870262320242576e-01
6.884036757388611871e-01
6.870747973267831155e-01
6.863064299866352691e-01
6.840773038639300641e-01
6.843447804685192093e-01
