8.130287204022936809e-01
6.938073219231486455e-01
6.932824098589458472e-01
6.904049311826835345e-01
6.839567308805435397e-01
6.798964839785105463e-01
6.715074581276250232e-01
6.701993777729715607e-01
6.529402510782705837e-01
6.389761759909807770e-01
6.273136697614929425e-01
6.069090452161911564e-01
5.901168076089637893e-01
5.571674099925411072e-01
5.379538650637859520e-01
5.208203549308358937e-01
4.988396275255460033e-01
4.729881538969293309e-01
4.522588845030116600e-01
4.195527822965287590e-01
3.920085225743222268e-01
3.906423198429838095e-01
3.490874348153106821e-01
3.449147642668176639e-01
3.329592791782608474e-01
3.093557071120530688e-01
3.073848334033039698e-01
2.834267957951435157e-01
2.856073577105242012e-01
2.814439018584227181e-01
2.517327942603932445e-01
2.362082066624776322e-01
2.502796454489180644e-01
2.120516473059932960e-01
2.379443347580245116e-01
