8.058332910888988954e-01
6.939995517476346132e-01
6.928485802025435847e-01
6.895163623989890578e-01
6.834877313546060540e-01
6.731509948866938320e-01
6.632806275680245278e-01
6.559880178525829830e-01
6.452892922325521585e-01
6.328599904170992829e-01
6.255070219899919737e-01
6.100520182725840401e-01
5.977138303579868639e-01
5.819857815480856678e-01
5.598241891727719910e-01
5.525032947065464661e-01
5.339977805337897676e-01
5.115867435780750982e-01
4.879757323878786690e-01
4.897229025466880437e-01
4.771989557724903297e-01
4.554318462661723910e-01
4.211764226365553587e-01
4.258392640436028942e-01
4.053764262257946727e-01
3.909674383239358231e-01
3.670941520857669560e-01
3.486496686531667666e-01
3.382052404208267804e-01
3.385054201367141413e-01
3.248615842769955742e-01
3.072995081682712848e-01
2.824483384377466932e-01
2.916738209231843348e-01
2.648623198094153253e-01
2.799290718414539358e-01
2.534154336852203482e-01
2.414943008832665106e-01
2.373064873987693613e-01
2.332080198131709914e-01
2.278336064352209922e-01
2.124853259193806299e-01
2.069214553927890832e-01
2.119166670110042006e-01
2.032238596279070109e-01
1.884642770793052424e-01
