7.858777479737820704e-01
6.930003390283931974e-01
6.917089379812881855e-01
6.892997403956390157e-01
6.792409999404894760e-01
6.680482920704000627e-01
6.535016174138753575e-01
6.348270926810646309e-01
6.167990117634281066e-01
6.022861637774410415e-01
5.755661466583975594e-01
5.520770090500448646e-01
5.220114526155136270e-01
4.813949212898751551e-01
4.608348639308144645e-01
4.336089404279351855e-01
4.116962954818344511e-01
3.980695987333189301e-01
3.797279774486564397e-01
3.360022519424141207e-01
3.285997103423410337e-01
3.264424567703066438e-01
2.985508875206906998e-01
2.833527934743023668e-01
2.719845918277680741e-01
2.624605254890756134e-01
2.492195325544786788e-01
2.419357844119754408e-01
2.289993349875967810e-01
2.190171859584351399e-01
2.118783755437687877e-01
2.054658269448163266e-01
1.900842100457555695e-01
1.901064616557806841e-01
1.985288320407334606e-01
1.702586260516193439e-01
1.740953995074184246e-01
1.790477947271243708e-01
1.645992675214173195e-01
1.598147750026991942e-01
1.522381904643032025e-01
