7.818728195823521077e-01
6.937346462472629982e-01
6.933666451516341533e-01
6.926454063394531513e-01
6.896033210334486796e-01
6.855268170528751037e-01
6.802800213452823153e-01
6.729195567634931319e-01
6.664396959477617566e-01
6.541189993467499963e-01
6.499902859368029695e-01
6.384603904022391196e-01
6.244086017556154111e-01
6.039763996905941346e-01
5.974823006828591243e-01
5.821390553211176488e-01
5.654041468844788199e-01
5.357289279445969221e-01
5.261513355876509257e-01
5.102527984414032547e-01
4.787528958490195885e-01
4.676132022476519046e-01
4.541930707201525808e-01
4.236479982493995822e-01
4.094490331931198712e-01
4.009481165794675506e-01
3.833600831778750107e-01
3.814618877441978140e-01
3.504138763530288414e-01
3.272749421507700762e-01
3.306736830025784890e-01
3.333621436160666418e-01
3.094545640903040851e-01
2.887317328307711928e-01
2.763214557479742317e-01
2.920330170097238942e-01
2.662587794179536727e-01
2.591393370809038088e-01
2.440165024657657278e-01
2.426696102261846066e-01
2.203011997391065291e-01
2.201186466353309001e-01
2.121762730225378035e-01
2.064394180195297246e-01
2.144211233419245632e-01
