8.281704136923548898e-01
6.938683636404516797e-01
6.925972942373290753e-01
6.890034042204162823e-01
6.884565497736725437e-01
6.782317557746732062e-01
6.657396557975078233e-01
6.573379899262372650e-01
6.474304171460447677e-01
6.257059181978096296e-01
6.158164516028259428e-01
5.837601892631201217e-01
5.820209717064162014e-01
5.634862901698117765e-01
5.178890722369259292e-01
4.982512698246199245e-01
4.776325531423747939e-01
4.564033010367313792e-01
4.244037896621842831e-01
4.166595119475107190e-01
3.998272820461815646e-01
3.671112503417965356e-01
3.560928021014291844e-01
3.344444133133125385e-01
3.164201353082810031e-01
3.115834076963774901e-01
3.035591833173572618e-01
2.756562295805892737e-01
2.701526469946110010e-01
2.529861257048000578e-01
2.511608232188083378e-01
2.377241057147422565e-01
2.295668246027375570e-01
2.327169417880734226e-01
2.218424550286801078e-01
2.118493127530152176e-01
2.025318168967987498e-01
2.097018574073494235e-01
2.013721018398746676e-01
1.855750310279674908e-01
1.847873938653955550e-01
1.784481807697838873e-01
1.849094322684657066e-01
1.597240524560490649e-01
1.777928520520797306e-01
1.556110760980899954e-01
1.572880834391518767e-01
1.596528512443858294e-01
1.674068715868109181e-01
1.558328937111417567e-01
