7.525209257672936802e-01
6.932898619352635405e-01
6.921849548300176291e-01
6.840759007521683976e-01
6.677659257239237922e-01
6.398981232163810651e-01
6.047824011724989290e-01
5.565059028010641562e-01
5.115599859525260529e-01
4.482738109663826354e-01
3.681237576222708419e-01
3.299252570605153978e-01
2.971686996661604407e-01
2.328980115970251397e-01
2.259658618444379818e-01
2.008389488146664625e-01
1.684151920949978898e-01
1.577209149530897081e-01
1.418886299356430791e-01
1.302720039721378120e-01
1.061297255330937023e-01
9.524635899573100084e-02
8.931063236975381181e-02
1.006013913212450567e-01
7.441249019764943629e-02
8.624415112533437289e-02
6.754449650361178670e-02
7.946037290621051075e-02
8.866170405101941876e-02
6.865778389795194891e-02
7.695802436750930065e-02
5.853572939611338677e-02
5.926714130585280377e-02
6.040320482163123728e-02
5.999671286892023503e-02
