7.727022741241719173e-01
6.936935611985997063e-01
6.838107989193867864e-01
6.610748737895509874e-01
6.188716911153944178e-01
5.530444329904722345e-01
4.795599683112040101e-01
4.039274918454565100e-01
3.460157705758225566e-01
2.718197177559705247e-01
2.373350857655344981e-01
2.036936818210463018e-01
1.845613056906794391e-01
1.461632332830743453e-01
1.605389990054548188e-01
1.176280116910951024e-01
1.190052921891832233e-01
1.081630574148697149e-01
1.091805388650613218e-01
1.027261583809216255e-01
8.520456156862875330e-02
7.545193776720730827e-02
7.543047259285709516e-02
7.578778795032815874e-02
7.630156887052792769e-02
8.176307563558608826e-02
