8.024650718145188710e-01
6.944887900476439668e-01
6.934427458863944294e-01
6.936131935805547322e-01
6.934811742508225629e-01
6.935923090220736942e-01
6.915011179715757628e-01
6.838660998402269486e-01
6.824444479710927158e-01
6.706459956111280318e-01
6.540800768953055622e-01
6.416635583550306388e-01
6.257794425020598572e-01
6.030837160049319357e-01
5.893111660740817381e-01
5.692019880954273248e-01
5.412873362337899952e-01
5.250838061139323498e-01
5.025612894749104109e-01
4.780844940676433064e-01
4.346165628119192936e-01
4.278560646485208285e-01
3.934962307611412635e-01
3.599151294400828593e-01
3.451689452810965397e-01
3.255015564130125938e-01
3.149695081355460280e-01
2.845105201367489345e-01
