7.597822948799596299e-01
6.927161766296863199e-01
6.847768561265704657e-01
6.674716158590862092e-01
6.238129502565856743e-01
5.659169855316135145e-01
4.989714559483982570e-01
4.364433371214974100e-01
3.840830066794952424e-01
3.258539060166224521e-01
2.614462367376793606e-01
2.358778049875586702e-01
2.090651623297812012e-01
1.793099411955325906e-01
1.545991498841363387e-01
1.556195266531906207e-01
1.272752651205509011e-01
1.219773990855886336e-01
1.193045404589568731e-01
9.390323672385521292e-02
1.160635400686148289e-01
8.294747013153194737e-02
8.746394249037604818e-02
8.405095194200090658e-02
8.541965097240600269e-02
7.793825374112386961e-02
7.034098792117431109e-02
5.893222917923687798e-02
5.826861738022320186e-02
7.317201258611431836e-02
6.089533452248035994e-02
6.121576477997844185e-02
6.389142079617782244e-02
7.553170337317516303e-02
6.621943326405470287e-02
5.796560549550081043e-02
5.213119775263441030e-02
