7.723882614636544686e-01
6.948698700197440958e-01
6.926801108611518876e-01
6.885054251969996431e-01
6.765767499107215865e-01
6.620854616578364382e-01
6.535826539249519618e-01
6.310350578827087498e-01
6.190428355744227451e-01
5.958497849659448731e-01
5.631515936380449006e-01
5.349813718316459576e-01
4.947671896456845575e-01
4.424630352901214314e-01
4.148796718289988750e-01
3.682547790132321142e-01
3.395657507344382875e-01
2.850496802524222217e-01
2.713206861833146188e-01
2.415195616733676609e-01
2.135067729850782248e-01
2.022410204546910284e-01
1.700545685233441628e-01
1.632348513375948273e-01
1.496724702249986327e-01
1.584681410413474323e-01
1.257158870868501088e-01
1.151293216586319612e-01
1.166383895758326406e-01
1.124819989220934846e-01
9.813861630250096668e-02
1.079185109721106095e-01
1.114707805048448380e-01
9.159053849182260953e-02
