8.436338844553077365e-01
7.548580550804365741e-01
7.202201114702962981e-01
7.123372153908281712e-01
7.016204668392540533e-01
6.989333431681244990e-01
6.932421241834569869e-01
6.910896996845863338e-01
6.889787703436934807e-01
6.873236061307744782e-01
6.836786992259236140e-01
6.835764029444866274e-01
6.837963311529146049e-01
6.813953936407496359e-01
6.785415660224788370e-01
6.777087540008954747e-01
6.739823049318197645e-01
6.742398441566127554e-01
6.729629074235730091e-01
6.705473536808077561e-01
6.713687559362665480e-01
6.687823330906140784e-01
6.651928631177649320e-01
6.632084177623389643e-01
6.607624828702174380e-01
6.598060796709446230e-01
