8.465525800690455460e-01
7.580126846836793275e-01
7.229819850140928317e-01
7.144337101148386937e-01
7.045507662295648066e-01
7.000918715439702344e-01
6.969863505522712055e-01
6.930041156351128828e-01
6.909895278078493908e-01
6.899144291198030521e-01
6.878549744342935535e-01
6.874432271503735370e-01
6.849389824244499492e-01
6.830831407497280905e-01
6.818565409726627946e-01
6.801283106090515451e-01
6.804573239433419074e-01
6.765611771491115700e-01
6.750665943712570449e-01
6.735636874964597842e-01
6.728863080590761214e-01
6.707753890757647275e-01
6.710376293154926008e-01
6.667976764890767294e-01
6.693583044253579306e-01
6.630642771915090661e-01
6.624942534551845341e-01
6.616766077488814846e-01
