8.450915819917775851e-01
7.551845983884233338e-01
7.211463097381798359e-01
7.118951756584009916e-01
7.025057379637685839e-01
7.003276774601102650e-01
6.958568483817589856e-01
6.932967329128816303e-01
6.905279131070281018e-01
6.882243388768257697e-01
6.870106931100321557e-01
6.838243370724035319e-01
6.828320258085683880e-01
6.813251970256967160e-01
6.803084707674322829e-01
6.799748308236642780e-01
6.766094440487127049e-01
6.763499797879031217e-01
6.754358722772711987e-01
6.733232558614915542e-01
6.711690851712718286e-01
6.720413343655299299e-01
6.664130429491545993e-01
6.650300678937623999e-01
