8.438221683749485003e-01
7.535979421184725302e-01
7.215503237993859953e-01
7.093684366627811544e-01
7.022911543403344004e-01
6.992074748662513439e-01
6.952620966260342206e-01
6.928392483784781009e-01
6.917333778822322143e-01
6.885715812210022602e-01
6.871819997364627675e-01
6.855105431125826376e-01
6.843269985394733190e-01
6.810755745211665158e-01
6.790866514052381619e-01
6.779587634095930460e-01
6.756452666395810214e-01
6.744978359267985724e-01
6.731683162447876789e-01
6.698593829528100008e-01
6.700855735977674366e-01
6.673431679375819714e-01
6.641674301820444937e-01
