8.433202284689412798e-01
7.524156487735755849e-01
7.177970271669844582e-01
7.081570576754012691e-01
6.997736274888585184e-01
6.958174092789690679e-01
6.914842085381289749e-01
6.898651495919808641e-01
6.895030944074848067e-01
6.868065385400293765e-01
6.848453293182006352e-01
6.831061788107628541e-01
6.809443340267851141e-01
6.797055864897300070e-01
6.769192802365500139e-01
6.758248576514590544e-01
6.748154566335250459e-01
6.733000774665789390e-01
6.708513754980091059e-01
6.688225601569420808e-01
6.668007736325166634e-01
6.659140463533073095e-01
6.650788290423605975e-01
