1.640361945969717850e+00
7.116443157196045144e-01
7.010389651571001801e-01
6.723977889333452307e-01
7.061105796269008250e-01
6.015974828175135736e-01
4.935238770076206816e-01
4.757017220769609867e-01
3.748210958072117349e-01
2.575624133859362175e-01
2.516972993101392331e-01
2.013412799154009059e-01
1.636433303356170654e-01
1.703257756573813286e-01
1.474083444901874984e-01
1.309055055890764596e-01
1.521310929741178375e-01
1.102352887392044067e-01
1.050219727413994886e-01
1.179406481129782608e-01
1.419428944587707575e-01
1.236983390791075582e-01
7.368313585008894051e-02
6.700990945100784857e-02
9.746911781174795453e-02
1.111554324626922580e-01
8.592692315578460971e-02
9.487731690917695915e-02
5.565000815050942518e-02
6.840591047491345611e-02
3.983371960265295886e-02
3.805162821497235642e-02
8.561169505119323175e-02
8.154418617486954013e-02
3.889382311276027432e-02
5.230411067605018893e-02
5.583364984818867116e-02
6.246166527271270613e-02
5.524629652500152865e-02
3.218616523912974647e-02
4.102670231035777243e-02
8.073521490607943329e-02
4.086867049336433133e-02
3.222292333043047519e-02
6.071108893624373865e-02
3.781402707099914412e-02
7.662315538951329497e-02
3.685245045593806695e-02
3.263261765241622786e-02
2.756293525121041726e-02
2.919474877417087624e-02
2.811474470155579664e-02
2.715770368065152998e-02
4.084613706384386533e-02
4.293792375496455899e-02
6.636214298861367600e-02
5.231360899550574484e-02
