1.059544483252934155e+00
6.969736984797886281e-01
7.178002612931387860e-01
6.823595779282706220e-01
6.676340256418500374e-01
6.415465542248317554e-01
6.200277856418064948e-01
5.759955304009574117e-01
4.894127522196088376e-01
4.193582636969430122e-01
3.167183160781860130e-01
2.537285804748535267e-01
2.224011106150490802e-01
1.843921107905251711e-01
1.637351121221269912e-01
1.704167766230446912e-01
1.422300602708544137e-01
1.324819281697273143e-01
1.251417519790785637e-01
1.074129390929426525e-01
9.583086690732410540e-02
9.011827409267425537e-02
1.054868248956544047e-01
8.193200954369135591e-02
1.114125800984246406e-01
6.048441146101270205e-02
8.565423265099525452e-02
7.475914124931608284e-02
9.109926766582897295e-02
1.076159400599343424e-01
7.119391688278743635e-02
9.092096005167280004e-02
8.732146961348397074e-02
5.354237343583788389e-02
5.142518893948622855e-02
5.908183774777821251e-02
7.091394045523234657e-02
4.608394317328930179e-02
4.386886507272720614e-02
7.090548186429909694e-02
4.265655960355486248e-02
4.460290979061808103e-02
3.293499105742999505e-02
6.223647849900382223e-02
7.486949456589563068e-02
4.552128868443625076e-02
3.295611930744988399e-02
6.103787283812250192e-02
2.974850077714238927e-02
2.465488421065466576e-02
3.415219842323235361e-02
4.194976346833365066e-02
3.000279388257435370e-02
8.852393456867763133e-02
5.767240077257156095e-02
6.313763580151966759e-02
5.003424201692853457e-02
3.612989176596913959e-02
4.733023281608308985e-02
4.698068776300975274e-02
4.043207785912922292e-02
4.292162848370415645e-02
3.306187093257904192e-02
2.786585709878376671e-02
5.557861136538641555e-02
2.842140070029667426e-02
