1.224324248518262603e+00
6.917465703827994083e-01
6.894513879503522125e-01
6.840500678334917595e-01
6.580140914235795835e-01
6.205628667558942269e-01
6.085909043039594568e-01
4.547304477010454260e-01
3.954157284327915467e-01
2.987352226461683080e-01
2.623587063380650175e-01
2.488414440836225205e-01
1.450065199817930084e-01
1.695892612848962921e-01
1.252605255161012843e-01
1.645595354693276668e-01
1.364301873104912799e-01
1.751381495169230806e-01
1.042865663766860962e-01
1.028435266443661344e-01
1.360974580049514882e-01
1.033877836806433581e-01
1.111679788146700126e-01
1.110117422682898453e-01
1.264823074851717244e-01
7.851900149668966655e-02
1.063018475260053414e-01
5.094743259251117984e-02
5.901830217667988071e-02
6.665784546307154668e-02
7.238366752862930575e-02
6.545211928231375875e-02
7.430828825703689189e-02
7.792481333017349521e-02
6.449162747178759092e-02
9.250356874295644072e-02
4.867119033421788560e-02
4.413001984357833862e-02
1.310777025563376365e-02
4.770807985748563157e-02
5.480800300304378841e-02
6.327791724886212832e-02
4.653972951429230509e-02
3.373211898974010081e-02
3.775295141552175576e-02
3.693009774599756434e-02
5.362238692385809524e-02
4.701667965522834253e-02
2.914008136306490276e-02
3.362515494227409640e-02
5.277897279177393153e-02
3.995606705014195098e-02
4.106159423078809684e-02
4.144968773637499465e-02
5.140357741287776561e-02
4.655683628682579650e-02
