1.647835772378104080e+00
7.763499941144670347e-01
7.451622673443385469e-01
6.951469813074384607e-01
6.873854296548026488e-01
6.621426922934395831e-01
6.378332631928580465e-01
5.855826514107840275e-01
5.145429526056561897e-01
4.041201940604618459e-01
3.584850983960287674e-01
3.088813841342926136e-01
2.125019128833498250e-01
1.909362861088343966e-01
2.107516791139330270e-01
1.569698702011789460e-01
1.670248048646109373e-01
2.005254805088043102e-01
1.410305142402648870e-01
1.414460659027099720e-01
1.034985589129584216e-01
1.010733321309089661e-01
7.958247161337307640e-02
9.014255532196589760e-02
1.062905007175036776e-01
7.087337438549314028e-02
8.548595144280365932e-02
7.184100081878048993e-02
8.013538739510944753e-02
6.757701741797583761e-02
9.231119900941849032e-02
6.190992551190512699e-02
5.401880347302982083e-02
5.875092931091785431e-02
9.941163595233644401e-02
4.702464076025145157e-02
4.683431131499154326e-02
6.847221681049892039e-02
6.386693652187075410e-02
5.936221842254910813e-02
