1.377780282497405917e+00
7.150588461330958934e-01
6.843695385115486918e-01
6.763132044247218699e-01
6.341212970869881671e-01
5.752320681299482041e-01
5.555601477622985618e-01
4.578297444752284506e-01
3.711253464221954124e-01
2.513569563627243153e-01
3.203321584633418428e-01
2.195677919047219484e-01
2.129806586674281577e-01
2.014401972293853871e-01
1.473333652530397775e-01
1.449092452015195709e-01
1.280423421944890672e-01
7.508774484906877156e-02
1.354438381535666425e-01
1.215673676558903238e-01
1.068650577749524766e-01
8.620654174259730074e-02
9.314853112612452024e-02
1.104567664010184108e-01
1.393680512905120794e-01
9.821310618094035438e-02
9.302260066781725678e-02
7.700096879686628426e-02
6.021122996296201374e-02
6.459134263651711283e-02
6.204553491302899210e-02
7.482969681067126733e-02
4.950116926005908302e-02
5.619324286069189017e-02
5.002475157380104065e-02
5.109839902392455252e-02
5.084438901394605637e-02
3.593619205057620863e-02
