8.587383165266682106e-01
7.248214181612298024e-01
7.007853825306950002e-01
6.967079276876148031e-01
6.966458860685065257e-01
6.959064910301616669e-01
6.950925732181020278e-01
6.968149806751241515e-01
6.944278990555273756e-01
6.925389888512827330e-01
6.911998969795060122e-01
6.895649905912487609e-01
6.898699427463131917e-01
6.859366170101212079e-01
6.854061021711994606e-01
6.843538118975005524e-01
6.848695871313702499e-01
6.836694908258108550e-01
6.821060099450920733e-01
6.789645084209395831e-01
6.771140549594758529e-01
