8.588423712990289616e-01
7.271014289554308396e-01
7.043157325753910403e-01
6.993314384543982687e-01
6.986265472542050325e-01
6.972493675793464130e-01
6.957679773769239739e-01
6.953457933272758629e-01
6.941530240423198217e-01
6.936108623687948782e-01
6.932141342882401913e-01
6.924828250332760726e-01
6.898930422290978637e-01
6.904386828705632029e-01
6.894448925978946541e-01
6.862442787836358082e-01
6.860171324435231366e-01
6.869569806576935056e-01
6.845391823427520173e-01
6.813320352213225739e-01
6.809220319826817525e-01
6.768375068105340064e-01
6.765079038566625957e-01
6.722049513002381627e-01
6.720345849828418539e-01
6.666460160501391785e-01
6.679973724114633971e-01
6.647220326456130257e-01
6.615550980660747094e-01
6.582540201154648551e-01
6.508160639563326244e-01
6.466836246260760923e-01
6.367259389582631268e-01
6.329217666257036523e-01
6.332646154429211194e-01
