8.593508299539849293e-01
7.266264472274595043e-01
7.028857694345088669e-01
6.987048100381001436e-01
6.981439552747999988e-01
6.991995219186564192e-01
6.980410904199827460e-01
6.956708931574856480e-01
6.970793284348907326e-01
6.970644823826142034e-01
6.948018467049239533e-01
6.934293643401486795e-01
6.926370508189328978e-01
6.917735522390862091e-01
6.900221387835314690e-01
6.893900006356901144e-01
6.936063551844761088e-01
6.902126246415205557e-01
6.849585603333447903e-01
6.858090617650907106e-01
6.819397566382322529e-01
6.807154711435601246e-01
6.794613782506789823e-01
6.780375337948764125e-01
6.752326890209875421e-01
6.752349558827940301e-01
6.724927909762900002e-01
6.686217038010738856e-01
6.652653215865439451e-01
6.621201676463849273e-01
6.594946336572187207e-01
6.533499357184063827e-01
6.533419898826710037e-01
6.464106156298133898e-01
6.447386806898743883e-01
6.409628238991229576e-01
6.347679170958897554e-01
6.297754475670139795e-01
