8.587698898756300769e-01
7.236730276523135608e-01
7.009708102602157931e-01
6.980194645206423409e-01
6.984731238833888911e-01
6.972676886839298538e-01
6.961318316830915620e-01
6.953014874980397719e-01
6.944143547338871292e-01
6.930904794493440990e-01
6.924780523109900221e-01
6.926758196522139199e-01
6.898664559471056057e-01
6.897005331487261470e-01
6.884398132635148881e-01
6.872773329997005076e-01
6.852311300535272043e-01
6.854027648911859005e-01
6.842880907429975679e-01
6.803342926241185973e-01
6.786188458584231364e-01
6.751131136922070564e-01
6.741660466449393985e-01
6.748469013657303339e-01
6.739978317506701844e-01
6.700108081754976297e-01
