8.593248175298500158e-01
7.248014452393617413e-01
7.014688866851973570e-01
6.988887240126765432e-01
6.970546748806379922e-01
6.969947320411384872e-01
6.973403484861926405e-01
7.008862169119562946e-01
6.977092665767438140e-01
6.960772035185728290e-01
6.956885512147796824e-01
6.945995642030906581e-01
6.933082171020136242e-01
6.936879672853325518e-01
6.915532230170683414e-01
6.906616900959153815e-01
6.916879833179668813e-01
6.910050025531555562e-01
6.936398557502857498e-01
6.895038750919982862e-01
6.878638128294561893e-01
6.910904995426354613e-01
6.884321144027431005e-01
6.879140775279116715e-01
6.858352928846132013e-01
6.838247377216960521e-01
6.807392764555566522e-01
6.782707846077689062e-01
6.788813038173963088e-01
6.723148706765650351e-01
6.715111926814355536e-01
