3.331936425367991284e+00
7.325278369585672689e-01
6.925302147865295410e-01
6.996480282147725660e-01
6.866521151860555117e-01
6.903074304262797334e-01
6.800409913063049094e-01
6.783610288302103219e-01
6.819169576962789137e-01
6.700946044921874956e-01
6.721504791577657123e-01
6.573047216733296505e-01
6.501554711659749408e-01
6.550810567537943552e-01
6.603205823898314897e-01
6.572378659248352406e-01
6.378235371907552409e-01
6.540463169415792200e-01
6.563047671318054110e-01
6.396956849098205389e-01
6.491860739390055146e-01
6.477330231666564853e-01
6.280438367525736920e-01
6.427676669756571259e-01
6.213162716229756466e-01
6.252892144521077222e-01
6.151958616574605410e-01
6.153746048609415320e-01
6.222795955340068019e-01
6.111308773358662405e-01
6.332746116320292495e-01
6.206226738293966205e-01
