3.029113998413086151e+00
7.035066827138265477e-01
6.957672707239787036e-01
6.938763777414957978e-01
6.923373468716939039e-01
6.917406169573465657e-01
6.905142164230346769e-01
6.873904903729756155e-01
6.784826652208963971e-01
6.831516416867574604e-01
6.780302119255066096e-01
6.825747195879617868e-01
6.674153669675191303e-01
6.732452432314555146e-01
6.769861245155334162e-01
6.680293997128804451e-01
6.678497290611267179e-01
6.637590678532918620e-01
6.556064963340759721e-01
6.719090986251831099e-01
6.666816735267638849e-01
6.508124446868897017e-01
6.645537026723226104e-01
6.603314296404521055e-01
6.579209860165914359e-01
6.575140277544657685e-01
