4.389405320485432860e+00
6.990674622853596532e-01
6.915081930160522639e-01
6.923203237851460745e-01
6.902390122413635254e-01
6.861579783757527640e-01
6.767199150721232570e-01
6.763763753573099891e-01
6.863680251439412405e-01
6.655621973673502279e-01
6.736469936370849121e-01
6.618334937095642356e-01
6.656796773274739065e-01
6.619788893063862645e-01
6.541268499692280969e-01
6.592179218928019280e-01
6.487197979291280392e-01
6.586508584022522372e-01
6.446170520782470437e-01
6.421942178408305280e-01
6.471304615338643318e-01
6.499557836850484716e-01
6.447022906939188225e-01
6.442938399314880327e-01
6.304826855659484419e-01
