2.741182530721028687e+00
8.120175838470459206e-01
6.901752503712972331e-01
6.977745397885640743e-01
6.959028156598409121e-01
6.930625828107198627e-01
6.879082870483398393e-01
6.812208612759907966e-01
6.812537916501363311e-01
6.698573843638102598e-01
6.750963934262593780e-01
6.715234136581420543e-01
6.737670445442199840e-01
6.702483463287353116e-01
6.648311066627502486e-01
6.766102496782938625e-01
6.635331002871195372e-01
6.611083173751830522e-01
6.591985233624776397e-01
6.587930178642272816e-01
6.644096779823303045e-01
6.611261773109435858e-01
6.648461087544759174e-01
6.566836547851562234e-01
6.513266078631083644e-01
6.519185853004455522e-01
6.301269062360127515e-01
6.605527909596761171e-01
6.443368315696715865e-01
6.575713054339090702e-01
6.497407944997152240e-01
6.528127829233805191e-01
6.577189469337463290e-01
6.557707238197326705e-01
6.537311363220215110e-01
6.409486858050028601e-01
6.422944267590841028e-01
6.424063134193420677e-01
6.496363782882690341e-01
6.395400007565815725e-01
6.504854806264241951e-01
6.374407537778218336e-01
