2.445933901468912541e+00
6.969220550855000917e-01
6.892167782783508168e-01
6.913279263178507827e-01
6.908825087547302291e-01
6.968044559160868623e-01
6.786602576573689261e-01
6.780883653958638124e-01
6.646514495213826645e-01
6.604667154947916341e-01
6.681875212987263835e-01
6.566580208142598352e-01
6.550481772422790394e-01
6.462284580866495265e-01
6.379655782381693507e-01
6.563877940177917925e-01
6.629825043678283514e-01
6.530966242154438994e-01
6.571838323275248639e-01
6.416496745745341457e-01
6.175874161720276145e-01
6.381340376536051018e-01
6.239014466603597375e-01
6.405067658424377086e-01
6.288308842976888524e-01
