8.032640903620000827e-01
6.939757478712337280e-01
6.932697579187164783e-01
6.934371752796800736e-01
6.932481041814053668e-01
6.923370651603778514e-01
6.921421045653741722e-01
6.891508202618907841e-01
6.903435445327692488e-01
6.897343476682229468e-01
6.889211010685000192e-01
6.850129662394730534e-01
6.880582679495654830e-01
6.849970483903868868e-01
6.783989856933183571e-01
6.824975306074582138e-01
6.735905425387404000e-01
6.758813054350880645e-01
6.712971957758766539e-01
6.690992292539704733e-01
6.607393965357510890e-01
6.608999715520769147e-01
6.638448027638875759e-01
6.620196024507956079e-01
6.583064542486101178e-01
6.531025384079851559e-01
6.374176685896861816e-01
6.349106968172294474e-01
6.339055231580288385e-01
6.295654092958936632e-01
6.167753401827357207e-01
6.220791930755666943e-01
6.246366540108850840e-01
6.207923170185585260e-01
6.055288354073694590e-01
6.050379506636740512e-01
5.936870641063776155e-01
6.032529082827179367e-01
5.844770627583745215e-01
5.734453483305524957e-01
5.695504264153888885e-01
5.623132219244330043e-01
