7.838124000633609478e-01
6.937056562929466708e-01
6.937569569880255305e-01
6.924035365288138122e-01
6.922313497632587298e-01
6.893972269997026281e-01
6.857040891201078292e-01
6.808297960555739214e-01
6.776215475394778975e-01
6.726404389227697012e-01
6.711514392799893258e-01
6.678563976205201813e-01
6.619159233218875338e-01
6.537999830998002526e-01
6.472050049689239692e-01
6.488472951553516666e-01
6.356293641715159426e-01
6.341587876323191431e-01
6.293084823899292024e-01
6.182518393782643340e-01
6.076120968707925396e-01
5.949771151179044093e-01
5.836196586722104396e-01
5.948074609815970915e-01
5.700114156592449577e-01
5.692484820942738111e-01
5.678504200287459724e-01
5.343417470541941272e-01
5.298008952851517295e-01
5.309266142250140819e-01
5.108138283575841543e-01
5.003982955909477282e-01
4.903144057536662492e-01
4.805528444062072690e-01
4.529451349785670877e-01
4.574922399153122932e-01
4.488923733527780402e-01
4.394452065694270382e-01
4.228104146349161430e-01
