7.890820116889332159e-01
6.947841082329972995e-01
6.934478177561503864e-01
6.925849430069352941e-01
6.918043391956613108e-01
6.917310133963771035e-01
6.875162401480319208e-01
6.866844808828066471e-01
6.805866169557620582e-01
6.810719273739092028e-01
6.759566892990825915e-01
6.733094681073722443e-01
6.718065692192554117e-01
6.652259645883501493e-01
6.662796330823849145e-01
6.708022725850705248e-01
6.639957751310470169e-01
6.549809158778066021e-01
6.533579090852258409e-01
6.543241995459412319e-01
6.563326084221255963e-01
6.405344774859410562e-01
6.483620917569827835e-01
6.406083300167394468e-01
6.303973670022324782e-01
6.424392040308881668e-01
6.253186991144507045e-01
6.149542062080092242e-01
6.216877317717831586e-01
6.120809787687435666e-01
6.125965756808039453e-01
6.096294941687294688e-01
5.981299863737624678e-01
