7.706447975061175848e-01
6.943447248981151620e-01
6.930655660414406505e-01
6.925939358706284521e-01
6.922614589927514883e-01
6.892825857812032719e-01
6.922699138651274842e-01
6.888099393357024480e-01
6.874498001830829930e-01
6.871673809800239452e-01
6.852528234908238369e-01
6.847297029643992783e-01
6.757244987339039444e-01
6.730838187645791226e-01
6.731479838361359436e-01
6.663823125680563564e-01
6.674377295338715932e-01
6.607829153641052722e-01
6.598906170970645357e-01
6.515960833848658540e-01
6.420152075782392664e-01
6.398384085561001910e-01
6.390064595270404935e-01
6.337712715981944633e-01
6.263266560109896908e-01
6.278807105596597715e-01
6.209957675049582182e-01
6.056384177720319784e-01
6.318364715658814079e-01
6.100913818208968387e-01
6.024648233137676057e-01
5.912464755866514432e-01
6.070166338667712935e-01
5.910560344079547335e-01
5.748957019538153412e-01
5.839556565111183595e-01
5.601469739057781672e-01
5.700052725070476889e-01
5.620420791040879882e-01
5.537006514117871481e-01
5.329925151383650972e-01
