7.763814713347515495e-01
6.934753893979500594e-01
6.935805958313174813e-01
6.915685453902497004e-01
6.904116030169111795e-01
6.887378307314431236e-01
6.893627221084343004e-01
6.818197821000626657e-01
6.808764343658394447e-01
6.794619943488201530e-01
6.795807040750050376e-01
6.743155028832433784e-01
6.735524427746156784e-01
6.620188541387561632e-01
6.630236950656156480e-01
6.540506393285516751e-01
6.644054051081890178e-01
6.571895577258832777e-01
6.587642046979642618e-01
6.449668663626526577e-01
6.438099849368711380e-01
6.328521070282009386e-01
6.207333652357501785e-01
6.148243905973186374e-01
6.187971201265292098e-01
6.230748518914035472e-01
6.189942179147663870e-01
6.101678627409182765e-01
5.958427156691328275e-01
5.846501221070049548e-01
5.939338417978798912e-01
5.898699041462440729e-01
5.771996531784016060e-01
