6.939666706274895125e-01
6.928750176457048049e-01
6.925567426295032858e-01
6.926000346129869145e-01
6.925356852602650992e-01
6.922415957432627165e-01
6.927691766055137368e-01
6.927228549137189884e-01
6.923325053035993548e-01
6.924639341607624621e-01
6.925339856747761980e-01
6.926224222957868548e-01
6.923552968775696925e-01
6.925632561971886147e-01
6.926425193863489094e-01
6.924300001497230017e-01
6.926009447271399555e-01
6.927956331461386785e-01
6.920812283460162639e-01
6.916840082943601642e-01
6.914313264440192786e-01
6.912073446138521371e-01
