6.940833664693851768e-01
6.927039076016573427e-01
6.923741342282336841e-01
6.924272494934932132e-01
6.924920874257818326e-01
6.923886479882944700e-01
6.922448241069002473e-01
6.922219343973894379e-01
6.925413717809070224e-01
6.921833238320581616e-01
6.927603370633887980e-01
6.922842880413441202e-01
6.923116822579988838e-01
6.923495011584884784e-01
6.924606258772192380e-01
6.924469919990797750e-01
6.917247156604635627e-01
6.912389231811788548e-01
6.909243360203878304e-01
6.901426174875563424e-01
6.894711711626714257e-01
6.888334072632515959e-01
