6.942677618026733555e-01
6.929022346496581664e-01
6.927210307121276500e-01
6.928089330673218305e-01
6.925910856246948466e-01
6.924773190498352271e-01
6.926731791496276713e-01
6.924976797103882253e-01
6.925779895782471218e-01
6.925113069534302168e-01
6.927143958091735998e-01
6.928703691482543947e-01
6.924981252670288079e-01
6.926083022117615062e-01
6.924859107971191863e-01
6.928908411979675108e-01
6.924596462249755779e-01
6.925730190277099574e-01
6.924655260086060027e-01
6.925847857475281311e-01
6.924745454788208132e-01
6.925873310089111223e-01
