6.943272983298581780e-01
6.932840095752149656e-01
6.928611164459714811e-01
6.927235418625028451e-01
6.929631129381444987e-01
6.927167537251175400e-01
6.928617668681158470e-01
6.927715377714154243e-01
6.924413846353849600e-01
6.926324345051680931e-01
6.928137435880660222e-01
6.928944223514035272e-01
6.926740494104393076e-01
6.925482956295403447e-01
6.926482360438527275e-01
6.924909986839636877e-01
6.928607295306283831e-01
6.927784535136144450e-01
6.928266939507350397e-01
6.929355595492669995e-01
6.927901843824476602e-01
6.926099622293413471e-01
6.929429284888311003e-01
6.928291149135112903e-01
