6.944232957745025692e-01
6.930762347961897385e-01
6.926191678008197794e-01
6.923320542043702730e-01
6.931860592428507051e-01
6.927370123721476869e-01
6.928751610819079421e-01
6.924490868924555453e-01
6.929406198716979715e-01
6.927988393839790149e-01
6.928281483404272745e-01
6.925031596706665571e-01
6.926670933268083141e-01
6.926349662876704061e-01
6.926670095921099168e-01
6.930226922741550277e-01
6.926837927723095145e-01
6.929609771311177058e-01
6.927075641757681757e-01
6.930324392600781813e-01
6.927325969404117822e-01
6.929854309056090456e-01
