9.346632949528472789e-01
6.932814520984248441e-01
6.935321728302155098e-01
6.934819946041774763e-01
6.932526414659144764e-01
6.934388587891068267e-01
6.933011183297216329e-01
6.938022532412581045e-01
6.936679585226650513e-01
6.934494489306766152e-01
6.932561202700487923e-01
6.932719781966497630e-01
6.933018598192708382e-01
6.932707076936256430e-01
6.931706999360043309e-01
6.931491120172976750e-01
6.914533081988164520e-01
6.858667693253350794e-01
6.748072845826419419e-01
6.675556319549036388e-01
6.559738394458626276e-01
6.412712512960129230e-01
6.274140443356504004e-01
6.205987017535982142e-01
6.033464950968835394e-01
5.968138065928515479e-01
5.799088340850426793e-01
5.691746753128915648e-01
5.558944713185735020e-01
5.635730407498887873e-01
5.444732040061660561e-01
5.358295521916106585e-01
5.247271797788424230e-01
5.176456592230573861e-01
5.191265967531177861e-01
4.898133527688801614e-01
4.718716411269491262e-01
4.434504245743944306e-01
4.280715797247201526e-01
3.970423065188654066e-01
3.572143452131259500e-01
