1.143341031267486319e+00
6.936110021108393697e-01
6.939005163103131313e-01
6.918819125160970973e-01
6.801209624599725556e-01
6.605405788393139410e-01
6.321774550199119602e-01
6.076925479802406382e-01
5.741301621515293441e-01
5.566415136628407589e-01
5.247810756557989009e-01
4.957360867441251151e-01
4.861828443765769947e-01
4.594595683035417877e-01
4.324305592219120919e-01
4.070673838443952808e-01
4.079002710479164295e-01
3.719735005703521669e-01
3.470190621665610875e-01
3.384018885351146588e-01
3.325563107800834084e-01
3.056581684391761478e-01
2.826976765115127854e-01
2.866314721295264434e-01
2.787944847866610232e-01
2.650527533210534359e-01
2.437138955661746764e-01
2.327111820239596007e-01
2.329482768684026650e-01
2.293874380188361262e-01
2.050073053819339297e-01
1.943812598228972510e-01
1.682988167343289765e-01
1.525536028669296496e-01
1.494772310071766086e-01
1.392970825102846366e-01
1.597021061285626153e-01
1.355451384214264310e-01
1.360919046165631474e-01
1.174676242096795720e-01
9.584257297221893124e-02
1.011283469145094621e-01
9.973806736101474557e-02
