9.527147681346604946e-01
6.937262973080893236e-01
6.932844696713167387e-01
6.933839648783951537e-01
6.882870184669411806e-01
6.810268029643425924e-01
6.637405466606018933e-01
6.368394209793378780e-01
6.187235126995248580e-01
5.904144645061006891e-01
5.647955443922558771e-01
5.398363272888644371e-01
5.089744791785119071e-01
4.842371087175293409e-01
4.770364107352634275e-01
4.522999095599460895e-01
4.348748483973828849e-01
4.146829101781622229e-01
3.833010001295225622e-01
3.873133788543962064e-01
3.762312285250001276e-01
3.592212113558371778e-01
3.316073070914120069e-01
3.245597356917223064e-01
3.246614155822444281e-01
3.403807709814088422e-01
3.196358736897861874e-01
2.965016309445089870e-01
3.113218459792917447e-01
2.694783937762704751e-01
2.501212235930689864e-01
2.614274591061811481e-01
2.552793505462467305e-01
2.512301478872863703e-01
2.424454379509092261e-01
2.461435597901885652e-01
2.455399823311811558e-01
2.302012004439821791e-01
2.246232868001747374e-01
2.283370110860407087e-01
2.168949787656228867e-01
2.164635195850613814e-01
