1.020945042994823249e+00
6.949878288389967906e-01
6.932627787222332971e-01
6.859668067477172615e-01
6.610263029971655824e-01
6.229906042988715420e-01
5.878067765422338997e-01
5.259932321178953929e-01
4.871559874085087949e-01
4.181173407542715381e-01
3.941968182911537721e-01
3.681727796671606101e-01
3.406441592017885323e-01
3.153279133215890484e-01
2.754552933935429104e-01
2.981072361220686306e-01
2.676521573593005909e-01
2.552034281823352679e-01
2.302586759784251980e-01
2.266901004194663005e-01
2.002684741589222384e-01
2.000217117306463122e-01
2.137645568750230207e-01
2.059865411924273748e-01
1.746404505547964336e-01
1.617545245330100079e-01
1.671724196866320455e-01
1.870884537219418553e-01
1.609414753595383718e-01
1.564993071646720024e-01
1.554195731493916988e-01
