1.008545173082191049e+00
6.935840733086265919e-01
6.933265433953806900e-01
6.935181065074520479e-01
6.934490523087077918e-01
6.931702102545096444e-01
6.932328203526092469e-01
6.933359268047056823e-01
6.932616082304913219e-01
6.932414462228367880e-01
6.933734857925961670e-01
6.933111472663382457e-01
6.934952668558315159e-01
6.933878468534727668e-01
6.933229642028332362e-01
6.935880824575471060e-01
6.933969460318489819e-01
6.932596825569107279e-01
6.933205981801087159e-01
6.933350483080020776e-01
6.934305060369563289e-01
6.871844951320380535e-01
6.799682071194708133e-01
6.739494407196396919e-01
6.641369813295371349e-01
6.640237869936638226e-01
6.555500293088827313e-01
6.533240858528162054e-01
6.455633439556662800e-01
6.388459149940320936e-01
6.320608976352218855e-01
6.277383792212577474e-01
6.195185617025231739e-01
6.166827559212121335e-01
6.127869881151293274e-01
6.052081647740311654e-01
5.957611953027218687e-01
5.940008839791653950e-01
5.909298604302662961e-01
5.886580274197020790e-01
5.705067729703892088e-01
5.660962093983703536e-01
5.684269720740061649e-01
5.544048987737756340e-01
5.554292563800252713e-01
5.497842852606975583e-01
5.405406937011228985e-01
