9.594368586937586096e-01
8.206828700171576729e-01
8.542264617151684725e-01
7.260357787211736413e-01
6.963167637586594738e-01
6.967235604921976355e-01
6.983077807558907280e-01
6.970148053434159774e-01
6.938548170857958830e-01
6.946106867657766415e-01
6.936330298582712439e-01
6.936047242747412911e-01
6.933378295765982857e-01
6.936249434947967529e-01
6.921780523326661605e-01
6.921088281604979020e-01
6.931704713238610038e-01
6.936136003997590560e-01
6.928398427036073226e-01
6.946323828564749947e-01
6.931942833794486614e-01
6.931695722871356047e-01
6.929271833764182320e-01
6.930866605705685579e-01
6.926726284954284329e-01
6.937412354681227189e-01
6.942388084199693221e-01
6.935998681518766862e-01
6.931493216090731657e-01
6.930070171753565100e-01
6.935750560628043404e-01
6.927575485573874703e-01
6.934230460060967216e-01
6.933833261330922815e-01
6.927722907728619539e-01
6.928592224915822717e-01
6.919782492849563260e-01
6.934818625450134277e-01
6.931133998764885673e-01
6.929334683550728569e-01
6.923912068208059045e-01
6.928288208113776436e-01
6.918032483922110787e-01
6.920726762877571492e-01
6.923468841446769328e-01
6.932323260439767765e-01
6.929021759165657768e-01
6.931703603929944002e-01
6.936149746179580688e-01
6.933608750502268103e-01
6.926264100604586638e-01
6.926447136534584770e-01
