1.024335294961929321e+00
7.932477908002005806e-01
7.658842570251889192e-01
7.430609050724241715e-01
6.954991602235369719e-01
6.955584072404437102e-01
6.951040592458512801e-01
6.942036648591360937e-01
6.948543108171886251e-01
6.948003603352440605e-01
6.957695020569695243e-01
6.940107742945352820e-01
6.938365085257424125e-01
6.936606665452321741e-01
6.943900651401944124e-01
6.943666968080730584e-01
6.929147558079825631e-01
6.958887692954804916e-01
6.942640460199780428e-01
6.940741058852936129e-01
6.925007469124264681e-01
6.929022918144861487e-01
6.927017735110388985e-01
6.926629758543438875e-01
6.923530432913038712e-01
6.934762795766195032e-01
6.930172178480360490e-01
6.935032423999574203e-01
6.941126899586782528e-01
6.930839733944998970e-01
6.937437504529953003e-01
6.926959156990051270e-01
6.923133101728226046e-01
6.922853936751683923e-01
6.932837118705112989e-01
6.921862893634371794e-01
6.928413477208880122e-01
6.928216649426354179e-01
6.930052869849734343e-01
6.935374471876356584e-01
6.934115141630172729e-01
6.934935202201208959e-01
6.926077190372679215e-01
