9.747068501181068712e-01
7.587758037779066544e-01
7.188928607437345963e-01
7.076675047477086755e-01
6.968519704209434895e-01
6.944993618461821061e-01
6.943204055229822425e-01
6.942236704958809623e-01
6.944840980900658378e-01
6.950711227125592195e-01
6.944943914810816077e-01
6.938669814003839420e-01
6.934700724151399154e-01
6.940458201699786223e-01
6.939835465616650545e-01
6.945713112751642493e-01
6.939538750383589250e-01
6.927375859684414827e-01
6.930076413684420622e-01
6.921263635158538818e-01
6.936039080222448083e-01
6.936634514066908341e-01
6.934523930152257654e-01
6.931931128104528161e-01
6.922088132964240303e-01
6.924219909641478043e-01
6.920426305797363620e-01
6.912199755509693677e-01
6.920818024211459196e-01
6.908359063996208915e-01
6.886217991511026648e-01
6.873360723257064819e-01
6.854730397462844849e-01
6.840059674448437654e-01
6.791801750659942627e-01
6.802074826425976717e-01
6.800552573468949813e-01
6.708140240775214425e-01
6.755260030428568152e-01
6.763725197977489279e-01
6.776185582081476477e-01
6.664726518922382548e-01
6.655688550737169917e-01
6.514722324079937898e-01
6.462313748068280184e-01
6.378498640325334090e-01
