9.630811860164006921e-01
8.030290371841855013e-01
7.905747873915566215e-01
7.224944134553273889e-01
6.989624665843116036e-01
6.965597470601400110e-01
6.947935289806790315e-01
6.951721111933389929e-01
6.940014908711115149e-01
6.940152827236389932e-01
6.941927456193499602e-01
6.934136648972829553e-01
6.925770590702692298e-01
6.918171279960207976e-01
6.914474765459696082e-01
6.906649437215592879e-01
6.919929252730475655e-01
6.928504092825783500e-01
6.959163033299975432e-01
6.933939738406075248e-01
6.938109878036708977e-01
6.930907136864132845e-01
6.930552406443489799e-01
6.925021476215786898e-01
6.921228468418121338e-01
6.922478990422354928e-01
6.932201832532882690e-01
6.934976494974560701e-01
6.921494768725501290e-01
6.919720487462149849e-01
6.901553654008441008e-01
6.892940137121412736e-01
6.879867249064975931e-01
6.860756973425546912e-01
6.856673210859298706e-01
6.835688004891077307e-01
6.865429629882177087e-01
6.802435898118548430e-01
6.833662837743759155e-01
6.844351672463946379e-01
6.883675571944978255e-01
6.889383892218271521e-01
6.922194146447711027e-01
6.938717381821738472e-01
6.944919592804379427e-01
6.923337297307120553e-01
6.915664937761094588e-01
6.901902092827690849e-01
6.894034494956334802e-01
6.896638787455029451e-01
6.885719713237550277e-01
6.870761464039483180e-01
6.864778780274920500e-01
6.855694320466783065e-01
