9.699390017324019952e-01
7.646994441747665405e-01
7.226623809999890291e-01
7.041430970033010217e-01
6.998983555369906462e-01
6.967237061924405062e-01
6.960486190186606636e-01
6.948413633637957609e-01
6.939253956079483032e-01
6.954809327920278283e-01
6.942278063959546053e-01
6.934402535359063258e-01
6.951364245679643172e-01
6.934808906581668708e-01
6.941200560993618929e-01
6.935533897744285969e-01
6.950899014870325354e-01
6.935022109084658659e-01
6.929850644535489046e-01
6.939341177543002503e-01
6.939264386892318726e-01
6.947723329067231335e-01
6.933389123943116683e-01
6.923933095402188265e-01
6.938414176305135461e-01
6.927487436268064958e-01
6.935326374239392244e-01
6.930521412028206596e-01
6.928541693422529679e-01
6.923005928595861169e-01
6.934193074703216553e-01
6.930492172638574866e-01
6.907162798775566825e-01
6.933058434062533415e-01
6.928522388140360144e-01
6.909027248620986938e-01
6.919124441014395943e-01
