8.678634196579048110e-01
6.931774341173452259e-01
6.923535324516372214e-01
6.928913268104238687e-01
6.875748828504028021e-01
6.869810733593106900e-01
6.801961476217172065e-01
6.785948651959317068e-01
6.750503223322790181e-01
6.758999157704361771e-01
6.674927360068039217e-01
6.667951044723756659e-01
6.594481457676800717e-01
6.533529590597428882e-01
6.431891454999953961e-01
6.351587247753796017e-01
6.223280098732404397e-01
6.240086689134276554e-01
6.081628978212946235e-01
6.052734673457333958e-01
5.892813571292395691e-01
5.756009950645184503e-01
5.707554749715304521e-01
5.488895330305947340e-01
