8.001624659986685817e-01
6.928532993819804808e-01
6.910236454431055719e-01
6.855674527601953727e-01
6.828036091711872091e-01
6.790867286538972980e-01
6.700898616256039109e-01
6.648755616962778170e-01
6.601815943423222643e-01
6.465109321981604706e-01
6.381534936675437031e-01
6.320850379419642451e-01
6.171944145072111310e-01
6.022768464046335257e-01
5.913343759035695202e-01
5.737204719326617353e-01
5.629405335085281292e-01
5.520368541839633103e-01
5.325256600548363695e-01
5.163757332902868535e-01
5.060710881719524545e-01
4.868107361509310671e-01
4.737456170928399102e-01
4.452856309629696918e-01
4.387986412374652034e-01
