8.981273454546141455e-01
6.908227882637882900e-01
6.859493629032411555e-01
6.791378708864679314e-01
6.698933366381832899e-01
6.649843234363244093e-01
6.567831576528402326e-01
6.435455129636045157e-01
6.350790313011236421e-01
6.187064945039896235e-01
6.008932577590015978e-01
5.884483810029020878e-01
5.776049395007540888e-01
5.551109143440297045e-01
5.354779521361091588e-01
5.089231192934067227e-01
4.865013540712150308e-01
4.748976788115554237e-01
4.481444202511515873e-01
4.370959039555480374e-01
4.255118924260928859e-01
3.906867900036818386e-01
3.849173218603955116e-01
3.423621933981282894e-01
3.460476708727956430e-01
3.356069927183997770e-01
3.112891789172134160e-01
2.950699912791220347e-01
2.995326091516886113e-01
2.575483368853596633e-01
2.439326900256916786e-01
2.348469175118747532e-01
2.307940252700915185e-01
2.029174522453585650e-01
2.157097546996396553e-01
2.038239161041925096e-01
1.663109213969038991e-01
2.101597379111822539e-01
1.972349915414982890e-01
1.772649828829775953e-01
1.680398629661690457e-01
1.494919032976853579e-01
1.415281991229678238e-01
1.327195370960445875e-01
1.345915979107484006e-01
1.452821481504187606e-01
1.240496927802399590e-01
1.409432833557886788e-01
1.222666949231103611e-01
1.449833581285760453e-01
