8.246283793102114901e-01
6.928645747304094105e-01
6.883608781062748871e-01
6.857030559022861960e-01
6.811172732899610782e-01
6.690008914173375398e-01
6.706636271921906367e-01
6.587264643839404465e-01
6.504861218227873110e-01
6.334817086169062250e-01
6.301858133628810421e-01
6.175781103507543834e-01
5.920528824875040952e-01
5.839621310096206885e-01
5.592377549421703176e-01
5.431679773675344158e-01
5.199148176758791040e-01
5.076542830617188917e-01
4.837459846064892099e-01
4.701715501379266637e-01
4.416925713364006079e-01
4.158118914568616487e-01
3.901630488222888604e-01
3.735402301299179939e-01
