9.635079010169763647e-01
6.929007307846288821e-01
6.889051324484364303e-01
6.845606917050766071e-01
6.845191792410204590e-01
6.755985128169028631e-01
6.698741719422750540e-01
6.594786461615405049e-01
6.538326392900075668e-01
6.449176235704232596e-01
6.270524256803078345e-01
6.164904021269437262e-01
6.052273821093915318e-01
5.884987268226824497e-01
5.879460307409695163e-01
5.560665451138224746e-01
5.528905776425967478e-01
5.283505755807654802e-01
5.133893394575477220e-01
4.932032582512491103e-01
4.653996986663894164e-01
4.440194021392342427e-01
4.368024198030004412e-01
4.213309217104585502e-01
3.992969025707666098e-01
3.728127676788018374e-01
3.742063306814787382e-01
3.475999116239695264e-01
3.448908016381673769e-01
3.242245452688229945e-01
3.257603406511395683e-01
3.043656542601174686e-01
2.785311284181035685e-01
