6.928195953369140625e-01
6.938899755477905273e-01
6.895354390144348145e-01
6.922967433929443359e-01
6.959939002990722656e-01
6.948317885398864746e-01
6.962584257125854492e-01
6.955238580703735352e-01
6.916573047637939453e-01
6.950097084045410156e-01
6.928788423538208008e-01
6.929624080657958984e-01
6.935210824012756348e-01
6.924751400947570801e-01
6.899133324623107910e-01
6.931438446044921875e-01
6.884812116622924805e-01
7.038356065750122070e-01
6.935902833938598633e-01
6.925407648086547852e-01
6.977783441543579102e-01
6.922633647918701172e-01
6.921203732490539551e-01
6.923666000366210938e-01
6.960201263427734375e-01
6.893195509910583496e-01
6.932749748229980469e-01
6.918026804924011230e-01
6.949877738952636719e-01
6.983410120010375977e-01
6.910520792007446289e-01
6.934639215469360352e-01
6.921890377998352051e-01
6.928231716156005859e-01
6.931411027908325195e-01
6.906957626342773438e-01
6.919969916343688965e-01
6.903535127639770508e-01
6.985228061676025391e-01
6.948752403259277344e-01
6.987873911857604980e-01
6.939685940742492676e-01
6.920413374900817871e-01
6.945328712463378906e-01
6.929175853729248047e-01
6.920526027679443359e-01
6.918204426765441895e-01
6.921763420104980469e-01
6.928457617759704590e-01
6.931658983230590820e-01
6.907235383987426758e-01
6.946957111358642578e-01
6.933742761611938477e-01
6.945421695709228516e-01
6.925394535064697266e-01
6.929638981819152832e-01
6.971396207809448242e-01
6.940565109252929688e-01
6.934541463851928711e-01
6.929861903190612793e-01
6.934818029403686523e-01
6.931830048561096191e-01
6.932575106620788574e-01
6.927154064178466797e-01
6.934067010879516602e-01
6.930544376373291016e-01
6.928584575653076172e-01
6.921161413192749023e-01
6.960290074348449707e-01
6.939803957939147949e-01
6.946825385093688965e-01
6.929519772529602051e-01
6.937054991722106934e-01
6.933715343475341797e-01
6.934072375297546387e-01
6.934474706649780273e-01
6.929126977920532227e-01
6.934446096420288086e-01
6.933182477951049805e-01
6.936748623847961426e-01
6.932817697525024414e-01
6.932234764099121094e-01
6.927633285522460938e-01
6.930010914802551270e-01
6.931911706924438477e-01
6.919362545013427734e-01
6.909208297729492188e-01
6.953612565994262695e-01
6.910406351089477539e-01
6.903778314590454102e-01
6.950975656509399414e-01
6.922947764396667480e-01
6.914510726928710938e-01
6.967622041702270508e-01
6.945003867149353027e-01
6.952134966850280762e-01
6.930649280548095703e-01
6.936047077178955078e-01
6.931712031364440918e-01
6.886309385299682617e-01
6.950626373291015625e-01
6.896137595176696777e-01
6.936905980110168457e-01
6.894531250000000000e-01
6.956248879432678223e-01
6.940668821334838867e-01
6.955881714820861816e-01
6.919622421264648438e-01
6.988979578018188477e-01
6.902602910995483398e-01
6.987675428390502930e-01
6.947466135025024414e-01
6.917426586151123047e-01
6.911934614181518555e-01
6.934061050415039062e-01
6.928844451904296875e-01
6.929019093513488770e-01
6.961587667465209961e-01
6.928676366806030273e-01
6.924226284027099609e-01
6.927238702774047852e-01
6.920583844184875488e-01
6.937004327774047852e-01
6.940936446189880371e-01
6.928086280822753906e-01
6.939085721969604492e-01
6.933086514472961426e-01
6.927840709686279297e-01
6.936981678009033203e-01
6.931772232055664062e-01
6.929823160171508789e-01
6.934875249862670898e-01
6.931938529014587402e-01
6.947346925735473633e-01
6.918256282806396484e-01
6.919058561325073242e-01
6.916491985321044922e-01
6.913087368011474609e-01
6.919862031936645508e-01
6.961981058120727539e-01
6.908969879150390625e-01
6.977359652519226074e-01
6.934389472007751465e-01
6.922697424888610840e-01
6.930713653564453125e-01
6.948119401931762695e-01
6.917212009429931641e-01
6.955205202102661133e-01
6.918197870254516602e-01
6.940431594848632812e-01
6.919675469398498535e-01
6.941834688186645508e-01
6.940681934356689453e-01
6.918998956680297852e-01
6.939303874969482422e-01
6.919802427291870117e-01
6.955436468124389648e-01
6.941888332366943359e-01
6.928619146347045898e-01
6.936535835266113281e-01
6.932035684585571289e-01
6.928880214691162109e-01
6.933527588844299316e-01
6.933848261833190918e-01
6.934677958488464355e-01
6.927248835563659668e-01
6.932494044303894043e-01
6.937248706817626953e-01
6.926816701889038086e-01
6.929053068161010742e-01
6.938313245773315430e-01
6.926407814025878906e-01
6.941270828247070312e-01
6.934848427772521973e-01
6.931904554367065430e-01
6.933603286743164062e-01
6.936562061309814453e-01
6.934915781021118164e-01
6.925758123397827148e-01
6.930674910545349121e-01
6.942695975303649902e-01
6.925703287124633789e-01
6.933481693267822266e-01
6.931008100509643555e-01
6.935428380966186523e-01
6.920602321624755859e-01
6.920506954193115234e-01
6.912259459495544434e-01
6.909604668617248535e-01
6.912896633148193359e-01
6.967568397521972656e-01
6.943221688270568848e-01
6.914258003234863281e-01
6.887739300727844238e-01
6.925595998764038086e-01
6.978260278701782227e-01
6.982841491699218750e-01
6.929876804351806641e-01
6.975927352905273438e-01
6.937426924705505371e-01
6.919528841972351074e-01
6.932221055030822754e-01
6.979109048843383789e-01
6.937289834022521973e-01
6.930972337722778320e-01
6.933374404907226562e-01
6.927629113197326660e-01
6.912181973457336426e-01
6.946052312850952148e-01
6.932579278945922852e-01
6.917747855186462402e-01
6.888771057128906250e-01
6.914557218551635742e-01
6.890159845352172852e-01
6.967350244522094727e-01
6.965331435203552246e-01
6.956599950790405273e-01
6.960264444351196289e-01
6.917954087257385254e-01
6.915243268013000488e-01
6.943907737731933594e-01
6.960387229919433594e-01
6.923859715461730957e-01
6.948715448379516602e-01
6.934404373168945312e-01
6.932327747344970703e-01
6.928026676177978516e-01
6.933784484863281250e-01
6.940392255783081055e-01
6.932066082954406738e-01
6.928354501724243164e-01
6.922488808631896973e-01
6.920436620712280273e-01
6.926735043525695801e-01
6.931961774826049805e-01
6.919555068016052246e-01
6.928985118865966797e-01
6.940573453903198242e-01
6.930768489837646484e-01
6.902846097946166992e-01
6.936268806457519531e-01
6.947295665740966797e-01
6.937673687934875488e-01
6.930523514747619629e-01
6.973373293876647949e-01
6.933850049972534180e-01
6.931521892547607422e-01
6.953120231628417969e-01
6.939329504966735840e-01
6.931411027908325195e-01
6.922278404235839844e-01
6.953773498535156250e-01
6.934664249420166016e-01
6.934438347816467285e-01
6.932697892189025879e-01
6.935242414474487305e-01
6.930516362190246582e-01
6.928025484085083008e-01
6.923319101333618164e-01
6.911516785621643066e-01
6.964714527130126953e-01
6.937867403030395508e-01
6.931053400039672852e-01
6.892176270484924316e-01
6.920043230056762695e-01
6.941419839859008789e-01
6.924173831939697266e-01
6.954984664916992188e-01
6.992148160934448242e-01
6.895295977592468262e-01
6.949233412742614746e-01
6.972227096557617188e-01
6.951215267181396484e-01
6.924471855163574219e-01
6.917996406555175781e-01
6.938843131065368652e-01
6.930359005928039551e-01
6.901789307594299316e-01
6.926204562187194824e-01
6.932891607284545898e-01
6.968534588813781738e-01
6.933529973030090332e-01
6.928341984748840332e-01
6.938033103942871094e-01
6.929370164871215820e-01
6.937316656112670898e-01
6.926193833351135254e-01
6.935529708862304688e-01
6.928544044494628906e-01
6.939522027969360352e-01
6.930774450302124023e-01
6.929830312728881836e-01
6.935034394264221191e-01
6.917653083801269531e-01
6.945974826812744141e-01
6.920654773712158203e-01
6.936118006706237793e-01
6.964241266250610352e-01
6.933932304382324219e-01
6.936365365982055664e-01
6.933478116989135742e-01
6.931869387626647949e-01
6.931762099266052246e-01
6.928894519805908203e-01
6.930512189865112305e-01
6.933625936508178711e-01
6.928118467330932617e-01
6.941491365432739258e-01
6.924496889114379883e-01
6.936405301094055176e-01
6.916411519050598145e-01
6.902281045913696289e-01
6.926881670951843262e-01
6.940553784370422363e-01
6.911060810089111328e-01
6.916441917419433594e-01
6.920320391654968262e-01
6.874910593032836914e-01
6.928787231445312500e-01
6.945471763610839844e-01
6.998713016510009766e-01
