6.929132938385009766e-01
6.936913132667541504e-01
6.933062076568603516e-01
6.930901408195495605e-01
6.940360665321350098e-01
6.932382583618164062e-01
6.930109262466430664e-01
6.927421689033508301e-01
6.938064098358154297e-01
6.926214098930358887e-01
6.942357420921325684e-01
6.928679943084716797e-01
6.932301521301269531e-01
6.939382553100585938e-01
6.930497884750366211e-01
6.939473152160644531e-01
6.929373741149902344e-01
6.954331398010253906e-01
6.942045688629150391e-01
6.934741139411926270e-01
6.932194232940673828e-01
6.928381919860839844e-01
6.931101679801940918e-01
6.927332878112792969e-01
6.935427784919738770e-01
6.931105852127075195e-01
6.934788227081298828e-01
6.935451030731201172e-01
6.927082538604736328e-01
6.929113864898681641e-01
6.935049891471862793e-01
6.925141811370849609e-01
6.932035684585571289e-01
6.928693056106567383e-01
6.947456002235412598e-01
6.945776343345642090e-01
6.938475370407104492e-01
6.935122013092041016e-01
6.932315230369567871e-01
6.931673288345336914e-01
6.937074065208435059e-01
6.927525997161865234e-01
6.930667161941528320e-01
6.936605572700500488e-01
6.930052638053894043e-01
6.931301951408386230e-01
6.932036280632019043e-01
6.933159828186035156e-01
6.922357678413391113e-01
6.941029429435729980e-01
6.917636394500732422e-01
6.919178366661071777e-01
6.942986249923706055e-01
6.927865743637084961e-01
6.923265457153320312e-01
6.917018890380859375e-01
6.923580169677734375e-01
6.918990612030029297e-01
6.920112371444702148e-01
6.862189769744873047e-01
7.005973458290100098e-01
6.962739229202270508e-01
6.951556205749511719e-01
6.924872994422912598e-01
6.919552683830261230e-01
6.957815885543823242e-01
6.895834803581237793e-01
6.933671832084655762e-01
6.890662908554077148e-01
6.901363134384155273e-01
6.968590617179870605e-01
6.963739991188049316e-01
6.922188997268676758e-01
6.911369562149047852e-01
6.979097127914428711e-01
6.931225061416625977e-01
6.947706937789916992e-01
6.943470239639282227e-01
6.929515600204467773e-01
6.944496631622314453e-01
6.926721930503845215e-01
6.935985088348388672e-01
6.956912875175476074e-01
6.945935487747192383e-01
6.928129196166992188e-01
6.940945386886596680e-01
6.928496360778808594e-01
6.932909488677978516e-01
6.930409669876098633e-01
6.921768188476562500e-01
6.921202540397644043e-01
6.916723251342773438e-01
6.890512704849243164e-01
6.980339884757995605e-01
7.011945247650146484e-01
6.937955617904663086e-01
6.929624080657958984e-01
6.929284930229187012e-01
6.932393312454223633e-01
6.921820640563964844e-01
6.968078613281250000e-01
6.942627429962158203e-01
6.944096088409423828e-01
6.929094791412353516e-01
6.921469569206237793e-01
6.958750486373901367e-01
6.930742859840393066e-01
6.956666707992553711e-01
6.930896043777465820e-01
6.946552395820617676e-01
6.932314634323120117e-01
6.943829655647277832e-01
6.930530071258544922e-01
6.933376789093017578e-01
6.935499310493469238e-01
6.932520866394042969e-01
6.924104690551757812e-01
6.947278976440429688e-01
6.942660808563232422e-01
6.935333609580993652e-01
6.936786174774169922e-01
6.935734152793884277e-01
6.924328804016113281e-01
6.942691802978515625e-01
6.928608417510986328e-01
6.933402419090270996e-01
6.932372450828552246e-01
6.934304237365722656e-01
6.934945583343505859e-01
6.933466196060180664e-01
6.928514838218688965e-01
6.931061744689941406e-01
6.930786371231079102e-01
6.929053068161010742e-01
6.940538287162780762e-01
6.934998035430908203e-01
6.931378245353698730e-01
6.941919326782226562e-01
6.928982734680175781e-01
6.932358741760253906e-01
6.933457851409912109e-01
6.930621266365051270e-01
6.928791403770446777e-01
6.942591667175292969e-01
6.921918392181396484e-01
6.939765214920043945e-01
6.918783187866210938e-01
6.920892000198364258e-01
6.943845748901367188e-01
6.882459521293640137e-01
6.957565546035766602e-01
6.937659978866577148e-01
6.903104186058044434e-01
6.949247121810913086e-01
6.970394849777221680e-01
6.933884024620056152e-01
6.924535632133483887e-01
6.941879987716674805e-01
6.921679377555847168e-01
6.988725662231445312e-01
6.931316852569580078e-01
6.922032833099365234e-01
6.930763125419616699e-01
6.913883686065673828e-01
6.929408311843872070e-01
6.958774328231811523e-01
6.932435631752014160e-01
6.936359405517578125e-01
6.947905421257019043e-01
6.939213275909423828e-01
6.984970569610595703e-01
6.939026117324829102e-01
6.935747861862182617e-01
6.926043033599853516e-01
6.926909685134887695e-01
6.940252780914306641e-01
6.924751996994018555e-01
6.893591880798339844e-01
6.973671913146972656e-01
6.919578909873962402e-01
6.967403888702392578e-01
6.957558393478393555e-01
6.931610107421875000e-01
6.912994384765625000e-01
6.919437050819396973e-01
6.930584907531738281e-01
6.931121945381164551e-01
6.919354200363159180e-01
6.932098865509033203e-01
6.956372857093811035e-01
6.931607723236083984e-01
6.959691047668457031e-01
6.943250894546508789e-01
6.931824684143066406e-01
6.933810114860534668e-01
6.922702789306640625e-01
6.976243257522583008e-01
6.942957639694213867e-01
6.930339336395263672e-01
6.930606365203857422e-01
6.933242678642272949e-01
6.941497921943664551e-01
6.936753988265991211e-01
6.932002902030944824e-01
6.932256817817687988e-01
6.935961246490478516e-01
6.930788755416870117e-01
6.931884884834289551e-01
6.929377317428588867e-01
6.931316852569580078e-01
6.923918128013610840e-01
6.930027604103088379e-01
6.924606561660766602e-01
6.939761638641357422e-01
6.903128027915954590e-01
6.943970322608947754e-01
6.933580636978149414e-01
6.925013065338134766e-01
6.911624670028686523e-01
6.935373544692993164e-01
6.942116022109985352e-01
6.932865381240844727e-01
6.947672367095947266e-01
6.922267675399780273e-01
6.930602788925170898e-01
6.921980977058410645e-01
6.917358636856079102e-01
6.962856650352478027e-01
6.894627809524536133e-01
6.923167705535888672e-01
6.926692724227905273e-01
6.899706721305847168e-01
6.901373863220214844e-01
6.909649968147277832e-01
6.915602087974548340e-01
6.903139352798461914e-01
6.949255466461181641e-01
6.965451240539550781e-01
6.989794373512268066e-01
6.880959272384643555e-01
6.959072947502136230e-01
6.950171589851379395e-01
6.930514574050903320e-01
6.898365616798400879e-01
6.950877308845520020e-01
6.947629451751708984e-01
6.977647542953491211e-01
6.915472745895385742e-01
6.918905377388000488e-01
6.933085322380065918e-01
6.920422315597534180e-01
6.928865909576416016e-01
6.911079883575439453e-01
6.940290927886962891e-01
6.946538686752319336e-01
6.936810016632080078e-01
6.927154064178466797e-01
6.919668912887573242e-01
6.951020359992980957e-01
6.923354864120483398e-01
6.937018632888793945e-01
6.932426691055297852e-01
6.931986808776855469e-01
6.938042640686035156e-01
6.936646103858947754e-01
6.929474472999572754e-01
6.934641003608703613e-01
6.935885548591613770e-01
6.933115124702453613e-01
6.930277347564697266e-01
6.933221817016601562e-01
6.927056908607482910e-01
6.946322917938232422e-01
6.928410530090332031e-01
6.933840513229370117e-01
6.936377286911010742e-01
6.930204629898071289e-01
6.928486227989196777e-01
6.935910582542419434e-01
6.935713887214660645e-01
6.923723220825195312e-01
6.929224133491516113e-01
6.930513978004455566e-01
6.936045289039611816e-01
6.942713260650634766e-01
6.936379671096801758e-01
6.932138204574584961e-01
6.934739351272583008e-01
6.929975748062133789e-01
6.931502223014831543e-01
6.928948760032653809e-01
6.930345296859741211e-01
6.933981180191040039e-01
6.923017501831054688e-01
6.932581663131713867e-01
6.936708688735961914e-01
6.928719878196716309e-01
6.924681067466735840e-01
6.926453113555908203e-01
6.916846036911010742e-01
6.923669576644897461e-01
6.917279958724975586e-01
6.943188309669494629e-01
6.927269697189331055e-01
6.945601701736450195e-01
6.922423243522644043e-01
6.931272149085998535e-01
6.895177364349365234e-01
6.886510848999023438e-01
6.985839605331420898e-01
6.973711252212524414e-01
6.957433223724365234e-01
6.884173750877380371e-01
6.936146020889282227e-01
6.926090717315673828e-01
6.948038339614868164e-01
6.946719884872436523e-01
6.937929391860961914e-01
6.931399106979370117e-01
6.933064460754394531e-01
6.910651922225952148e-01
