6.930714249610900879e-01
6.930298805236816406e-01
6.926809549331665039e-01
6.933281421661376953e-01
6.951233148574829102e-01
6.933401823043823242e-01
6.925119757652282715e-01
6.946281790733337402e-01
6.936768293380737305e-01
6.931888461112976074e-01
6.927750110626220703e-01
6.913887262344360352e-01
6.909562349319458008e-01
6.903775930404663086e-01
6.926337480545043945e-01
6.936248540878295898e-01
6.957699060440063477e-01
6.925888061523437500e-01
6.883931159973144531e-01
6.927099823951721191e-01
6.926477551460266113e-01
6.904431581497192383e-01
6.886875033378601074e-01
6.922596693038940430e-01
6.828352212905883789e-01
7.037824988365173340e-01
6.910972595214843750e-01
7.015720009803771973e-01
6.900978088378906250e-01
6.916425228118896484e-01
6.864988803863525391e-01
6.850593090057373047e-01
6.956906318664550781e-01
6.940264701843261719e-01
6.993075013160705566e-01
6.867291927337646484e-01
6.962834596633911133e-01
6.940963268280029297e-01
6.922614574432373047e-01
6.994147300720214844e-01
6.920710206031799316e-01
6.934732794761657715e-01
6.937858462333679199e-01
6.951835751533508301e-01
6.940996646881103516e-01
6.936854720115661621e-01
6.932934522628784180e-01
6.929478645324707031e-01
6.931857466697692871e-01
6.932715773582458496e-01
6.944443583488464355e-01
6.933577060699462891e-01
6.932114958763122559e-01
6.927919983863830566e-01
6.926513910293579102e-01
6.927355527877807617e-01
6.927165985107421875e-01
6.933876872062683105e-01
6.926285028457641602e-01
6.946094632148742676e-01
6.960625648498535156e-01
6.926485300064086914e-01
6.929875612258911133e-01
6.925256848335266113e-01
6.932925581932067871e-01
6.913007497787475586e-01
6.989632844924926758e-01
6.934020519256591797e-01
6.936126947402954102e-01
6.929221153259277344e-01
6.923565864562988281e-01
6.933844685554504395e-01
6.932390332221984863e-01
6.933834552764892578e-01
6.940815448760986328e-01
6.933424472808837891e-01
6.932113766670227051e-01
6.934578418731689453e-01
6.926974058151245117e-01
6.932981014251708984e-01
6.929099559783935547e-01
6.938809156417846680e-01
6.936811208724975586e-01
6.929912567138671875e-01
6.928931474685668945e-01
6.926641464233398438e-01
6.931753754615783691e-01
6.907628178596496582e-01
6.890900135040283203e-01
6.969283819198608398e-01
6.958805918693542480e-01
6.975515484809875488e-01
6.935276985168457031e-01
6.939822435379028320e-01
6.920241713523864746e-01
6.956586837768554688e-01
6.931873559951782227e-01
6.933127641677856445e-01
6.930764913558959961e-01
6.933667063713073730e-01
6.922146081924438477e-01
6.915020942687988281e-01
6.933358907699584961e-01
6.948683261871337891e-01
6.926373243331909180e-01
6.931616067886352539e-01
6.925599575042724609e-01
6.925451159477233887e-01
6.950205564498901367e-01
6.929675340652465820e-01
6.933041810989379883e-01
6.934032440185546875e-01
6.940082907676696777e-01
6.918963789939880371e-01
6.912851333618164062e-01
6.936473846435546875e-01
6.917617917060852051e-01
6.947884559631347656e-01
6.918613910675048828e-01
6.911343336105346680e-01
6.941347122192382812e-01
6.977701187133789062e-01
6.946347951889038086e-01
6.937150359153747559e-01
6.919929981231689453e-01
6.929323673248291016e-01
6.931275129318237305e-01
6.926409006118774414e-01
6.933553218841552734e-01
6.934917569160461426e-01
6.934924125671386719e-01
6.938582658767700195e-01
6.929243803024291992e-01
6.927022337913513184e-01
6.936033964157104492e-01
6.927863359451293945e-01
6.928262710571289062e-01
6.925912499427795410e-01
6.934521198272705078e-01
6.940773129463195801e-01
6.928731203079223633e-01
6.931119561195373535e-01
6.927638053894042969e-01
6.947019100189208984e-01
6.925634145736694336e-01
6.934444904327392578e-01
6.939341425895690918e-01
6.937767267227172852e-01
6.921853423118591309e-01
6.938431859016418457e-01
6.926242113113403320e-01
6.930751204490661621e-01
6.922110319137573242e-01
6.920459866523742676e-01
6.928088665008544922e-01
6.932346820831298828e-01
6.953327059745788574e-01
6.917318701744079590e-01
6.983648538589477539e-01
6.933417320251464844e-01
6.939774751663208008e-01
6.928936243057250977e-01
6.940968632698059082e-01
6.926137804985046387e-01
6.928828954696655273e-01
6.923975944519042969e-01
6.959589719772338867e-01
6.932077407836914062e-01
6.924974918365478516e-01
6.941437721252441406e-01
6.924667358398437500e-01
6.933412551879882812e-01
6.927943229675292969e-01
6.925695538520812988e-01
6.927007436752319336e-01
6.923446655273437500e-01
6.911251544952392578e-01
6.924820542335510254e-01
6.926010251045227051e-01
6.915560364723205566e-01
6.972389221191406250e-01
6.911284327507019043e-01
6.950265765190124512e-01
6.941887140274047852e-01
6.910564899444580078e-01
6.957527399063110352e-01
6.935365200042724609e-01
6.924475431442260742e-01
6.932724714279174805e-01
6.925277709960937500e-01
6.928513050079345703e-01
6.972473859786987305e-01
6.933257579803466797e-01
6.942220330238342285e-01
6.932369470596313477e-01
6.925147771835327148e-01
6.954889297485351562e-01
6.951172351837158203e-01
6.937410831451416016e-01
6.940332055091857910e-01
6.933895349502563477e-01
6.929449439048767090e-01
6.929298043251037598e-01
6.931532621383666992e-01
6.956714391708374023e-01
6.931444406509399414e-01
6.930021047592163086e-01
6.933342218399047852e-01
6.928836107254028320e-01
6.934012174606323242e-01
6.932973861694335938e-01
6.928663849830627441e-01
6.948226094245910645e-01
6.927156448364257812e-01
6.939338445663452148e-01
6.931391358375549316e-01
6.933119297027587891e-01
6.928411126136779785e-01
6.935460567474365234e-01
6.932615041732788086e-01
6.938686370849609375e-01
6.932761669158935547e-01
6.924314498901367188e-01
6.930929422378540039e-01
6.922135353088378906e-01
6.909297704696655273e-01
6.946922540664672852e-01
6.924855709075927734e-01
6.948698759078979492e-01
6.924866437911987305e-01
6.920498609542846680e-01
6.983238458633422852e-01
6.920898556709289551e-01
6.922516226768493652e-01
6.954488754272460938e-01
6.944859027862548828e-01
6.926203370094299316e-01
6.935309767723083496e-01
6.910527944564819336e-01
6.917635798454284668e-01
6.958943605422973633e-01
6.940863728523254395e-01
6.927649974822998047e-01
6.940129995346069336e-01
6.932629942893981934e-01
6.924674510955810547e-01
6.917475461959838867e-01
6.929956674575805664e-01
6.911982297897338867e-01
6.954349875450134277e-01
6.933611631393432617e-01
6.920123100280761719e-01
6.909732222557067871e-01
6.956652998924255371e-01
6.940683722496032715e-01
6.920913457870483398e-01
6.951723098754882812e-01
6.926780343055725098e-01
6.941576600074768066e-01
6.934065818786621094e-01
6.930385828018188477e-01
6.922153830528259277e-01
6.921191215515136719e-01
6.930047273635864258e-01
6.933643817901611328e-01
6.930955052375793457e-01
6.929281353950500488e-01
6.937166452407836914e-01
6.929453611373901367e-01
6.922257542610168457e-01
6.928628683090209961e-01
6.921027302742004395e-01
6.941047906875610352e-01
6.955636739730834961e-01
6.943090558052062988e-01
6.927693486213684082e-01
6.936855316162109375e-01
6.935023069381713867e-01
6.925299167633056641e-01
6.915295124053955078e-01
6.941137313842773438e-01
6.929098367691040039e-01
6.932739615440368652e-01
6.941501498222351074e-01
6.932805180549621582e-01
6.940354704856872559e-01
6.936715841293334961e-01
6.929028034210205078e-01
6.931266784667968750e-01
6.935783624649047852e-01
6.926379203796386719e-01
6.928645372390747070e-01
6.916302442550659180e-01
6.905005574226379395e-01
6.937950849533081055e-01
6.962780952453613281e-01
6.936615705490112305e-01
6.926725506782531738e-01
6.939593553543090820e-01
6.925691366195678711e-01
6.933196783065795898e-01
6.936107873916625977e-01
6.922843456268310547e-01
6.900430917739868164e-01
6.967244148254394531e-01
6.908632516860961914e-01
6.946523785591125488e-01
6.905472874641418457e-01
6.972085237503051758e-01
6.928347349166870117e-01
6.934080123901367188e-01
6.969937086105346680e-01
6.931084990501403809e-01
6.910875439643859863e-01
6.920165419578552246e-01
6.904654502868652344e-01
6.947095394134521484e-01
6.942452788352966309e-01
6.920592784881591797e-01
6.932344436645507812e-01
6.907445788383483887e-01
