6.928558349609375000e-01
6.912159919738769531e-01
6.912944912910461426e-01
6.935179233551025391e-01
6.954734325408935547e-01
6.926919221878051758e-01
6.921844482421875000e-01
6.933231353759765625e-01
6.952208280563354492e-01
6.930547952651977539e-01
6.992921829223632812e-01
6.928781270980834961e-01
6.926662921905517578e-01
6.930649280548095703e-01
6.946572661399841309e-01
6.936089992523193359e-01
6.921640038490295410e-01
6.958323717117309570e-01
6.929292678833007812e-01
6.911218762397766113e-01
6.956166028976440430e-01
6.959187984466552734e-01
6.947196722030639648e-01
6.928006410598754883e-01
6.943832635879516602e-01
6.926944255828857422e-01
6.939463615417480469e-01
6.924041509628295898e-01
6.930545568466186523e-01
6.906818151473999023e-01
6.897102594375610352e-01
6.893880367279052734e-01
6.920799016952514648e-01
6.984086036682128906e-01
6.954967975616455078e-01
6.936484575271606445e-01
6.936460733413696289e-01
6.928799152374267578e-01
6.928205490112304688e-01
6.947388648986816406e-01
6.929609775543212891e-01
6.930191516876220703e-01
6.940117478370666504e-01
6.943149566650390625e-01
6.923357248306274414e-01
6.949732303619384766e-01
6.933399438858032227e-01
6.940282583236694336e-01
6.926891803741455078e-01
6.913661956787109375e-01
6.926926374435424805e-01
6.956461668014526367e-01
6.954614520072937012e-01
6.928834915161132812e-01
6.928890347480773926e-01
6.927675008773803711e-01
6.919897794723510742e-01
6.933114528656005859e-01
6.925196051597595215e-01
6.922841072082519531e-01
6.923699378967285156e-01
6.900982260704040527e-01
6.985704302787780762e-01
6.931039094924926758e-01
6.935725212097167969e-01
6.936488151550292969e-01
6.908100247383117676e-01
6.965845823287963867e-01
6.955399513244628906e-01
6.956706643104553223e-01
6.932196617126464844e-01
6.932537555694580078e-01
6.926325559616088867e-01
6.929230093955993652e-01
6.928565502166748047e-01
6.933598518371582031e-01
6.925041675567626953e-01
6.937508583068847656e-01
6.926496028900146484e-01
6.922996640205383301e-01
6.919038295745849609e-01
6.930440068244934082e-01
6.963100433349609375e-01
6.931445002555847168e-01
6.927830576896667480e-01
6.929860115051269531e-01
6.937770843505859375e-01
6.944404840469360352e-01
6.934813857078552246e-01
6.934732198715209961e-01
6.934407949447631836e-01
6.939866542816162109e-01
6.944282054901123047e-01
6.931101083755493164e-01
6.930416226387023926e-01
6.927978992462158203e-01
6.926211118698120117e-01
6.919714808464050293e-01
6.939679384231567383e-01
6.928744912147521973e-01
6.931679844856262207e-01
6.949685811996459961e-01
6.928308010101318359e-01
6.911531090736389160e-01
6.906908750534057617e-01
6.954016089439392090e-01
6.921629309654235840e-01
6.915481686592102051e-01
6.950180530548095703e-01
6.980611085891723633e-01
6.900415420532226562e-01
6.928397417068481445e-01
6.946294903755187988e-01
6.913539171218872070e-01
6.935325264930725098e-01
6.923974752426147461e-01
6.925850510597229004e-01
6.926178932189941406e-01
6.925438642501831055e-01
6.927076578140258789e-01
6.953597664833068848e-01
6.934489011764526367e-01
6.909832954406738281e-01
6.937988996505737305e-01
6.927613019943237305e-01
6.924420595169067383e-01
6.950954198837280273e-01
6.952289342880249023e-01
6.917251348495483398e-01
6.954602003097534180e-01
6.941889524459838867e-01
6.933352947235107422e-01
6.925453543663024902e-01
6.941076517105102539e-01
6.928030252456665039e-01
6.932497024536132812e-01
6.927032470703125000e-01
6.926828026771545410e-01
6.934156417846679688e-01
6.933791041374206543e-01
6.909298300743103027e-01
6.939561367034912109e-01
6.949259042739868164e-01
6.930061578750610352e-01
6.944286823272705078e-01
6.927189826965332031e-01
6.929488182067871094e-01
6.925752758979797363e-01
6.931127905845642090e-01
6.935565471649169922e-01
6.927820444107055664e-01
6.926560401916503906e-01
6.939870119094848633e-01
6.930822134017944336e-01
6.946017146110534668e-01
6.945102214813232422e-01
6.933596134185791016e-01
6.918418407440185547e-01
6.931716203689575195e-01
6.946696639060974121e-01
6.939727067947387695e-01
6.923177242279052734e-01
6.940425634384155273e-01
6.924738287925720215e-01
6.945135593414306641e-01
6.945134401321411133e-01
6.926295161247253418e-01
6.933332085609436035e-01
6.929672956466674805e-01
6.931654214859008789e-01
6.942127943038940430e-01
6.926350593566894531e-01
6.938160657882690430e-01
6.926708817481994629e-01
6.916189193725585938e-01
6.937445402145385742e-01
6.929788589477539062e-01
6.943092346191406250e-01
6.943271756172180176e-01
6.933158636093139648e-01
6.927624344825744629e-01
6.932867765426635742e-01
6.932943463325500488e-01
6.932951211929321289e-01
6.931453347206115723e-01
6.932077407836914062e-01
6.931741833686828613e-01
6.937188506126403809e-01
6.928102970123291016e-01
6.931726932525634766e-01
6.933314800262451172e-01
6.931021809577941895e-01
6.926954984664916992e-01
6.933774352073669434e-01
6.928336024284362793e-01
6.933001279830932617e-01
6.928414106369018555e-01
6.928750276565551758e-01
6.928239464759826660e-01
6.937408447265625000e-01
6.934146285057067871e-01
6.931850910186767578e-01
6.928954124450683594e-01
6.925700902938842773e-01
6.919320821762084961e-01
6.954873800277709961e-01
6.926359534263610840e-01
6.936950087547302246e-01
6.933122873306274414e-01
6.940805912017822266e-01
6.933948993682861328e-01
6.934868097305297852e-01
6.931006908416748047e-01
6.932680606842041016e-01
6.932846307754516602e-01
6.929334402084350586e-01
6.933466196060180664e-01
6.934517621994018555e-01
6.930282711982727051e-01
6.923140287399291992e-01
6.931171417236328125e-01
6.950569152832031250e-01
6.921081542968750000e-01
6.937197446823120117e-01
6.940985918045043945e-01
6.924450397491455078e-01
6.924787759780883789e-01
6.948291659355163574e-01
6.927933692932128906e-01
6.938434839248657227e-01
6.940525770187377930e-01
6.941431760787963867e-01
6.938009262084960938e-01
6.931672096252441406e-01
6.925762295722961426e-01
6.939061880111694336e-01
6.922203898429870605e-01
6.920629143714904785e-01
6.936649084091186523e-01
6.930235028266906738e-01
6.947568655014038086e-01
6.934045553207397461e-01
6.917886137962341309e-01
6.930925846099853516e-01
6.930878162384033203e-01
6.947380900382995605e-01
6.908339858055114746e-01
6.956285834312438965e-01
6.920894384384155273e-01
6.948018074035644531e-01
6.930888891220092773e-01
6.931880712509155273e-01
6.966581344604492188e-01
6.922012567520141602e-01
6.944844722747802734e-01
6.942673921585083008e-01
6.928310394287109375e-01
6.936812996864318848e-01
6.927486062049865723e-01
6.934440732002258301e-01
6.932150125503540039e-01
6.941856741905212402e-01
6.924049854278564453e-01
6.925334334373474121e-01
6.935245990753173828e-01
6.966726779937744141e-01
6.937801837921142578e-01
6.924518346786499023e-01
6.933949589729309082e-01
6.929816007614135742e-01
6.918102502822875977e-01
6.943897008895874023e-01
6.921060085296630859e-01
6.934786438941955566e-01
6.927150487899780273e-01
6.918050050735473633e-01
6.919489502906799316e-01
6.938475370407104492e-01
6.908371448516845703e-01
6.965293884277343750e-01
6.961736083030700684e-01
6.923961639404296875e-01
6.941394209861755371e-01
6.916288137435913086e-01
6.940422654151916504e-01
6.927381753921508789e-01
6.941497325897216797e-01
6.911377906799316406e-01
6.939713954925537109e-01
6.909794807434082031e-01
6.956136226654052734e-01
6.921765208244323730e-01
6.938929557800292969e-01
6.943646669387817383e-01
6.947395801544189453e-01
6.933424472808837891e-01
6.934350728988647461e-01
6.945354938507080078e-01
6.927336454391479492e-01
6.936119794845581055e-01
6.929007768630981445e-01
6.933870315551757812e-01
6.931145191192626953e-01
6.927549242973327637e-01
6.936832666397094727e-01
6.941764354705810547e-01
6.929231882095336914e-01
6.931532025337219238e-01
6.923917531967163086e-01
6.933057308197021484e-01
6.928105354309082031e-01
6.922908425331115723e-01
6.922504901885986328e-01
6.945918798446655273e-01
6.933320164680480957e-01
6.942857503890991211e-01
6.937398910522460938e-01
6.912510991096496582e-01
6.938661336898803711e-01
6.925740242004394531e-01
6.930887699127197266e-01
6.953181028366088867e-01
6.937575340270996094e-01
6.923595666885375977e-01
6.935266256332397461e-01
6.925548315048217773e-01
6.924376487731933594e-01
6.920593976974487305e-01
6.940084695816040039e-01
6.914089322090148926e-01
6.921038627624511719e-01
6.933839321136474609e-01
6.931594610214233398e-01
6.933448314666748047e-01
6.928150057792663574e-01
6.919225454330444336e-01
6.928739547729492188e-01
6.921243667602539062e-01
6.924486160278320312e-01
6.917942762374877930e-01
6.897188425064086914e-01
6.914858222007751465e-01
6.944800019264221191e-01
6.956911087036132812e-01
6.917784214019775391e-01
6.935409307479858398e-01
6.919858455657958984e-01
6.915954351425170898e-01
6.881166696548461914e-01
6.969144344329833984e-01
6.907393336296081543e-01
6.976382732391357422e-01
6.935300827026367188e-01
6.927434206008911133e-01
6.947853565216064453e-01
6.930819749832153320e-01
6.909567117691040039e-01
6.929557919502258301e-01
6.907596588134765625e-01
6.925564408302307129e-01
6.910687685012817383e-01
6.955347061157226562e-01
6.958439350128173828e-01
6.891921758651733398e-01
6.901043653488159180e-01
6.953846216201782227e-01
6.856038570404052734e-01
7.027498483657836914e-01
6.911135911941528320e-01
6.959667801856994629e-01
6.886748075485229492e-01
6.932772397994995117e-01
6.909375786781311035e-01
6.914301514625549316e-01
6.960126757621765137e-01
7.003798484802246094e-01
6.948832273483276367e-01
6.913696527481079102e-01
6.929715871810913086e-01
6.946532726287841797e-01
6.968101263046264648e-01
6.932892799377441406e-01
6.955103874206542969e-01
6.916934251785278320e-01
6.907432079315185547e-01
6.997127532958984375e-01
6.931411027908325195e-01
6.932610869407653809e-01
6.961072683334350586e-01
6.933953166007995605e-01
6.922836303710937500e-01
6.932516098022460938e-01
6.923434734344482422e-01
6.942224502563476562e-01
6.925366520881652832e-01
6.935772895812988281e-01
6.931722760200500488e-01
6.933548450469970703e-01
6.932281255722045898e-01
6.935654282569885254e-01
6.926950812339782715e-01
6.924619078636169434e-01
6.934539079666137695e-01
6.912851929664611816e-01
6.903872489929199219e-01
6.940156221389770508e-01
6.970617771148681641e-01
6.929907798767089844e-01
6.933950185775756836e-01
6.951334476470947266e-01
6.929669380187988281e-01
6.929715871810913086e-01
6.934691667556762695e-01
6.924664974212646484e-01
6.934014558792114258e-01
6.926658153533935547e-01
6.930599212646484375e-01
6.940994262695312500e-01
6.925705075263977051e-01
6.934665441513061523e-01
6.935412883758544922e-01
6.923580169677734375e-01
6.938446164131164551e-01
6.933184862136840820e-01
6.924700736999511719e-01
6.940544247627258301e-01
6.927871704101562500e-01
6.917736530303955078e-01
6.910420656204223633e-01
6.964862942695617676e-01
6.930011510848999023e-01
6.936361789703369141e-01
6.934261322021484375e-01
6.942052245140075684e-01
6.926027536392211914e-01
6.917870044708251953e-01
6.939630508422851562e-01
6.932988166809082031e-01
6.930118799209594727e-01
6.931812167167663574e-01
6.927402019500732422e-01
6.933323740959167480e-01
6.930003166198730469e-01
6.935188770294189453e-01
6.921909451484680176e-01
6.931793689727783203e-01
6.917402744293212891e-01
6.946033239364624023e-01
6.920477151870727539e-01
6.933554410934448242e-01
6.919962167739868164e-01
6.961469054222106934e-01
6.935795545578002930e-01
6.926379203796386719e-01
6.929448246955871582e-01
6.931527256965637207e-01
6.931147575378417969e-01
6.928993463516235352e-01
6.917060613632202148e-01
6.930089592933654785e-01
6.921997070312500000e-01
6.932206153869628906e-01
6.936490535736083984e-01
6.923083066940307617e-01
6.936298012733459473e-01
6.926485300064086914e-01
6.943334937095642090e-01
6.918755769729614258e-01
6.930623054504394531e-01
6.927421092987060547e-01
6.925395727157592773e-01
6.933578252792358398e-01
6.930607557296752930e-01
6.926583647727966309e-01
6.934123039245605469e-01
6.931653022766113281e-01
6.936577558517456055e-01
6.923390030860900879e-01
6.930744051933288574e-01
6.943365335464477539e-01
6.952296495437622070e-01
6.920275688171386719e-01
6.941137909889221191e-01
6.939761638641357422e-01
6.942989826202392578e-01
6.930940151214599609e-01
6.931533813476562500e-01
6.923719644546508789e-01
6.916710138320922852e-01
6.937788724899291992e-01
6.932982206344604492e-01
6.932702064514160156e-01
6.936666965484619141e-01
6.909667253494262695e-01
6.930310726165771484e-01
6.912415623664855957e-01
6.896206140518188477e-01
6.932865381240844727e-01
6.917684674263000488e-01
6.964741945266723633e-01
6.925147771835327148e-01
6.939535140991210938e-01
6.907566189765930176e-01
6.927400231361389160e-01
6.921280026435852051e-01
6.913907527923583984e-01
6.949303150177001953e-01
6.936859488487243652e-01
6.890834569931030273e-01
6.902946829795837402e-01
6.929409503936767578e-01
6.912091970443725586e-01
6.898916363716125488e-01
6.924284100532531738e-01
6.966511607170104980e-01
6.909406781196594238e-01
7.011158466339111328e-01
6.870515346527099609e-01
6.974592208862304688e-01
6.968865394592285156e-01
6.912736892700195312e-01
