6.932101249694824219e-01
6.926369667053222656e-01
6.944868564605712891e-01
6.935454010963439941e-01
6.928082704544067383e-01
6.910102367401123047e-01
6.918425559997558594e-01
6.927079558372497559e-01
6.982532739639282227e-01
6.940905451774597168e-01
6.964337229728698730e-01
6.938609480857849121e-01
6.924452185630798340e-01
6.940399408340454102e-01
6.931124925613403320e-01
6.925935149192810059e-01
6.941239237785339355e-01
6.929281353950500488e-01
6.962813735008239746e-01
6.934258937835693359e-01
6.925809383392333984e-01
6.927106380462646484e-01
6.934051513671875000e-01
6.936385631561279297e-01
6.936072111129760742e-01
6.920273303985595703e-01
6.919171810150146484e-01
6.958623528480529785e-01
6.932839155197143555e-01
6.936433315277099609e-01
6.924124956130981445e-01
6.917364597320556641e-01
6.911218166351318359e-01
6.933018565177917480e-01
6.916835308074951172e-01
6.957661509513854980e-01
6.934439539909362793e-01
6.912018060684204102e-01
6.930228471755981445e-01
6.887469291687011719e-01
6.953270435333251953e-01
6.944524049758911133e-01
6.938253641128540039e-01
6.919513940811157227e-01
6.983633041381835938e-01
6.960619091987609863e-01
6.939010024070739746e-01
6.939635276794433594e-01
6.936663389205932617e-01
6.928569674491882324e-01
6.926250457763671875e-01
6.932856440544128418e-01
6.917283535003662109e-01
6.923300027847290039e-01
6.967155933380126953e-01
6.918182373046875000e-01
6.922323703765869141e-01
6.956693530082702637e-01
6.908757090568542480e-01
6.924191713333129883e-01
6.951143741607666016e-01
6.915283203125000000e-01
6.965092420578002930e-01
6.934113502502441406e-01
6.963587999343872070e-01
6.922538280487060547e-01
6.945707798004150391e-01
6.930985450744628906e-01
6.929411292076110840e-01
6.934344768524169922e-01
6.927505731582641602e-01
6.933825016021728516e-01
6.928319931030273438e-01
6.928658485412597656e-01
6.936813592910766602e-01
6.937012672424316406e-01
6.923221349716186523e-01
6.919517517089843750e-01
6.944175958633422852e-01
6.932196617126464844e-01
6.944428682327270508e-01
6.959156394004821777e-01
6.932497024536132812e-01
6.931743025779724121e-01
6.937566995620727539e-01
6.938178539276123047e-01
6.940311193466186523e-01
6.936307549476623535e-01
6.931122541427612305e-01
6.933116316795349121e-01
6.930184364318847656e-01
6.922910809516906738e-01
6.944365501403808594e-01
6.933664679527282715e-01
6.923107504844665527e-01
6.899533867835998535e-01
6.939404010772705078e-01
6.958638429641723633e-01
6.950645446777343750e-01
6.937736868858337402e-01
6.922085881233215332e-01
6.928400993347167969e-01
6.924672722816467285e-01
6.958945989608764648e-01
6.929377913475036621e-01
6.926769018173217773e-01
6.915147304534912109e-01
6.941246986389160156e-01
6.920573711395263672e-01
6.935213804244995117e-01
6.949964761734008789e-01
6.926983594894409180e-01
6.955711841583251953e-01
6.926305294036865234e-01
6.922847628593444824e-01
6.927219629287719727e-01
6.944640874862670898e-01
6.946350336074829102e-01
6.937990784645080566e-01
6.931045055389404297e-01
6.938221454620361328e-01
6.934584379196166992e-01
6.941009759902954102e-01
6.930817365646362305e-01
6.936619281768798828e-01
6.930273175239562988e-01
6.926727890968322754e-01
6.928821802139282227e-01
6.923943758010864258e-01
6.917467117309570312e-01
6.943690776824951172e-01
6.936143040657043457e-01
6.926959156990051270e-01
6.926886439323425293e-01
6.922566890716552734e-01
6.908076405525207520e-01
6.922670602798461914e-01
6.938794851303100586e-01
6.905127763748168945e-01
6.951051950454711914e-01
6.932637095451354980e-01
6.981176733970642090e-01
6.965461969375610352e-01
6.940457224845886230e-01
6.937327384948730469e-01
6.917796134948730469e-01
6.945672035217285156e-01
6.918925046920776367e-01
6.948258876800537109e-01
6.930934786796569824e-01
6.931030154228210449e-01
6.933276653289794922e-01
6.926113963127136230e-01
6.932501196861267090e-01
6.942818760871887207e-01
6.931127309799194336e-01
6.930869817733764648e-01
6.931250095367431641e-01
6.932505369186401367e-01
6.933978796005249023e-01
6.922010779380798340e-01
6.918562650680541992e-01
6.921484470367431641e-01
6.945954561233520508e-01
6.961710453033447266e-01
6.930499076843261719e-01
6.932957172393798828e-01
6.926953792572021484e-01
6.929651498794555664e-01
6.925881505012512207e-01
6.938760280609130859e-01
6.926938891410827637e-01
6.928904056549072266e-01
6.924200057983398438e-01
6.951100826263427734e-01
6.925512552261352539e-01
6.931199431419372559e-01
6.923900842666625977e-01
6.935633420944213867e-01
6.929037570953369141e-01
6.937380433082580566e-01
6.928159594535827637e-01
6.933313012123107910e-01
6.922293305397033691e-01
6.935452818870544434e-01
6.937656998634338379e-01
6.938034892082214355e-01
6.931374073028564453e-01
6.926671266555786133e-01
6.931827068328857422e-01
6.932369470596313477e-01
6.937986016273498535e-01
6.941822767257690430e-01
6.932848691940307617e-01
6.929109692573547363e-01
6.932042241096496582e-01
6.932293176651000977e-01
6.939992904663085938e-01
6.934088468551635742e-01
6.933916807174682617e-01
6.931480169296264648e-01
6.935596466064453125e-01
6.929546594619750977e-01
6.935362815856933594e-01
6.928609013557434082e-01
6.933487653732299805e-01
6.931186914443969727e-01
6.929990053176879883e-01
6.930066347122192383e-01
6.931250095367431641e-01
6.931593418121337891e-01
6.932507753372192383e-01
6.928765177726745605e-01
6.912807226181030273e-01
6.928214430809020996e-01
6.943153142929077148e-01
6.930465102195739746e-01
6.921054124832153320e-01
6.923316717147827148e-01
6.950872540473937988e-01
6.929157376289367676e-01
6.946096420288085938e-01
6.929003000259399414e-01
6.986518502235412598e-01
6.936826109886169434e-01
6.926168799400329590e-01
6.933735609054565430e-01
6.933343410491943359e-01
6.931469440460205078e-01
6.923284530639648438e-01
6.918113231658935547e-01
6.931526064872741699e-01
6.959671974182128906e-01
6.932260990142822266e-01
6.933816671371459961e-01
6.927344799041748047e-01
6.925863623619079590e-01
6.940461993217468262e-01
6.943389773368835449e-01
6.925980448722839355e-01
6.943395137786865234e-01
6.934373378753662109e-01
6.928405761718750000e-01
6.929371953010559082e-01
6.910415887832641602e-01
6.966695785522460938e-01
6.936199665069580078e-01
6.913841366767883301e-01
6.916655302047729492e-01
6.926460266113281250e-01
6.946927309036254883e-01
6.917642354965209961e-01
6.925146579742431641e-01
6.924403905868530273e-01
6.932212114334106445e-01
6.949700117111206055e-01
6.944470405578613281e-01
6.927664279937744141e-01
6.922841072082519531e-01
6.921497583389282227e-01
6.920256614685058594e-01
6.935254931449890137e-01
6.947107315063476562e-01
6.932880878448486328e-01
6.926131248474121094e-01
6.922916769981384277e-01
6.944944858551025391e-01
6.919112205505371094e-01
6.916631460189819336e-01
6.955699920654296875e-01
6.935931444168090820e-01
6.909011006355285645e-01
6.914256811141967773e-01
6.913456916809082031e-01
6.908898353576660156e-01
6.939603090286254883e-01
6.961525678634643555e-01
6.934127807617187500e-01
6.923248171806335449e-01
6.916094422340393066e-01
6.904661655426025391e-01
6.939228773117065430e-01
6.908763647079467773e-01
6.971989870071411133e-01
6.938749551773071289e-01
6.935057640075683594e-01
6.945103406906127930e-01
6.927461624145507812e-01
6.931450963020324707e-01
6.934026479721069336e-01
6.897948980331420898e-01
6.913372278213500977e-01
6.928863525390625000e-01
6.917538642883300781e-01
6.934530735015869141e-01
6.905972957611083984e-01
6.941008567810058594e-01
6.957894563674926758e-01
6.938328742980957031e-01
6.954007148742675781e-01
6.920610070228576660e-01
6.930187940597534180e-01
6.914324760437011719e-01
6.913483738899230957e-01
6.946282982826232910e-01
6.964176297187805176e-01
6.936178207397460938e-01
6.938924789428710938e-01
6.940257549285888672e-01
6.925221681594848633e-01
6.923854351043701172e-01
6.944375038146972656e-01
6.941211223602294922e-01
6.926518678665161133e-01
6.923737525939941406e-01
6.933827996253967285e-01
6.927986145019531250e-01
6.931176185607910156e-01
6.934678554534912109e-01
6.928026676177978516e-01
6.955000162124633789e-01
6.929268240928649902e-01
6.932101845741271973e-01
6.926633715629577637e-01
6.935631036758422852e-01
6.925050020217895508e-01
6.927679777145385742e-01
6.929847598075866699e-01
6.923371553421020508e-01
6.926747560501098633e-01
6.935636997222900391e-01
6.928530335426330566e-01
6.925628781318664551e-01
6.919224262237548828e-01
6.935050487518310547e-01
6.926366090774536133e-01
6.919203996658325195e-01
6.942643523216247559e-01
6.886812448501586914e-01
6.967018246650695801e-01
6.916882991790771484e-01
6.873627305030822754e-01
6.921103000640869141e-01
6.907759904861450195e-01
6.914430260658264160e-01
7.079699039459228516e-01
6.936594843864440918e-01
6.929762363433837891e-01
6.948641538619995117e-01
6.931979656219482422e-01
6.928287148475646973e-01
6.931256055831909180e-01
6.948937177658081055e-01
6.939506530761718750e-01
6.928569078445434570e-01
6.936107873916625977e-01
6.931027173995971680e-01
6.929952502250671387e-01
6.925294399261474609e-01
6.928789615631103516e-01
6.927483081817626953e-01
6.913554668426513672e-01
6.955840587615966797e-01
6.918879747390747070e-01
6.904805898666381836e-01
6.941114664077758789e-01
6.939415931701660156e-01
6.956439018249511719e-01
6.908711194992065430e-01
6.919317245483398438e-01
6.915228366851806641e-01
6.899861693382263184e-01
6.939237117767333984e-01
6.932933926582336426e-01
6.927731037139892578e-01
6.945574879646301270e-01
6.931020021438598633e-01
6.921447515487670898e-01
6.924409866333007812e-01
6.975197196006774902e-01
6.917852163314819336e-01
6.918771266937255859e-01
6.941825151443481445e-01
6.921517848968505859e-01
6.905461549758911133e-01
6.954636573791503906e-01
6.939402818679809570e-01
6.878671646118164062e-01
6.966298222541809082e-01
6.941058635711669922e-01
6.947284936904907227e-01
6.915138959884643555e-01
6.917151212692260742e-01
6.942183375358581543e-01
6.924697160720825195e-01
6.953478455543518066e-01
6.937073469161987305e-01
6.925991773605346680e-01
6.917604207992553711e-01
6.914129853248596191e-01
6.901667118072509766e-01
6.909213662147521973e-01
6.939570903778076172e-01
6.924802064895629883e-01
6.924813985824584961e-01
6.940820217132568359e-01
6.925377845764160156e-01
7.002557516098022461e-01
6.916010975837707520e-01
6.938277482986450195e-01
6.928303241729736328e-01
6.922286748886108398e-01
6.928610801696777344e-01
6.925943493843078613e-01
6.935362815856933594e-01
6.929557323455810547e-01
6.925120353698730469e-01
6.943196654319763184e-01
6.936823129653930664e-01
6.928016543388366699e-01
6.928911209106445312e-01
