1.024270431995391917e+00
6.956132411956786887e-01
6.915737795829772772e-01
6.878586411476135254e-01
6.738604474067687589e-01
6.608486199378966752e-01
6.283692264556884899e-01
5.890723800659181109e-01
5.741609597206115412e-01
4.969681596755981534e-01
5.018088960647583141e-01
4.609611237049102694e-01
4.242454099655151301e-01
3.963183617591857777e-01
3.739311468601226873e-01
3.197885131835937478e-01
3.295821285247802490e-01
3.144821333885192693e-01
2.558610820770263472e-01
2.760552763938903809e-01
2.249569749832153187e-01
2.484939378499984863e-01
2.208058273792266879e-01
2.153235596418380804e-01
2.450681376457214400e-01
1.995335960388183727e-01
1.839088493585586681e-01
1.556127977371215831e-01
1.873525351285934559e-01
1.642578250169753895e-01
1.634553021192550748e-01
1.723604953289031849e-01
1.500068187713623213e-01
1.761974465847015447e-01
1.421511203050613292e-01
