1.378836400508880677e+00
6.993055653572082253e-01
6.926791167259216397e-01
6.843089890480041904e-01
6.708078360557556685e-01
6.267460012435912553e-01
5.893147134780885033e-01
5.528271961212157803e-01
5.121627688407899281e-01
4.708002567291259544e-01
4.421381044387817649e-01
3.758149063587188921e-01
3.508163726329803223e-01
3.341832917928695412e-01
3.246609461307525812e-01
2.953009974956512518e-01
2.590839910507202193e-01
2.524046897888183594e-01
2.447050046920776489e-01
2.112120175361633378e-01
2.179857575893402177e-01
1.768002617359161477e-01
2.173334532976150535e-01
1.871209788322448775e-01
1.956884753704070945e-01
1.354907321929931519e-01
1.763476526737213224e-01
1.620203816890716519e-01
1.595497521758079962e-01
1.604426783323288086e-01
1.374885970354080555e-01
1.664432966709137041e-01
1.452986216545104903e-01
1.110201831161975877e-01
1.357493913173675459e-01
1.552888435125351074e-01
