1.440983021259307773e+00
6.935165739059447887e-01
6.947408986091613281e-01
6.880010604858398660e-01
6.785164785385131569e-01
6.709010601043701172e-01
6.494090795516967995e-01
6.394689178466796964e-01
6.090847134590149370e-01
5.869447302818298073e-01
5.434123325347900435e-01
5.529929494857788175e-01
5.214583230018615678e-01
4.732325267791748225e-01
4.689101076126098722e-01
4.096150135993957275e-01
4.241050708293914728e-01
3.833230793476104514e-01
3.783851027488708274e-01
3.120012384653090831e-01
3.232467639446258700e-01
3.087572968006134233e-01
3.242851638793945446e-01
3.013913846015930376e-01
3.132091093063354426e-01
2.972126567363739258e-01
2.579361784458160667e-01
2.552806961536407404e-01
2.298837715387344327e-01
2.016056072711944480e-01
2.003162461519241433e-01
