1.134992303848266548e+00
6.943439650535583318e-01
6.926935410499572843e-01
6.908011937141418368e-01
6.792437005043029385e-01
6.553378820419311079e-01
6.241517877578733886e-01
5.717367863655089533e-01
5.330240440368652077e-01
4.880838656425476318e-01
4.514609038829803245e-01
4.404853034019470259e-01
3.861120367050170921e-01
3.494493556022644221e-01
3.283780014514923185e-01
2.983566987514496005e-01
3.074114656448364014e-01
3.104518580436706476e-01
2.534295511245727717e-01
2.421455955505371072e-01
2.431012523174286011e-01
2.214329588413238570e-01
1.676277840137481712e-01
2.021628087759017867e-01
1.940860688686370794e-01
1.932675850391387951e-01
