1.310412154197692969e+00
6.958838152885437056e-01
6.945414304733276145e-01
6.914477634429931907e-01
6.891319108009338334e-01
6.698303604125976918e-01
6.587185096740723056e-01
6.308613848686216441e-01
5.858239173889160378e-01
5.360762739181518244e-01
4.961483287811279119e-01
4.391959738731384122e-01
4.144242262840270863e-01
4.094648051261902122e-01
3.891731464862823731e-01
3.449409866333008057e-01
3.167236268520355336e-01
2.809000360965728804e-01
2.773459959030151745e-01
2.770078897476196400e-01
2.507103335857391313e-01
2.416834902763366766e-01
2.143456280231475775e-01
2.338063490390777655e-01
2.048376286029815752e-01
1.962347006797790505e-01
1.772768533229827914e-01
1.615170812606811501e-01
1.577642011642456099e-01
1.668095844984054665e-01
1.759032040834426769e-01
1.768533676862716619e-01
1.572482150793075573e-01
1.325849559903144737e-01
1.462827065587043729e-01
