8.474076372464325324e-01
6.942938275871929354e-01
6.961497638233971053e-01
6.942002414815490186e-01
6.927817187942372223e-01
6.925242020486329642e-01
6.910061463531579351e-01
6.876234368820925980e-01
6.900244160349718880e-01
6.910206977032203879e-01
6.870229523239529401e-01
6.886329558469859169e-01
6.855734344121718893e-01
6.856333883340158808e-01
6.891105827707781906e-01
6.859859863507045130e-01
6.862382741845758360e-01
6.894410777409181179e-01
6.888445755595782316e-01
6.901163411244017887e-01
6.860887171812365404e-01
6.860736430646153794e-01
6.860984265885209377e-01
6.872331992685876134e-01
6.869197041807763027e-01
6.848769120279292189e-01
6.862528287390150528e-01
6.861716374864146317e-01
6.869340098134014694e-01
6.851967041368818290e-01
6.843793288767419103e-01
6.842538464855897340e-01
6.857066695987288352e-01
6.851495190091408949e-01
6.855260537203452520e-01
6.868361948205179424e-01
6.855220682524547637e-01
6.843576896718233105e-01
6.844325153166723741e-01
6.830549530610098286e-01
6.814045031984118372e-01
6.823572367874786160e-01
6.829827735840287017e-01
6.822061485290009664e-01
6.820506657752659629e-01
6.831967607484444871e-01
6.825731781847671487e-01
6.801962451283581901e-01
6.797530642838831572e-01
6.802792728287093693e-01
6.836487819020139467e-01
6.818551064476253698e-01
6.799457083731088591e-01
6.788237508211386606e-01
6.803635781529219217e-01
6.781676713131447043e-01
6.744163968690607414e-01
6.804956276877043297e-01
6.800925440028281477e-01
6.761938459582539362e-01
6.816375720219349787e-01
6.773191382145059558e-01
6.777927797189589043e-01
