9.196443470670840892e-01
6.951268945671182919e-01
6.933153425905972389e-01
6.933620811932895700e-01
6.930559656880908026e-01
6.933791946853401500e-01
6.926167857022250685e-01
6.912514470434694136e-01
6.896686162632702510e-01
6.895016108943236022e-01
6.902714033117768322e-01
6.883416035853098247e-01
6.869492625659359142e-01
6.892209800565629596e-01
6.881129450685395943e-01
6.864236381239713358e-01
6.852641930374282486e-01
6.864048134947224877e-01
6.861027990901014117e-01
6.857628177729049312e-01
6.883703554547289105e-01
6.877484805649336508e-01
6.828905556663494858e-01
6.848911862479517554e-01
6.875978204953485662e-01
6.873164389756851733e-01
6.857334403379307108e-01
6.876724407849608145e-01
6.841259549857157118e-01
6.840090883059763982e-01
6.834281853544560414e-01
6.848364237401590726e-01
6.818584744094540184e-01
6.841102315943881074e-01
