9.379693603670945512e-01
6.935995617207952879e-01
6.936169658887658684e-01
6.935515715037831042e-01
6.935412773739113579e-01
6.934238350611426904e-01
6.933212234324145351e-01
6.932158930293900179e-01
6.935587350630992853e-01
6.936378928789227460e-01
6.927263130970808813e-01
6.938396287145625063e-01
6.919456566324969637e-01
6.911652424695308161e-01
6.893409471817306677e-01
6.926592773516195845e-01
6.921424714931317945e-01
6.914108142531785184e-01
6.896976653838389204e-01
6.880243719594875129e-01
6.911842527270446457e-01
6.880211827550467563e-01
6.865518922785076583e-01
6.892124787215689885e-01
6.866241342728870434e-01
6.875824481734235105e-01
6.855340064801560551e-01
6.859809432692429709e-01
6.873385377479038771e-01
6.863769056613230335e-01
6.883055743125310322e-01
6.885221939651249290e-01
6.855966629345175978e-01
6.874490737526735007e-01
6.885107522031512772e-01
6.842497539313168176e-01
6.876386523764503877e-01
6.859098630800568586e-01
6.866022846727236617e-01
6.851878674876806796e-01
6.839226504361073378e-01
6.867492749041246292e-01
6.866934040599744771e-01
6.818934430516891965e-01
6.838281528051460834e-01
6.864908848859847534e-01
6.844623871916151181e-01
6.829993245914885991e-01
6.822316986988991028e-01
6.839309534084265785e-01
6.824338667814687787e-01
6.855758105634218724e-01
