1.569204039639051640e+00
6.946020421533846134e-01
6.942829742497669265e-01
6.943595970806594186e-01
6.896622005992695259e-01
6.917987626724647621e-01
6.914493226176398055e-01
6.921859071399089069e-01
6.903020819988452406e-01
6.900471733731806667e-01
6.917747748859415236e-01
6.909165233171344900e-01
6.889760236101826196e-01
6.878724628707946209e-01
6.886162524018765163e-01
6.892191010132581175e-01
6.857292119847540057e-01
6.888688959377536891e-01
6.890852421708253406e-01
6.873309339416632247e-01
6.876386571538989356e-01
6.867875408582508889e-01
6.817735794475471289e-01
6.841816210792081021e-01
6.874407728890702396e-01
