9.789812783653764061e-01
6.940012341312115085e-01
6.933130593588583412e-01
6.935716578405638488e-01
6.934084745648436687e-01
6.935455755083062002e-01
6.938333427520864127e-01
6.934127750974163895e-01
6.931581421614405603e-01
6.928005944507586999e-01
6.930272266847298246e-01
6.926098957257267319e-01
6.922181875622210878e-01
6.914688116533743711e-01
6.925631776278089458e-01
6.909784666067098069e-01
6.892324480193482428e-01
6.907104870854205991e-01
6.910343525884206084e-01
6.870718182120474360e-01
6.888967198811565273e-01
6.887174048826417705e-01
6.897287319575902131e-01
6.897850847587357892e-01
6.876352901630932157e-01
6.857036466414664355e-01
6.868327499536467373e-01
6.883905011449467093e-01
6.871962268294894427e-01
6.870721714541279113e-01
6.868170063650352875e-01
6.880568823444108695e-01
6.871800267142896823e-01
6.872523648726561740e-01
6.839273884961244443e-01
6.871184212275247560e-01
6.866119754984428836e-01
6.873799828514598476e-01
6.865168271620183393e-01
6.846848255002624395e-01
6.830118505196697276e-01
6.860808453707469834e-01
6.853215857073887696e-01
6.855447038081622368e-01
6.868579710691867790e-01
6.852665050600068586e-01
6.867571380712595985e-01
6.865514969812798185e-01
6.842614991037605510e-01
