8.662300769771847930e-01
7.116170014653887543e-01
7.045912955488476959e-01
6.950686978442328634e-01
6.975671159369605245e-01
6.952052776302609649e-01
6.954585484095981984e-01
6.921170928648540110e-01
6.928341686725616455e-01
6.921270212956837087e-01
6.918781250715254627e-01
6.866287844521657968e-01
6.917821126324790182e-01
6.888154553515570822e-01
6.864306330680847168e-01
6.791316888162067800e-01
6.678460793835776510e-01
6.566825807094573975e-01
6.534117545400347504e-01
6.263353547879628724e-01
6.297371898378644195e-01
5.992201375109809103e-01
5.698728380458695231e-01
5.522760653070041270e-01
5.172792226076126099e-01
4.936547832829611404e-01
