8.452097262654986176e-01
7.092614897659847983e-01
7.026551600013460908e-01
6.974309214523860545e-01
6.947427647454398336e-01
6.942663533346993265e-01
6.948080935648509593e-01
6.913431414536067576e-01
6.917188657181602141e-01
6.903429499694279103e-01
6.892056316137313843e-01
6.861147582530975342e-01
6.789486067635672750e-01
6.786562438522066865e-01
6.734562835523060231e-01
6.632305596555981841e-01
6.611602391515459809e-01
6.486632547208240895e-01
6.311011740139553794e-01
6.266778409481049694e-01
6.147890921149935517e-01
5.907745042017527037e-01
