8.408132280622210297e-01
7.125337166445595560e-01
6.990289092063902698e-01
6.962556817701884837e-01
6.949648857116699219e-01
6.939166784286499023e-01
6.950736258711133209e-01
6.921434849500656128e-01
6.870073974132537842e-01
6.914300705705370698e-01
6.901523790189197927e-01
6.895899602345058055e-01
6.910070883376258077e-01
6.870117123637881074e-01
6.835520842245645934e-01
6.826781715665545258e-01
6.785032727888652415e-01
6.748825609683990479e-01
6.771242597273418040e-01
6.732230761221477122e-01
6.650386750698088489e-01
6.613955646753310047e-01
6.433013124125344095e-01
6.315845165933881011e-01
6.060400009155272327e-01
5.903536251613071828e-01
5.600231534668377309e-01
5.643901228904725231e-01
5.207542606762476378e-01
4.923039962138448522e-01
