8.607903357063021454e-01
7.120657669646399679e-01
6.992766686848231883e-01
6.987103159938540253e-01
6.950492646012987885e-01
6.972945566688265595e-01
6.954646110534667969e-01
6.934844596045357523e-01
6.912202558347156911e-01
6.896920523473194509e-01
6.856865329401833353e-01
6.847999819687434764e-01
6.848212139947074117e-01
6.829168711389813629e-01
6.798808510814394745e-01
6.670676427228109384e-01
6.564385486500604605e-01
6.477820894547871022e-01
6.298646714006151948e-01
6.144186194453922223e-01
6.104837932756967955e-01
5.795293173619678884e-01
5.474421435168810302e-01
5.182722583413124084e-01
