8.645612938063484965e-01
7.053681782313755422e-01
7.002161826406206879e-01
6.969587142978396210e-01
6.916715183428355784e-01
6.924763407026018891e-01
6.895309346062796774e-01
6.844400082315716949e-01
6.821055454867227530e-01
6.867182723113468557e-01
6.829264589718410106e-01
6.765922755002975464e-01
6.710917758090155782e-01
6.642997435161045461e-01
6.598613113164901733e-01
6.435510494879314036e-01
6.100775237594330269e-01
5.912407487630846337e-01
5.869277396372386546e-01
5.700362282139914694e-01
5.443842932581902661e-01
5.176735754523958954e-01
4.768994514431272314e-01
