6.937485652678109238e-01
6.911859856718686190e-01
6.883805539340646096e-01
6.842563389890258252e-01
6.832054649848119388e-01
6.785837318985934452e-01
6.760257966421947540e-01
6.779279457690953192e-01
6.748366696401487674e-01
6.718438878966970229e-01
6.710604466467553486e-01
6.694984280671433252e-01
6.664427985906795637e-01
6.652974365134942669e-01
6.620168300093175473e-01
6.606613519623523167e-01
6.589290008834933765e-01
6.511620908142139452e-01
6.442152194733403725e-01
6.359602083759789970e-01
6.289166717985030797e-01
6.184516894309183277e-01
