6.940654068780554020e-01
6.911914064986495188e-01
6.878485920505638118e-01
6.862318048264784975e-01
6.831780640344655708e-01
6.791657484594342264e-01
6.764537970829372915e-01
6.750336024891999687e-01
6.740468805863247814e-01
6.733376100489395499e-01
6.700370245689545312e-01
6.679497448922757652e-01
6.687580203958207736e-01
6.660382199844285811e-01
6.602374102226228336e-01
6.600151932284858969e-01
6.533199561024282120e-01
6.476048413079307231e-01
6.444400629875518538e-01
6.417403607055067738e-01
6.358464669430146099e-01
6.227871212604445539e-01
