6.934928914763758279e-01
6.924272710250033436e-01
6.901153344812760437e-01
6.875800817055524039e-01
6.869801174746072991e-01
6.836755266660973218e-01
6.820167280421963740e-01
6.796192125675796225e-01
6.803890002414884064e-01
6.780702071886617333e-01
6.759937997100017304e-01
6.745925107642012364e-01
6.745538105464771172e-01
6.731095280354596477e-01
6.719957172449745331e-01
6.725884519926171867e-01
6.706556333658942881e-01
6.688807506654522728e-01
6.682788200316255312e-01
6.693947422705157635e-01
6.681647002858872586e-01
6.659805405599665828e-01
6.632064009153085804e-01
