6.939268676824118520e-01
6.916446551105887020e-01
6.892642508635762333e-01
6.869717732128535204e-01
6.845099424810787703e-01
6.816161682526745702e-01
6.815244829052495845e-01
6.790848151294515134e-01
6.765795805608364466e-01
6.769578282047004070e-01
6.745913172467514762e-01
6.723203084055721090e-01
6.744298877954353344e-01
6.693704740823707144e-01
6.665864785943971249e-01
6.656801740738569340e-01
6.619844866601880540e-01
6.583775671068446966e-01
6.542978841024271741e-01
6.502303041108984383e-01
6.425691363217065355e-01
6.362495070109867035e-01
6.279316373262503470e-01
6.249381339401087754e-01
