6.934673341434675065e-01
6.908419668884857590e-01
6.888218159070974567e-01
6.849999905538857181e-01
6.824365119198694263e-01
6.790598989212736081e-01
6.769090891208073835e-01
6.774019173490849477e-01
6.732486038145861773e-01
6.718802844380801220e-01
6.720289758065457475e-01
6.698527257144046843e-01
6.691972710275144731e-01
6.674020556435130702e-01
6.652166308056812749e-01
6.627056816819890672e-01
6.604630270633495837e-01
6.563151326154904597e-01
6.524871569303853924e-01
6.483071353362366285e-01
6.494273326334148999e-01
6.415516410286971061e-01
