3.273723735809326296e+00
7.008898448944091975e-01
6.795256090164184526e-01
6.063373553752898770e-01
3.845611739158630304e-01
1.396153423190116816e-01
5.829422324895858903e-02
8.181181669235229603e-02
1.196946769952774020e-01
7.776013046503066350e-02
8.060872018337249256e-02
8.239124894142151045e-02
8.578237012028694375e-02
4.096721529960632019e-02
5.618182659149170005e-02
4.605358272790908980e-02
5.011673390865326039e-02
6.668556213378906694e-02
7.031753808259963434e-02
5.309361428022384838e-02
4.391753315925597811e-02
3.476483840495347977e-02
3.810607388615608326e-02
1.669057920575141990e-02
2.240904420614242554e-02
3.322178401052951896e-02
3.248066373169421900e-02
1.734030790627002702e-02
1.678750172257423290e-02
2.627061173319816464e-02
2.529439896345138383e-02
2.227703377604484461e-02
2.053309060633182540e-02
