2.176177096366882502e+00
7.060624265670776278e-01
6.875390624999999645e-01
6.486817836761474831e-01
5.571493506431579590e-01
3.268722438812255993e-01
1.776770353317260742e-01
1.760498040914535434e-01
7.767873644828796054e-02
1.148342630267143311e-01
6.464816436171531844e-02
3.698970019817351962e-02
2.709854409098625197e-02
8.189509276300668827e-02
4.156221285462379650e-02
5.847992405295372037e-02
7.435399591922760287e-02
2.728632628917694244e-02
2.467150717973709204e-02
2.812956691719591465e-02
4.174855813384056175e-02
2.038078967481851689e-02
2.754318077117204680e-02
4.291915893554687500e-02
2.802477713674306897e-02
1.087006529793143293e-02
2.306094713509082919e-02
1.193675696849822929e-02
3.253190776798874084e-02
2.547469744225963964e-02
5.386967644095420893e-02
3.336792908608913338e-02
2.013553517870604950e-02
7.839698288589715472e-03
2.932444316335022436e-02
1.167729549109935809e-02
7.174752354621886929e-03
1.233848962001502609e-03
1.811353107914328653e-03
3.134830342605709769e-04
