2.748028364181518413e+00
6.926555395126342551e-01
6.932206106185913042e-01
6.531221604347229315e-01
5.821619772911071911e-01
3.928214013576507568e-01
2.373940491676330700e-01
2.512126636505127020e-01
1.621388518810272239e-01
6.994649648666381725e-02
7.927442945539951713e-02
7.237138003110885065e-02
4.078266263008117898e-02
7.825197428464888971e-02
8.081886842846870700e-02
8.217885807156562195e-02
4.492644101381301769e-02
3.125396922230720687e-02
1.678083490580320469e-02
2.863166021183133000e-02
6.909565031528472345e-02
2.868963697925210055e-02
1.506775033660233062e-02
3.268929220736026958e-02
1.599207717925310232e-02
5.550681576132774318e-03
3.100351616740226746e-02
1.053119841963052680e-02
1.400022858753800434e-02
5.281049840152263891e-02
4.156221181154250849e-02
6.428182482719421720e-02
3.558249369263648959e-02
4.522545337677001676e-02
1.969426539726555278e-02
2.715434804558753898e-02
1.673290010076016257e-02
1.256714023649692542e-02
2.108285602182149998e-02
7.703207638114690538e-03
