2.488060936927795286e+00
6.986585617065429465e-01
6.920572423934936435e-01
6.619667387008667525e-01
5.875750994682311656e-01
3.667064619064330788e-01
1.616619026660919278e-01
1.307239282131195113e-01
8.945619761943816861e-02
1.163203352689742981e-01
9.508331000804901012e-02
4.132994346320629370e-02
3.001925390213728076e-02
1.882962919771671156e-02
4.827055409550666532e-02
4.306576430797576932e-02
3.688256591558456560e-02
4.451046384871006067e-02
5.219532668590545765e-02
4.000544160604477262e-02
2.484961241483688368e-02
7.024805009365081565e-02
1.932246208190917941e-02
3.533600471913814212e-02
3.522760760970413546e-02
3.355815489776432792e-02
1.322708141058683354e-02
1.369442063383758020e-02
1.596342416247352805e-02
2.139572042040526964e-02
3.313744835555553631e-02
2.375428214669227447e-02
2.450428076088428594e-02
4.408989708870649643e-02
3.074514850974082933e-02
2.191204812377691227e-02
2.725394494831561917e-02
3.513393625617027005e-02
2.942000612616538918e-02
1.159802690381184220e-02
1.744768686592578985e-02
3.417370200157165278e-02
1.742647442966699725e-02
1.630481554195284746e-02
3.195208201184868840e-02
2.597349077463149969e-02
3.850928664207458468e-02
5.550330013036727794e-02
2.086979601532220827e-02
1.589318469166755773e-02
8.508275635540485729e-03
7.175543336197734087e-03
1.081629087217152174e-02
8.330099051818251610e-03
2.920036498457193389e-02
2.785229101777076874e-02
5.584770321846008190e-02
4.423789188265800365e-02
2.370589874684810722e-02
1.928373037138953958e-02
4.711684230016544711e-02
1.081214072182774474e-02
5.269586439244449555e-03
1.442184943240135825e-02
4.547081198543309957e-03
9.249117621220648983e-03
1.762121358420699890e-02
1.162299370393157089e-02
4.096579447388649237e-02
1.105937147513031890e-02
1.245292685925960575e-02
1.238156236708164160e-02
5.463039223104715521e-03
1.968706339597701971e-02
7.121480610221624097e-02
2.526211654767394205e-02
1.265928387641906787e-02
4.206005297601222818e-03
1.945140323601663238e-02
1.399395626038312836e-02
3.227105312049388663e-02
2.152653116732835756e-02
1.112487926613539395e-02
1.244269780814647591e-02
4.327373746782540997e-03
9.955548390280454484e-04
5.220176671864465087e-03
3.695639184734318249e-03
7.690559378825127974e-03
