3.529810736179351593e+00
6.994203877449035600e-01
6.929150319099426358e-01
6.832766914367676137e-01
6.117064905166625932e-01
4.222841989994048917e-01
2.820107293128967241e-01
2.244554400444030706e-01
2.326401597261428811e-01
2.297434496879577626e-01
2.067021667957305853e-01
1.670713585615158092e-01
1.611480760574340865e-01
1.705306792259216331e-01
1.563076233863830433e-01
1.628740239143371682e-01
1.727186214923858709e-01
1.456347423791885254e-01
1.440293943881988392e-01
1.271409893035888583e-01
1.300929646939039119e-01
1.341909718513488725e-01
1.415825322270393427e-01
1.727098900079727106e-01
1.549391651153564364e-01
1.364202457666397195e-01
1.261999343335628576e-01
1.203335541486740129e-01
1.243020999431610069e-01
1.400438672304153420e-01
1.304184561967849654e-01
1.424457967281341497e-01
1.154463469982147245e-01
1.260371950268745489e-01
1.578308492898941040e-01
1.508595025539398171e-01
1.374313592910766657e-01
1.265978503227233876e-01
1.139907741546630909e-01
