7.093825525466820325e-01
6.933420382492557765e-01
6.933465615998102294e-01
6.933606868286731340e-01
6.933475083301727793e-01
6.933789322911562136e-01
6.932909389830977931e-01
6.933032871525878216e-01
6.933049187660028645e-01
6.933440150919771838e-01
6.932935081062143734e-01
6.932849094466724260e-01
6.934001613890793392e-01
6.933002712519510391e-01
6.933370275199193244e-01
6.933171671374953604e-01
6.934485713386300265e-01
6.933689532076768858e-01
6.932756137118404327e-01
6.934459992273367401e-01
6.933718853350100408e-01
