7.066260245420872277e-01
6.934162792378870677e-01
6.932187366376979520e-01
6.932744937503018123e-01
6.934375840488218312e-01
6.933653917442492709e-01
6.933061552545268791e-01
6.934094040548977045e-01
6.932864553010545938e-01
6.933547862794992023e-01
6.932991518765515560e-01
6.932948095204138905e-01
6.933184496353304027e-01
6.934353841113070072e-01
6.933179840771307445e-01
6.933042586156874520e-01
6.934742734141806642e-01
6.933953511005138681e-01
6.933226103115498473e-01
6.933303886495119084e-01
6.934562361833028765e-01
6.934009226614920030e-01
