7.041334284455628145e-01
6.933049213035819003e-01
6.935279545158657966e-01
6.933496351082319986e-01
6.932051340166596187e-01
6.933874235779102779e-01
6.933474558165194646e-01
6.933804293488576853e-01
6.932720740738957943e-01
6.932257467722465760e-01
6.934019348104656366e-01
6.933899611330710533e-01
6.934056748222781064e-01
6.933195698547275354e-01
6.933731504817185476e-01
6.933223717331155056e-01
6.934189760233896438e-01
6.934103498702465229e-01
6.934785829543573810e-01
6.934024548386383824e-01
6.934371637927115861e-01
6.933874077856319040e-01
