7.045633080839618367e-01
6.934536548884722151e-01
6.932880631264756177e-01
6.933185481400484518e-01
6.933168075793628704e-01
6.933108258530059631e-01
6.934002855616293592e-01
6.933273285112148132e-01
6.933370424295913770e-01
6.933215209008082303e-01
6.932602268384019384e-01
6.933092577612478546e-01
6.933122467076436868e-01
6.933574518712609658e-01
6.933436234916979801e-01
6.932941904370034658e-01
6.933270101581204825e-01
6.934023613238876615e-01
6.936649675857040620e-01
6.934844977077775363e-01
6.933614187894004965e-01
6.934152285042957109e-01
