7.151523929108430933e-01
6.933382606883905508e-01
6.933152308438627065e-01
6.933430683948169637e-01
6.934025538445318659e-01
6.933112919546408071e-01
6.932967578791328078e-01
6.934192020766076769e-01
6.933176752675077603e-01
6.933523670087330393e-01
6.932645840043026864e-01
6.932879739763322391e-01
6.933245483402119547e-01
6.933249155966502153e-01
6.935052038737911095e-01
6.933137304161608450e-01
6.934446013676240916e-01
6.933052595201575352e-01
6.933190647034062071e-01
6.935164557902329108e-01
6.934358431963479896e-01
