7.308213691680863766e-01
6.957645891950678951e-01
6.947854770681797243e-01
6.939622387290004246e-01
6.937564196876988554e-01
6.938480196090849317e-01
6.934582776366133849e-01
6.933053315449985154e-01
6.933849599116883589e-01
6.932293818547173858e-01
6.932647715394312238e-01
6.934844104525371700e-01
6.939591217117435651e-01
6.934489447336926737e-01
6.933122586745482652e-01
6.931758333857241938e-01
6.933149764171014917e-01
6.931787610818176404e-01
6.931999425093331446e-01
6.931907874651440649e-01
6.931844153083278615e-01
6.931953837092108550e-01
6.931981956347440521e-01
6.931790222342197882e-01
6.931773897929066619e-01
6.931759936687273971e-01
6.931751292103373041e-01
6.931734833961878950e-01
6.931728029098268573e-01
