7.318441928961337828e-01
6.961524759729703637e-01
6.944300526609784585e-01
6.937969796932661470e-01
6.936944404091586192e-01
6.936702187626789806e-01
6.930197412386917000e-01
6.931331035418388797e-01
6.932652938442354085e-01
6.930677644335304644e-01
6.935129910707473755e-01
6.936509683728218079e-01
6.933573541732933609e-01
6.935549403230348853e-01
6.931875541042056277e-01
6.929019907346143370e-01
6.932062904040018347e-01
6.932010243718439435e-01
6.931943723406546187e-01
6.932030864633050848e-01
6.933653889558252237e-01
6.935827023325819018e-01
6.932039022063598566e-01
6.931983587833555616e-01
6.931824550414695807e-01
6.932046193725023286e-01
6.931811271187586776e-01
6.931789074188616784e-01
6.931758431287911026e-01
6.932375541864296276e-01
6.931721719029622086e-01
6.931715940053646552e-01
6.931691542267799377e-01
6.945798173546791077e-01
6.933481408617437891e-01
6.931664706804813170e-01
6.931611186800858970e-01
6.931580522885688600e-01
6.931563938657442359e-01
