7.351395675005051311e-01
6.952391866690074140e-01
6.939671446497623908e-01
6.937415351470310743e-01
6.938998458477170228e-01
6.937194818105455463e-01
6.936629250263556257e-01
6.937642345825830725e-01
6.934289143253594689e-01
6.934773889489661558e-01
6.932694472563573074e-01
6.933000935957983613e-01
6.932730134098959995e-01
6.932491396482177715e-01
6.932652628956699203e-01
6.932049955313024370e-01
6.932007441153892335e-01
6.931882733717943390e-01
6.931858041729680453e-01
6.931890470859330966e-01
6.931563997880006989e-01
6.948348484360256094e-01
6.934580999689226033e-01
6.932134192723494737e-01
6.931774386992824999e-01
6.931778652927812479e-01
