7.330067427112503253e-01
6.956067377558121656e-01
6.943633193388961677e-01
6.941663766136533242e-01
6.936504437755318664e-01
6.934215084482462377e-01
6.935198681476789639e-01
6.936102916414920161e-01
6.937637592737491143e-01
6.934754640246041379e-01
6.934301239939834050e-01
6.932915603885282385e-01
6.933259094754857799e-01
6.933519089451201101e-01
6.934145893423987461e-01
6.932729473098729889e-01
6.932584607066254456e-01
6.932241095182219981e-01
6.932554428394024360e-01
6.932214832840820629e-01
6.932011191279455753e-01
6.931946988289172662e-01
6.931923178908149241e-01
6.931877334912616151e-01
6.931861272225017245e-01
6.931972715717090727e-01
6.941660346511082658e-01
6.943600225525026204e-01
6.931850398198148300e-01
