7.386585758664669932e-01
6.958149321950398702e-01
6.946641403513077462e-01
6.943594650962412462e-01
6.935928870852178241e-01
6.934484606369947235e-01
6.935097473936201462e-01
6.934863502780589384e-01
6.937063854092209159e-01
6.936825746909166535e-01
6.936369330073013373e-01
6.940929320378182998e-01
6.932612854318741524e-01
6.932198705199434929e-01
6.932491822502552248e-01
6.932222761022744928e-01
6.932272502245049317e-01
6.932190733078199552e-01
6.931784974458892190e-01
6.932015212682575145e-01
6.931956183069792887e-01
6.934887203268516043e-01
6.931957879509678122e-01
6.931637899997901142e-01
6.931619957471507609e-01
6.931610967104251397e-01
6.931614593053480045e-01
6.931607482525020680e-01
6.931601940439297005e-01
6.931603430555418610e-01
6.931599812247816184e-01
6.931626659173234506e-01
6.931596593214912616e-01
6.931597380301891542e-01
6.931595003757724527e-01
6.931589679458206588e-01
6.932290362624023983e-01
6.931942090010032587e-01
6.931605281738135726e-01
6.937424582548632479e-01
