5.473564891631782530e+02
3.382593100498883132e+01
3.357425113824698570e+01
3.327355467967499436e+01
3.311962389945983176e+01
3.309842409231715976e+01
3.296823358535765180e+01
3.306054702171913817e+01
3.310329728860127574e+01
3.291444287544638314e+01
3.295082967709272026e+01
3.300336722227249453e+01
3.294536448747683011e+01
3.284500507208017694e+01
3.299919896859389468e+01
3.283529700377049920e+01
3.285571799522791281e+01
3.297235460770434656e+01
3.299228600355292684e+01
3.305535840988162732e+01
3.295171436896694672e+01
3.295847148161671214e+01
3.286704856310137757e+01
3.280272953938212765e+01
3.283119147863146736e+01
3.293227280714571492e+01
3.306387722797884976e+01
3.289012323281705363e+01
3.298154354095458274e+01
3.297191924926562479e+01
3.311187401795996976e+01
3.288866810309581012e+01
3.288036683889534117e+01
3.287405726848502496e+01
3.290217510247840949e+01
3.288294879595435560e+01
3.291739872785712606e+01
3.299578238756226511e+01
3.338967575782385921e+01
3.302845854025622430e+01
3.284734761409271897e+01
3.277954243390984601e+01
3.276051872204511284e+01
3.295236858343466935e+01
3.280461090650308620e+01
3.278889774664854428e+01
3.289347208463230743e+01
3.270483162464243776e+01
3.291261285390610425e+01
3.290925092574876487e+01
3.295665210943954548e+01
3.287804890901615806e+01
3.281446125568486138e+01
3.262406050241905575e+01
3.290184944715255000e+01
3.280246527989705640e+01
3.291052801792437066e+01
3.324180559011603719e+01
3.334476667184099341e+01
3.305533849276027780e+01
3.294482319782941460e+01
3.291535776700732185e+01
