5.662450450505966728e+02
3.404007263061330235e+01
3.361542306190882812e+01
3.305271912232426956e+01
3.316198865572615517e+01
3.343336984438773385e+01
3.319067936065865609e+01
3.297378574884857017e+01
3.301871547332177670e+01
3.292498493194578657e+01
3.305033661768986519e+01
3.284483424822485631e+01
3.321515138332660655e+01
3.280527733533809709e+01
3.307897825730150032e+01
3.319034171715760806e+01
3.301489702860511244e+01
3.300530922107209619e+01
3.308891218747854168e+01
3.305137804838326332e+01
3.284268063153974282e+01
3.288939447892018819e+01
3.290625912715231038e+01
3.282418482731556253e+01
3.286191437794614245e+01
3.283580352098513799e+01
3.269467591016720576e+01
3.293010119902781696e+01
3.276765531759998851e+01
3.294380952761719072e+01
3.298312626129538927e+01
3.320418292436838925e+01
3.302568055421880189e+01
3.279137405371058378e+01
3.291737634707719451e+01
3.284203463945632251e+01
3.285965023285303488e+01
3.340165743461024306e+01
3.291013199855118643e+01
3.315381631484400771e+01
3.287683084683538937e+01
3.299950690758532090e+01
3.313225129323124207e+01
3.291880292158858623e+01
3.292148828506473279e+01
3.297557715269232403e+01
3.313796149156029713e+01
3.264707847741934899e+01
3.272878976357287684e+01
3.290620280534791675e+01
3.301413325774363727e+01
3.284840874794204524e+01
3.294834456688316493e+01
3.290677536450903773e+01
3.318733173150283733e+01
