5.420973030359317590e+02
3.429204111221508811e+01
3.383845039514395125e+01
3.328156540944022623e+01
3.318275116651485490e+01
3.309821685766569743e+01
3.333050040709666462e+01
3.312775732309388843e+01
3.301442329700178391e+01
3.307964252202938837e+01
3.322561838687993685e+01
3.298662123313309991e+01
3.305845411007221202e+01
3.291883636743594366e+01
3.312510994153143429e+01
3.322244032835351391e+01
3.287949433693520973e+01
3.322321065878257684e+01
3.304305084546400195e+01
3.308192601570714686e+01
3.326102012243027417e+01
3.295719387592414051e+01
3.286370048156152279e+01
3.303638436855415961e+01
3.291962224397906311e+01
3.290385895508988767e+01
3.300410051834888492e+01
3.267353292611932147e+01
3.291517501610977092e+01
3.301206344213239419e+01
3.307511975826365358e+01
3.285936369040075533e+01
3.297970565771449003e+01
3.289865617263014030e+01
3.297400615765499765e+01
3.286440756993415135e+01
3.284409436812766359e+01
3.300323766928452329e+01
3.294175931734915963e+01
3.312853340613533959e+01
3.308207989961671558e+01
3.308059656314359387e+01
3.297924535091105724e+01
