5.629125467691667382e+02
3.419985804802333718e+01
3.328755893462744808e+01
3.337673066823911228e+01
3.311354648149929858e+01
3.325712411831585769e+01
3.300717002306227954e+01
3.299529175880628884e+01
3.280225724440352053e+01
3.295324834187825758e+01
3.309568727322112380e+01
3.294426139195758196e+01
3.285147532438621454e+01
3.309902735245533734e+01
3.304058564626253514e+01
3.302417351649355481e+01
3.293857534115132779e+01
3.299246899286904267e+01
3.281586183034457349e+01
3.299688210854165504e+01
3.330729817121458325e+01
3.275883109752949451e+01
3.276060601992484322e+01
3.316093748655075757e+01
3.302441057180745076e+01
3.308638842289265369e+01
3.302059548329084038e+01
3.291034885553214906e+01
3.269955218143952180e+01
3.293412181047293785e+01
3.286549835327344482e+01
3.283106230466792397e+01
3.306614501048354526e+01
3.273519179759880871e+01
3.287669145143950544e+01
