5.656127570898102022e+02
3.393618229107975992e+01
3.364624409797862370e+01
3.336191549056614747e+01
3.335305158908550993e+01
3.332623054431035570e+01
3.304900449972886634e+01
3.297698696454367706e+01
3.320372948279745628e+01
3.291315512168100099e+01
3.340373811966333051e+01
3.293981077120851353e+01
3.304276817272873501e+01
3.283572018452179009e+01
3.306073677234162034e+01
3.293202318289341690e+01
3.284070712480794896e+01
3.292775081976868279e+01
3.292908045573111764e+01
3.308934956330521260e+01
3.296191760209891441e+01
3.299391716565840937e+01
3.305249875631086098e+01
3.318909761233208400e+01
3.336855978843496473e+01
3.283387760015632040e+01
3.282125682097215247e+01
3.275682904170109566e+01
3.288497874064324122e+01
3.305456439654033574e+01
3.301668464220482946e+01
3.287778847645492419e+01
3.284283933272728717e+01
3.303421900211240825e+01
3.309433315350461413e+01
3.295457585652673771e+01
3.308242765451087308e+01
3.285562465741076466e+01
3.290642477304511004e+01
3.289375489186022605e+01
3.286937113297289415e+01
3.280227885490810280e+01
3.296091874440512015e+01
3.279128258044903532e+01
3.294947592417399562e+01
3.295571344938032610e+01
3.302866850755154360e+01
3.286597111286260287e+01
3.273848674847530305e+01
3.312470947779139863e+01
3.290404492769486211e+01
3.296765573208150357e+01
3.287789195011824006e+01
