1.073090444371068264e+00
6.934718614367092471e-01
6.933776475217220403e-01
6.919677879688513888e-01
6.877235729618954574e-01
6.834580828673648689e-01
6.777016723533035858e-01
6.694118432755017389e-01
6.688680550187755536e-01
6.648705307294562328e-01
6.612822754249666479e-01
6.639839261407688431e-01
6.549393124243928499e-01
6.530799591628304590e-01
6.435559953216218876e-01
6.466767922805173319e-01
6.281060776571287807e-01
6.238317705708990024e-01
6.245307419131852500e-01
6.135332553926176047e-01
5.979825717979394550e-01
6.026014254911102874e-01
5.863659581998840187e-01
5.833723809017171691e-01
5.696235156987415893e-01
5.770362849073108480e-01
5.542246890764167544e-01
5.425696723942630140e-01
5.365801829201171103e-01
5.220457240757858663e-01
5.052780941890103739e-01
4.799450548895954349e-01
4.959765194106275921e-01
4.699089792523070686e-01
4.444837675332443117e-01
4.285973420688415914e-01
4.098858072664905983e-01
3.835478338011860111e-01
3.686603412140894709e-01
3.391200170609783293e-01
2.977397328020592870e-01
2.896304790410972330e-01
2.778595182002315811e-01
2.387187081386863141e-01
2.251013133067574223e-01
