9.452232193482763556e-01
6.944562908796788614e-01
6.929700184622530346e-01
6.934188166383988827e-01
6.927124595410053542e-01
6.913024335011949129e-01
6.898740751899941070e-01
6.870139553019020129e-01
6.840818499706667888e-01
6.794229625495390446e-01
6.736986300661033100e-01
6.754163246955314781e-01
6.728600024306861105e-01
6.682587487854226849e-01
6.651997019484675588e-01
6.693947207898699459e-01
6.632892622854876796e-01
6.617322446656053181e-01
6.514955297873837869e-01
6.551903724090316627e-01
6.404744296758424493e-01
6.352965177700758970e-01
6.349378344206336733e-01
