1.028325247068474724e+00
6.930520385141210049e-01
6.915866947232082174e-01
6.905922872306656801e-01
6.867973569535861245e-01
6.831411764279479160e-01
6.753880454095900765e-01
6.731317729265440253e-01
6.693510476980185642e-01
6.574377832331506077e-01
6.627892071603278534e-01
6.558617193913516275e-01
6.492757952416321476e-01
6.460263576820820530e-01
6.460326738891229992e-01
6.250015795955983222e-01
6.317317757003209078e-01
6.182753761319348396e-01
6.074552100940343591e-01
5.974173010700810638e-01
5.883845961006889391e-01
