9.951731308823373867e-01
6.929803869149980811e-01
6.926289007901567096e-01
6.927382215096132834e-01
6.901358484931815473e-01
6.873829054426391361e-01
6.830569781236114357e-01
6.752224326713821556e-01
6.716589541910918948e-01
6.612947264146921134e-01
6.647094524399788096e-01
6.490009656207694766e-01
6.478992815145321327e-01
6.358014413330096426e-01
6.353151218154424740e-01
6.205524545516410972e-01
6.134671699391663902e-01
6.045846750556407301e-01
5.946106577151593076e-01
5.579611141316210832e-01
5.437533021553299095e-01
5.092153878397605027e-01
5.070034823858535766e-01
4.451271294097250419e-01
4.411836027228919210e-01
3.939138887282415680e-01
3.529359786759908024e-01
3.473012626461158825e-01
2.953077345868967418e-01
2.812367402869129784e-01
2.540578084415472393e-01
2.358281947400448220e-01
