1.056123995287865158e+00
6.939628185146916595e-01
6.926422619471584996e-01
6.894633739534086203e-01
6.832795440425547540e-01
6.773855893571301134e-01
6.714443206207015846e-01
6.653511045622999553e-01
6.607901011650290091e-01
6.483837237033239775e-01
6.349453485215087456e-01
6.305012125748497009e-01
6.251225742690464937e-01
6.194848809799138323e-01
6.003572649329248501e-01
5.911226455312575956e-01
5.671270209797395490e-01
5.559383036156351210e-01
5.439487816063447445e-01
5.367086895190885665e-01
5.134612030356470180e-01
4.999055150361536581e-01
4.792034776831485265e-01
