6.967374086380004883e-01
6.855878233909606934e-01
6.913564801216125488e-01
6.912629604339599609e-01
6.995316743850708008e-01
6.918131113052368164e-01
6.982731223106384277e-01
6.876913905143737793e-01
6.904836297035217285e-01
6.972187757492065430e-01
7.000922560691833496e-01
6.956331133842468262e-01
6.955010890960693359e-01
6.893461346626281738e-01
6.982277631759643555e-01
6.951185464859008789e-01
6.931762099266052246e-01
6.933078169822692871e-01
6.931725144386291504e-01
6.937384605407714844e-01
6.934254169464111328e-01
6.916477084159851074e-01
6.954826116561889648e-01
6.914328932762145996e-01
6.918025016784667969e-01
6.954733729362487793e-01
6.924160122871398926e-01
6.931063532829284668e-01
6.927744746208190918e-01
6.936953663825988770e-01
6.883885860443115234e-01
6.930890083312988281e-01
6.960842013359069824e-01
6.880598664283752441e-01
6.966050267219543457e-01
6.929281353950500488e-01
6.928510069847106934e-01
6.931228637695312500e-01
6.957142949104309082e-01
6.965386271476745605e-01
6.948368549346923828e-01
6.921291947364807129e-01
6.929212808609008789e-01
6.924604773521423340e-01
6.926738619804382324e-01
6.929454207420349121e-01
6.923580765724182129e-01
6.927639842033386230e-01
6.922694444656372070e-01
6.925502419471740723e-01
6.941972374916076660e-01
6.925588250160217285e-01
6.930863857269287109e-01
6.933676600456237793e-01
6.940026879310607910e-01
6.927069425582885742e-01
6.922135949134826660e-01
6.916253566741943359e-01
6.928414106369018555e-01
6.929699778556823730e-01
6.924035549163818359e-01
6.920692920684814453e-01
6.915343999862670898e-01
6.931241154670715332e-01
6.909180283546447754e-01
6.909000277519226074e-01
6.900981664657592773e-01
6.923720240592956543e-01
6.925705075263977051e-01
6.947356462478637695e-01
6.931860446929931641e-01
6.914858222007751465e-01
6.946076750755310059e-01
6.933901906013488770e-01
6.909187436103820801e-01
6.923912763595581055e-01
6.919577717781066895e-01
6.921609640121459961e-01
6.926409006118774414e-01
6.929697394371032715e-01
6.916739940643310547e-01
6.966562271118164062e-01
6.917637586593627930e-01
6.920639872550964355e-01
6.892709136009216309e-01
6.905937194824218750e-01
6.871062517166137695e-01
6.952509880065917969e-01
6.937960982322692871e-01
6.915223598480224609e-01
6.944848895072937012e-01
6.897349357604980469e-01
6.918632388114929199e-01
6.922239065170288086e-01
6.903126835823059082e-01
6.913007497787475586e-01
6.880170106887817383e-01
6.916857957839965820e-01
6.882382631301879883e-01
6.923457980155944824e-01
6.893423199653625488e-01
6.872250437736511230e-01
6.953051090240478516e-01
6.915906667709350586e-01
6.930023431777954102e-01
6.913428902626037598e-01
6.900876164436340332e-01
6.893258094787597656e-01
6.931947469711303711e-01
6.909842491149902344e-01
6.912996768951416016e-01
6.909325122833251953e-01
6.893748044967651367e-01
6.911278367042541504e-01
6.890740990638732910e-01
6.897130012512207031e-01
6.879063248634338379e-01
6.879568696022033691e-01
6.889786720275878906e-01
6.879528164863586426e-01
6.842247843742370605e-01
6.866233348846435547e-01
6.873280405998229980e-01
6.887825727462768555e-01
6.904503703117370605e-01
6.876338720321655273e-01
6.929139494895935059e-01
6.880956888198852539e-01
6.829177141189575195e-01
6.847573518753051758e-01
6.879257559776306152e-01
6.885486841201782227e-01
6.896702647209167480e-01
6.874394416809082031e-01
6.921423673629760742e-01
6.889888048171997070e-01
6.867480278015136719e-01
6.864283680915832520e-01
6.899242997169494629e-01
6.863202452659606934e-01
6.858645677566528320e-01
6.832182407379150391e-01
6.816008090972900391e-01
6.794021725654602051e-01
6.843413710594177246e-01
6.856194138526916504e-01
6.806028485298156738e-01
6.817924976348876953e-01
6.889932155609130859e-01
6.887912154197692871e-01
6.869497895240783691e-01
6.833890676498413086e-01
6.785156726837158203e-01
6.873738169670104980e-01
6.852313280105590820e-01
6.834807395935058594e-01
6.773216128349304199e-01
6.808349490165710449e-01
6.817026138305664062e-01
6.846608519554138184e-01
6.812137365341186523e-01
6.879143118858337402e-01
6.819600462913513184e-01
6.826323866844177246e-01
6.804849505424499512e-01
6.824405789375305176e-01
6.861066222190856934e-01
6.837196350097656250e-01
6.799453496932983398e-01
6.796967983245849609e-01
6.770163774490356445e-01
6.792956590652465820e-01
6.763731241226196289e-01
6.770145297050476074e-01
6.695981621742248535e-01
6.748120188713073730e-01
6.741243600845336914e-01
6.780675649642944336e-01
6.730754375457763672e-01
6.771215200424194336e-01
6.755279898643493652e-01
6.761951446533203125e-01
6.829192042350769043e-01
6.775258779525756836e-01
6.746261119842529297e-01
6.761277318000793457e-01
6.836264729499816895e-01
6.737605929374694824e-01
6.847239136695861816e-01
6.728469729423522949e-01
6.811177134513854980e-01
6.789568066596984863e-01
6.787673234939575195e-01
6.832415461540222168e-01
6.741292476654052734e-01
6.807208657264709473e-01
6.847763657569885254e-01
6.800403594970703125e-01
6.800096035003662109e-01
6.779538393020629883e-01
6.729885935783386230e-01
6.689832210540771484e-01
6.712821125984191895e-01
6.729168891906738281e-01
6.766537427902221680e-01
6.755191683769226074e-01
6.699398159980773926e-01
6.749064326286315918e-01
6.726593375205993652e-01
6.704009175300598145e-01
6.746211647987365723e-01
6.688368320465087891e-01
6.784728169441223145e-01
6.778896450996398926e-01
6.705406904220581055e-01
6.767339706420898438e-01
6.638570427894592285e-01
6.677843332290649414e-01
6.656773686408996582e-01
6.747308969497680664e-01
6.772782802581787109e-01
6.758308410644531250e-01
6.787923574447631836e-01
6.732558012008666992e-01
6.649978756904602051e-01
6.664257645606994629e-01
6.685353517532348633e-01
6.758849620819091797e-01
6.672194600105285645e-01
6.610583662986755371e-01
6.717644333839416504e-01
6.647364497184753418e-01
6.663827896118164062e-01
6.762353777885437012e-01
6.639828681945800781e-01
6.681911349296569824e-01
6.562573313713073730e-01
6.740614771842956543e-01
6.655194759368896484e-01
6.622814536094665527e-01
6.744349002838134766e-01
6.722119450569152832e-01
6.679670810699462891e-01
6.740012168884277344e-01
6.667885184288024902e-01
6.743725538253784180e-01
6.766372919082641602e-01
6.702412962913513184e-01
6.765092015266418457e-01
6.649835109710693359e-01
6.682509183883666992e-01
6.722212433815002441e-01
6.666559576988220215e-01
6.631041169166564941e-01
6.621912121772766113e-01
6.620346307754516602e-01
6.653120517730712891e-01
6.649828553199768066e-01
6.533567905426025391e-01
6.642562747001647949e-01
6.672257184982299805e-01
6.565030813217163086e-01
6.488906145095825195e-01
6.644010543823242188e-01
6.706717610359191895e-01
6.619970202445983887e-01
6.659138202667236328e-01
6.717289090156555176e-01
6.603245735168457031e-01
6.734648942947387695e-01
6.612027287483215332e-01
6.547065377235412598e-01
6.760649681091308594e-01
6.669947504997253418e-01
6.716502308845520020e-01
6.610178351402282715e-01
6.580933332443237305e-01
6.776309609413146973e-01
6.731846332550048828e-01
6.656476259231567383e-01
6.631961464881896973e-01
6.675477027893066406e-01
6.640030145645141602e-01
6.620656251907348633e-01
6.573960781097412109e-01
6.647392511367797852e-01
6.599270105361938477e-01
6.582075953483581543e-01
6.633466482162475586e-01
6.512534022331237793e-01
6.544861793518066406e-01
6.641337871551513672e-01
6.544879674911499023e-01
6.571370959281921387e-01
6.596487164497375488e-01
6.725677847862243652e-01
6.592072248458862305e-01
6.657363772392272949e-01
6.696193814277648926e-01
6.542413830757141113e-01
6.594223380088806152e-01
6.557404398918151855e-01
6.516917943954467773e-01
6.567338109016418457e-01
6.736193299293518066e-01
6.672975420951843262e-01
6.560388207435607910e-01
6.529071331024169922e-01
6.486845612525939941e-01
6.444718837738037109e-01
6.559032797813415527e-01
6.560896039009094238e-01
6.545028090476989746e-01
6.510562300682067871e-01
6.676113605499267578e-01
6.612631082534790039e-01
6.645463109016418457e-01
6.519705057144165039e-01
6.497145295143127441e-01
6.417730450630187988e-01
6.470581293106079102e-01
6.536549925804138184e-01
6.637136340141296387e-01
6.656284332275390625e-01
6.529308557510375977e-01
6.629056930541992188e-01
6.644940972328186035e-01
6.505424380302429199e-01
6.537452936172485352e-01
6.505322456359863281e-01
6.543617248535156250e-01
6.649053096771240234e-01
6.574925780296325684e-01
6.574063897132873535e-01
6.730358600616455078e-01
6.555135846138000488e-01
6.460847854614257812e-01
6.466297507286071777e-01
6.610684394836425781e-01
6.380815505981445312e-01
6.592794060707092285e-01
6.630364656448364258e-01
6.430811882019042969e-01
6.415021419525146484e-01
6.362417936325073242e-01
6.360679268836975098e-01
6.656268835067749023e-01
6.387689113616943359e-01
6.454496383666992188e-01
6.414312720298767090e-01
6.598882079124450684e-01
6.502513885498046875e-01
6.479153633117675781e-01
6.391234993934631348e-01
6.638364195823669434e-01
6.518298983573913574e-01
6.556429266929626465e-01
6.600582599639892578e-01
6.756185293197631836e-01
6.604115366935729980e-01
6.700432300567626953e-01
6.694175004959106445e-01
6.532128453254699707e-01
6.620752811431884766e-01
6.548226475715637207e-01
6.411615014076232910e-01
6.532904505729675293e-01
6.484715938568115234e-01
6.481609940528869629e-01
6.524397134780883789e-01
6.778854131698608398e-01
6.560828089714050293e-01
6.521617174148559570e-01
6.524402499198913574e-01
6.486682891845703125e-01
6.602835059165954590e-01
6.504634618759155273e-01
6.621341109275817871e-01
6.530430912971496582e-01
6.523292660713195801e-01
6.568090319633483887e-01
6.558350324630737305e-01
6.484743952751159668e-01
6.623984575271606445e-01
6.511862277984619141e-01
6.628832817077636719e-01
6.539635062217712402e-01
6.662909388542175293e-01
6.589116454124450684e-01
6.520132422447204590e-01
6.460204124450683594e-01
6.620115637779235840e-01
6.420852541923522949e-01
6.661639213562011719e-01
6.575048565864562988e-01
6.619318127632141113e-01
6.460309028625488281e-01
6.424856185913085938e-01
6.465125679969787598e-01
6.228333115577697754e-01
6.346624493598937988e-01
7.058695554733276367e-01
6.642168164253234863e-01
6.433851122856140137e-01
6.507893204689025879e-01
6.555252075195312500e-01
6.470203995704650879e-01
6.504988670349121094e-01
6.502501964569091797e-01
6.493115425109863281e-01
6.530196070671081543e-01
6.545701026916503906e-01
6.505004763603210449e-01
6.590519547462463379e-01
6.531150341033935547e-01
6.641027331352233887e-01
6.410513520240783691e-01
6.384217739105224609e-01
6.556716561317443848e-01
6.584398746490478516e-01
6.492049694061279297e-01
6.329091787338256836e-01
6.491436958312988281e-01
6.219620108604431152e-01
6.349329948425292969e-01
6.615380048751831055e-01
6.487746238708496094e-01
6.371868848800659180e-01
6.298600435256958008e-01
6.447782516479492188e-01
6.436828970909118652e-01
6.273229718208312988e-01
6.615006327629089355e-01
6.559973955154418945e-01
6.365723013877868652e-01
6.328254938125610352e-01
6.409661173820495605e-01
6.348981261253356934e-01
6.466118097305297852e-01
6.489239931106567383e-01
6.365414857864379883e-01
6.422636508941650391e-01
6.480256319046020508e-01
6.569758057594299316e-01
6.443319916725158691e-01
6.441004276275634766e-01
6.532488465309143066e-01
6.642884612083435059e-01
6.253266930580139160e-01
6.300664544105529785e-01
6.529469490051269531e-01
6.428786516189575195e-01
6.560536623001098633e-01
6.248228549957275391e-01
6.204705238342285156e-01
6.437733769416809082e-01
6.268960237503051758e-01
6.432983875274658203e-01
6.405664086341857910e-01
6.246809363365173340e-01
6.409052610397338867e-01
6.567350029945373535e-01
6.279249191284179688e-01
6.739946007728576660e-01
6.179584264755249023e-01
6.418808698654174805e-01
6.310607790946960449e-01
6.388579607009887695e-01
6.337535977363586426e-01
6.542012095451354980e-01
6.564010381698608398e-01
6.530084013938903809e-01
6.379564404487609863e-01
6.629481911659240723e-01
6.613663434982299805e-01
6.496927142143249512e-01
6.314668655395507812e-01
6.545158028602600098e-01
6.490741372108459473e-01
6.378354430198669434e-01
6.339262127876281738e-01
6.429743170738220215e-01
6.476454734802246094e-01
6.362301111221313477e-01
6.472318172454833984e-01
6.235944628715515137e-01
6.362133622169494629e-01
6.367713809013366699e-01
6.222664713859558105e-01
6.309729814529418945e-01
6.568301320075988770e-01
6.689586639404296875e-01
6.438738703727722168e-01
6.322619915008544922e-01
6.224437952041625977e-01
6.526792049407958984e-01
6.283102035522460938e-01
6.336055994033813477e-01
6.305316686630249023e-01
6.482526659965515137e-01
6.313858628273010254e-01
6.388467550277709961e-01
6.381582617759704590e-01
6.632971167564392090e-01
6.601505279541015625e-01
6.176173686981201172e-01
6.513875126838684082e-01
6.374055743217468262e-01
6.457633376121520996e-01
6.458824872970581055e-01
6.304206252098083496e-01
6.316314339637756348e-01
6.280516982078552246e-01
6.623587608337402344e-01
6.471745967864990234e-01
6.298823952674865723e-01
6.483643054962158203e-01
6.361390352249145508e-01
6.511380672454833984e-01
6.559967398643493652e-01
6.421770453453063965e-01
6.512179374694824219e-01
6.539173126220703125e-01
6.532608270645141602e-01
6.337311863899230957e-01
6.451721191406250000e-01
6.415945887565612793e-01
6.450522541999816895e-01
6.513720154762268066e-01
6.561915278434753418e-01
6.531177163124084473e-01
6.340206265449523926e-01
6.375999450683593750e-01
6.267043352127075195e-01
6.714303493499755859e-01
6.235398054122924805e-01
6.400714516639709473e-01
6.238108277320861816e-01
6.302978396415710449e-01
6.165842413902282715e-01
6.095300316810607910e-01
6.314626336097717285e-01
6.209965348243713379e-01
6.556795835494995117e-01
6.835290789604187012e-01
6.071662902832031250e-01
6.422735452651977539e-01
6.275756359100341797e-01
6.338557600975036621e-01
6.573178172111511230e-01
6.240431666374206543e-01
6.463851928710937500e-01
6.523135304450988770e-01
6.717002987861633301e-01
6.436648368835449219e-01
6.360910534858703613e-01
6.298573613166809082e-01
6.384936571121215820e-01
6.403214335441589355e-01
6.349349617958068848e-01
6.124038696289062500e-01
6.340147256851196289e-01
6.416746377944946289e-01
6.208699345588684082e-01
6.589484214782714844e-01
6.348347067832946777e-01
6.212981939315795898e-01
6.442818045616149902e-01
6.117792725563049316e-01
6.353338360786437988e-01
6.207908391952514648e-01
6.257054805755615234e-01
6.246348619461059570e-01
6.123045682907104492e-01
6.453705430030822754e-01
6.240032315254211426e-01
6.453392505645751953e-01
6.169018745422363281e-01
6.402897238731384277e-01
6.093286275863647461e-01
6.235796213150024414e-01
6.343032717704772949e-01
6.166466474533081055e-01
6.443656086921691895e-01
6.173740029335021973e-01
6.125355362892150879e-01
6.542635560035705566e-01
6.186170578002929688e-01
6.143181324005126953e-01
5.943887829780578613e-01
6.366602182388305664e-01
6.048982739448547363e-01
6.086006164550781250e-01
6.580652594566345215e-01
5.854156613349914551e-01
6.676290035247802734e-01
6.407923102378845215e-01
6.171833276748657227e-01
6.400352716445922852e-01
6.238833665847778320e-01
6.626674532890319824e-01
6.262602210044860840e-01
6.088618040084838867e-01
6.213552951812744141e-01
6.665897965431213379e-01
6.306374073028564453e-01
6.497836709022521973e-01
6.687271595001220703e-01
6.344857811927795410e-01
6.402212977409362793e-01
6.552492380142211914e-01
7.235056757926940918e-01
6.799755692481994629e-01
6.535066962242126465e-01
6.453176736831665039e-01
6.632105708122253418e-01
