6.955872774124145508e-01
6.949481368064880371e-01
6.956513524055480957e-01
6.931115984916687012e-01
6.939595341682434082e-01
6.930506825447082520e-01
6.943441033363342285e-01
6.935822963714599609e-01
6.930687427520751953e-01
6.939381957054138184e-01
6.932914257049560547e-01
6.954733729362487793e-01
6.925984621047973633e-01
6.932402849197387695e-01
6.928830146789550781e-01
6.934314966201782227e-01
6.931756734848022461e-01
6.929459571838378906e-01
6.930184364318847656e-01
6.943137645721435547e-01
6.929349303245544434e-01
6.932712197303771973e-01
6.928952932357788086e-01
6.926028728485107422e-01
6.924608349800109863e-01
6.937007904052734375e-01
6.923930048942565918e-01
6.938145756721496582e-01
6.945465803146362305e-01
6.940222382545471191e-01
6.921725273132324219e-01
6.915481686592102051e-01
6.922875046730041504e-01
6.927789449691772461e-01
6.926073431968688965e-01
6.911644935607910156e-01
6.945575475692749023e-01
6.913450956344604492e-01
6.921026110649108887e-01
6.935750842094421387e-01
6.949515938758850098e-01
6.912395954132080078e-01
6.967709660530090332e-01
6.948606371879577637e-01
6.933941245079040527e-01
6.933838129043579102e-01
6.915124058723449707e-01
6.933639049530029297e-01
6.943302750587463379e-01
6.925948858261108398e-01
6.916413307189941406e-01
6.924860477447509766e-01
6.928437352180480957e-01
6.930350065231323242e-01
6.931412220001220703e-01
6.927636861801147461e-01
6.923005580902099609e-01
6.922701597213745117e-01
6.931115388870239258e-01
6.917209029197692871e-01
6.928066611289978027e-01
6.919357776641845703e-01
6.919644474983215332e-01
6.928935050964355469e-01
6.926198005676269531e-01
6.944606900215148926e-01
6.934715509414672852e-01
6.926892399787902832e-01
6.917853951454162598e-01
6.932768821716308594e-01
6.915629506111145020e-01
6.918392777442932129e-01
6.938527822494506836e-01
6.928043365478515625e-01
6.934770941734313965e-01
6.923545002937316895e-01
6.913482546806335449e-01
6.916575431823730469e-01
6.926672458648681641e-01
6.936349868774414062e-01
6.926817893981933594e-01
6.920372843742370605e-01
6.919419765472412109e-01
6.933099031448364258e-01
6.926397085189819336e-01
6.905867457389831543e-01
6.913639903068542480e-01
6.912040710449218750e-01
6.929514408111572266e-01
6.930012702941894531e-01
6.891909241676330566e-01
6.912472248077392578e-01
6.892335414886474609e-01
6.902753710746765137e-01
6.921492815017700195e-01
6.912696957588195801e-01
6.908227801322937012e-01
6.902281641960144043e-01
6.881107091903686523e-01
6.907258629798889160e-01
6.882267594337463379e-01
6.953573822975158691e-01
6.920029520988464355e-01
6.978424191474914551e-01
6.914616823196411133e-01
6.897154450416564941e-01
6.897379755973815918e-01
6.917868852615356445e-01
6.900150775909423828e-01
6.901445388793945312e-01
6.938617229461669922e-01
6.955342292785644531e-01
6.867451071739196777e-01
6.900935173034667969e-01
6.892035007476806641e-01
6.888148188591003418e-01
6.873925924301147461e-01
6.896017789840698242e-01
6.913512349128723145e-01
6.882212162017822266e-01
6.845698952674865723e-01
6.940140724182128906e-01
6.852139830589294434e-01
6.898397207260131836e-01
6.837030053138732910e-01
6.892293691635131836e-01
6.877390742301940918e-01
6.858502030372619629e-01
6.884829401969909668e-01
6.926181912422180176e-01
6.891040802001953125e-01
6.884437203407287598e-01
6.820940375328063965e-01
6.884386539459228516e-01
6.859321594238281250e-01
6.859431862831115723e-01
6.880762577056884766e-01
6.890848278999328613e-01
6.870381236076354980e-01
6.882208585739135742e-01
6.808583736419677734e-01
6.838192343711853027e-01
6.801855564117431641e-01
6.794247627258300781e-01
6.797322034835815430e-01
6.798625588417053223e-01
6.823006272315979004e-01
6.775671243667602539e-01
6.767472028732299805e-01
6.858838200569152832e-01
6.775275468826293945e-01
6.890845894813537598e-01
6.815449595451354980e-01
6.916202306747436523e-01
6.807320713996887207e-01
6.893804073333740234e-01
6.780617237091064453e-01
6.822406649589538574e-01
6.809648275375366211e-01
6.896130442619323730e-01
6.809633970260620117e-01
6.861417889595031738e-01
6.843245029449462891e-01
6.837788224220275879e-01
6.867846250534057617e-01
6.877390742301940918e-01
6.852596998214721680e-01
6.830099225044250488e-01
6.764663457870483398e-01
6.773078441619873047e-01
6.749776601791381836e-01
6.859474778175354004e-01
6.822435259819030762e-01
6.624855995178222656e-01
6.783781051635742188e-01
6.846136450767517090e-01
6.743201613426208496e-01
6.769515872001647949e-01
6.781561970710754395e-01
6.717314720153808594e-01
6.751044988632202148e-01
6.738322377204895020e-01
6.709071397781372070e-01
6.684753894805908203e-01
6.735855340957641602e-01
6.817882657051086426e-01
6.777967214584350586e-01
6.736479401588439941e-01
6.734752058982849121e-01
6.695585250854492188e-01
6.771266460418701172e-01
6.778191924095153809e-01
6.809909939765930176e-01
6.775462031364440918e-01
6.793392896652221680e-01
6.874837875366210938e-01
6.659699678421020508e-01
6.581879854202270508e-01
6.675519347190856934e-01
6.700612306594848633e-01
6.732025742530822754e-01
6.691390275955200195e-01
6.664682030677795410e-01
6.623272895812988281e-01
6.676512360572814941e-01
6.675886511802673340e-01
6.675557494163513184e-01
6.805188655853271484e-01
6.769036054611206055e-01
6.755073070526123047e-01
6.808942556381225586e-01
6.753130555152893066e-01
6.647349596023559570e-01
6.643272042274475098e-01
6.632936000823974609e-01
6.713052988052368164e-01
6.832715868949890137e-01
6.879007816314697266e-01
6.914874315261840820e-01
6.728062629699707031e-01
6.702121496200561523e-01
6.770834326744079590e-01
6.657135486602783203e-01
6.839901804924011230e-01
6.728824973106384277e-01
6.685997247695922852e-01
6.674436926841735840e-01
6.684939861297607422e-01
6.669656634330749512e-01
6.640397906303405762e-01
6.593102216720581055e-01
6.695715785026550293e-01
6.663947105407714844e-01
6.696192622184753418e-01
6.523680090904235840e-01
6.669859886169433594e-01
6.846393346786499023e-01
6.404545903205871582e-01
6.658738851547241211e-01
6.706593632698059082e-01
6.692171096801757812e-01
6.794493198394775391e-01
6.714052557945251465e-01
6.626784205436706543e-01
6.726925373077392578e-01
6.661924123764038086e-01
6.760515570640563965e-01
6.680029630661010742e-01
6.628589034080505371e-01
6.676055192947387695e-01
6.752209067344665527e-01
6.542460918426513672e-01
6.665534973144531250e-01
6.726494431495666504e-01
6.439117193222045898e-01
6.562293767929077148e-01
6.736574172973632812e-01
6.753751635551452637e-01
6.664298176765441895e-01
6.598003506660461426e-01
6.633169651031494141e-01
6.613473892211914062e-01
6.633523702621459961e-01
6.593497395515441895e-01
6.631234884262084961e-01
6.631259322166442871e-01
6.671618223190307617e-01
6.583375334739685059e-01
6.557434797286987305e-01
6.670895814895629883e-01
6.535674929618835449e-01
6.617408394813537598e-01
6.583876013755798340e-01
6.791538000106811523e-01
6.521277427673339844e-01
6.722985506057739258e-01
6.706295013427734375e-01
6.590291261672973633e-01
6.687759757041931152e-01
6.655371785163879395e-01
6.539626717567443848e-01
6.497946381568908691e-01
6.564235091209411621e-01
6.528356075286865234e-01
6.681036949157714844e-01
6.589786410331726074e-01
6.691135764122009277e-01
6.623147130012512207e-01
6.515686511993408203e-01
6.545014977455139160e-01
6.470860242843627930e-01
6.691216230392456055e-01
6.629625558853149414e-01
6.526430249214172363e-01
6.593025326728820801e-01
6.564689278602600098e-01
6.624978780746459961e-01
6.563754677772521973e-01
6.570752263069152832e-01
6.517542600631713867e-01
6.619328856468200684e-01
6.570759415626525879e-01
6.639209985733032227e-01
6.536004543304443359e-01
6.566777229309082031e-01
6.659860610961914062e-01
6.529859304428100586e-01
6.574012041091918945e-01
6.425505280494689941e-01
6.384286880493164062e-01
6.473287940025329590e-01
6.451651453971862793e-01
6.515191793441772461e-01
6.531533002853393555e-01
6.490325331687927246e-01
6.358394622802734375e-01
6.683759093284606934e-01
6.569539904594421387e-01
6.627056598663330078e-01
6.494189500808715820e-01
6.562190055847167969e-01
6.622591018676757812e-01
6.320051550865173340e-01
6.435432434082031250e-01
6.535654664039611816e-01
6.554620265960693359e-01
6.670650839805603027e-01
6.469494104385375977e-01
6.669796705245971680e-01
6.507804393768310547e-01
6.437029242515563965e-01
6.524779796600341797e-01
6.462480425834655762e-01
6.585132479667663574e-01
6.558787226676940918e-01
6.487025022506713867e-01
6.340529322624206543e-01
6.384659409523010254e-01
6.493253111839294434e-01
6.431515216827392578e-01
6.506683826446533203e-01
6.381828784942626953e-01
6.396923661231994629e-01
6.534829139709472656e-01
6.525372266769409180e-01
6.258029341697692871e-01
6.420944929122924805e-01
6.559148430824279785e-01
6.459190845489501953e-01
6.288974285125732422e-01
6.304023265838623047e-01
6.789092421531677246e-01
6.916766166687011719e-01
6.672500371932983398e-01
6.572417616844177246e-01
6.453244686126708984e-01
6.443496942520141602e-01
6.508603096008300781e-01
6.599330902099609375e-01
6.562601327896118164e-01
6.586053967475891113e-01
6.600210666656494141e-01
6.602194309234619141e-01
6.577268242835998535e-01
6.475668549537658691e-01
6.587486863136291504e-01
6.418475508689880371e-01
6.440148949623107910e-01
6.444372534751892090e-01
6.594925522804260254e-01
6.555690169334411621e-01
6.364281773567199707e-01
6.404862999916076660e-01
6.361397504806518555e-01
6.470524668693542480e-01
6.329851150512695312e-01
6.461409926414489746e-01
6.414185166358947754e-01
6.408385634422302246e-01
6.498999595642089844e-01
6.312661170959472656e-01
6.474097371101379395e-01
6.786360740661621094e-01
6.590247154235839844e-01
6.490905880928039551e-01
6.464032530784606934e-01
6.526327729225158691e-01
6.414307951927185059e-01
6.565008163452148438e-01
6.391502618789672852e-01
6.581356525421142578e-01
6.687899827957153320e-01
6.412456035614013672e-01
6.465713977813720703e-01
6.349298357963562012e-01
6.315858960151672363e-01
6.537897586822509766e-01
6.698220968246459961e-01
6.438530087471008301e-01
6.244959235191345215e-01
6.387829184532165527e-01
6.470462083816528320e-01
6.240503787994384766e-01
6.643793582916259766e-01
6.250591874122619629e-01
6.441077589988708496e-01
6.335775852203369141e-01
6.466254591941833496e-01
6.464378237724304199e-01
6.353248357772827148e-01
6.402214765548706055e-01
6.462712287902832031e-01
6.348484158515930176e-01
6.532380580902099609e-01
6.588219404220581055e-01
6.481600999832153320e-01
6.530312299728393555e-01
6.557900905609130859e-01
6.499037146568298340e-01
6.543143391609191895e-01
6.363171935081481934e-01
6.220676898956298828e-01
6.227185130119323730e-01
6.485821008682250977e-01
6.532512307167053223e-01
6.253464221954345703e-01
6.333755254745483398e-01
6.395181417465209961e-01
6.409391164779663086e-01
6.361102461814880371e-01
6.314697861671447754e-01
6.455198526382446289e-01
6.380661725997924805e-01
6.393988728523254395e-01
6.335459351539611816e-01
6.440981030464172363e-01
6.318566799163818359e-01
6.317694187164306641e-01
6.497910618782043457e-01
6.171130537986755371e-01
6.431362628936767578e-01
6.409206986427307129e-01
6.306772828102111816e-01
6.456003189086914062e-01
6.488881111145019531e-01
6.503415703773498535e-01
6.508868932723999023e-01
6.379588842391967773e-01
6.296118497848510742e-01
6.529796123504638672e-01
6.298298835754394531e-01
6.302887201309204102e-01
6.328833699226379395e-01
6.462045311927795410e-01
6.060755252838134766e-01
6.189795732498168945e-01
6.438672542572021484e-01
6.284239292144775391e-01
6.234378814697265625e-01
6.285197734832763672e-01
6.799271702766418457e-01
6.411878466606140137e-01
6.517833471298217773e-01
6.638375520706176758e-01
6.374801397323608398e-01
6.460514068603515625e-01
6.303344368934631348e-01
6.328207850456237793e-01
6.419066190719604492e-01
6.205809712409973145e-01
6.497253775596618652e-01
6.497765183448791504e-01
6.370557546615600586e-01
6.389527916908264160e-01
6.384142041206359863e-01
6.420722007751464844e-01
6.348866820335388184e-01
6.177369356155395508e-01
6.397764086723327637e-01
6.290416121482849121e-01
6.400082707405090332e-01
6.404922604560852051e-01
6.227821707725524902e-01
5.885000824928283691e-01
6.395896673202514648e-01
6.613550186157226562e-01
6.129332184791564941e-01
6.351462602615356445e-01
6.567820906639099121e-01
6.324973702430725098e-01
6.485086679458618164e-01
6.379901170730590820e-01
6.833051443099975586e-01
6.459431052207946777e-01
6.499174833297729492e-01
6.508789658546447754e-01
6.459628343582153320e-01
6.320406198501586914e-01
6.469395756721496582e-01
6.401787400245666504e-01
6.611917018890380859e-01
6.453304290771484375e-01
6.400780081748962402e-01
6.638058423995971680e-01
6.261268258094787598e-01
6.181573867797851562e-01
6.399340033531188965e-01
6.586207151412963867e-01
6.247264146804809570e-01
6.419075727462768555e-01
6.246181726455688477e-01
6.249634027481079102e-01
6.277931332588195801e-01
6.411105394363403320e-01
6.060630083084106445e-01
6.277134418487548828e-01
6.136707663536071777e-01
6.555405259132385254e-01
6.170786023139953613e-01
6.429097652435302734e-01
6.579896211624145508e-01
6.578384041786193848e-01
6.228198409080505371e-01
6.586909890174865723e-01
6.464280486106872559e-01
6.393518447875976562e-01
6.412105560302734375e-01
6.475090384483337402e-01
6.263067126274108887e-01
6.310034990310668945e-01
6.418746113777160645e-01
6.248119473457336426e-01
6.471236348152160645e-01
6.418979167938232422e-01
6.138278841972351074e-01
6.295741200447082520e-01
6.322453618049621582e-01
6.321385502815246582e-01
6.230400800704956055e-01
6.187833547592163086e-01
6.491017341613769531e-01
6.174935698509216309e-01
5.993407964706420898e-01
6.271247267723083496e-01
6.266657710075378418e-01
6.024585366249084473e-01
6.355989575386047363e-01
6.079244613647460938e-01
6.493403911590576172e-01
6.144090890884399414e-01
6.333876252174377441e-01
6.267477273941040039e-01
6.236280798912048340e-01
6.122637987136840820e-01
6.558576822280883789e-01
6.279872059822082520e-01
6.341658234596252441e-01
6.117867827415466309e-01
6.440325379371643066e-01
6.423311233520507812e-01
6.041895151138305664e-01
6.269894242286682129e-01
5.892968773841857910e-01
6.270034909248352051e-01
6.327754855155944824e-01
6.275694370269775391e-01
6.031158566474914551e-01
6.513609886169433594e-01
6.025893092155456543e-01
6.159538030624389648e-01
5.825067758560180664e-01
6.102390885353088379e-01
6.006658673286437988e-01
6.723900437355041504e-01
6.295823454856872559e-01
6.315153837203979492e-01
5.799155235290527344e-01
6.247061491012573242e-01
6.468778252601623535e-01
6.052718162536621094e-01
6.054804921150207520e-01
6.190414428710937500e-01
6.259886026382446289e-01
6.369755864143371582e-01
6.201170682907104492e-01
6.375654339790344238e-01
6.645295619964599609e-01
6.360666155815124512e-01
6.437008976936340332e-01
6.458471417427062988e-01
6.920648813247680664e-01
6.247559189796447754e-01
6.234863996505737305e-01
6.406288146972656250e-01
6.109413504600524902e-01
6.250548362731933594e-01
6.202005743980407715e-01
6.241829395294189453e-01
6.107478737831115723e-01
6.124347448348999023e-01
6.489586234092712402e-01
6.563178896903991699e-01
6.311544775962829590e-01
6.165956258773803711e-01
6.139430403709411621e-01
6.233484148979187012e-01
6.566943526268005371e-01
5.814292430877685547e-01
6.000327467918395996e-01
6.684348583221435547e-01
6.154363751411437988e-01
6.286033391952514648e-01
6.426842808723449707e-01
6.328068375587463379e-01
6.277661919593811035e-01
6.016097664833068848e-01
6.077547669410705566e-01
6.291093230247497559e-01
6.352827548980712891e-01
6.165603399276733398e-01
6.322578787803649902e-01
5.963156223297119141e-01
6.103532314300537109e-01
5.949179530143737793e-01
5.719385743141174316e-01
6.325588226318359375e-01
6.302765011787414551e-01
6.126092672348022461e-01
6.114973425865173340e-01
6.433343887329101562e-01
6.400756239891052246e-01
6.284159421920776367e-01
6.310061812400817871e-01
6.210910677909851074e-01
6.329124569892883301e-01
6.497758030891418457e-01
6.032418608665466309e-01
6.208410263061523438e-01
6.159579753875732422e-01
6.971434354782104492e-01
6.457118391990661621e-01
6.240096092224121094e-01
6.489104032516479492e-01
6.160417199134826660e-01
6.317400932312011719e-01
6.792883276939392090e-01
6.231960654258728027e-01
6.274835467338562012e-01
6.124822497367858887e-01
6.347792148590087891e-01
6.042389273643493652e-01
6.294585466384887695e-01
6.346352696418762207e-01
6.287327408790588379e-01
6.294907927513122559e-01
6.172890663146972656e-01
6.256621479988098145e-01
6.213833093643188477e-01
6.254185438156127930e-01
6.127125620841979980e-01
7.082077860832214355e-01
5.803734660148620605e-01
6.079022288322448730e-01
6.333382129669189453e-01
6.190425157546997070e-01
6.190661191940307617e-01
6.336234807968139648e-01
6.446881890296936035e-01
6.405246257781982422e-01
5.972331762313842773e-01
6.010051369667053223e-01
6.115889549255371094e-01
6.233431696891784668e-01
6.027472019195556641e-01
5.924472212791442871e-01
5.964800715446472168e-01
6.164327859878540039e-01
5.971745252609252930e-01
5.753620266914367676e-01
5.950738787651062012e-01
5.863813161849975586e-01
5.746434330940246582e-01
6.726727485656738281e-01
6.158764362335205078e-01
6.502292752265930176e-01
6.100418567657470703e-01
5.997207760810852051e-01
6.065087914466857910e-01
5.861130952835083008e-01
6.002781391143798828e-01
6.119065880775451660e-01
6.303569674491882324e-01
6.345257759094238281e-01
6.227681636810302734e-01
6.504955887794494629e-01
5.980920791625976562e-01
6.070691943168640137e-01
5.976874232292175293e-01
5.987054705619812012e-01
6.399664282798767090e-01
5.810763835906982422e-01
6.418792605400085449e-01
5.856519937515258789e-01
5.886682868003845215e-01
6.291718482971191406e-01
5.892671346664428711e-01
5.950828790664672852e-01
6.398376226425170898e-01
6.442542076110839844e-01
6.336466073989868164e-01
6.179741621017456055e-01
5.875664353370666504e-01
5.769125819206237793e-01
5.814923644065856934e-01
6.451548337936401367e-01
6.106158494949340820e-01
6.341882348060607910e-01
6.037461161613464355e-01
6.367565393447875977e-01
6.356307268142700195e-01
6.280753016471862793e-01
6.635251045227050781e-01
6.157773733139038086e-01
6.476212739944458008e-01
6.251460313796997070e-01
6.286668181419372559e-01
6.169273853302001953e-01
6.460036635398864746e-01
