6.926598548889160156e-01
6.928192377090454102e-01
6.948221921920776367e-01
6.957743763923645020e-01
6.918679475784301758e-01
6.932430267333984375e-01
6.926910877227783203e-01
6.920037269592285156e-01
6.938691139221191406e-01
6.942919492721557617e-01
6.948158144950866699e-01
6.940747499465942383e-01
6.931648850440979004e-01
6.926153302192687988e-01
6.920213103294372559e-01
6.973415613174438477e-01
6.963996887207031250e-01
6.931808590888977051e-01
6.962151527404785156e-01
6.935091614723205566e-01
6.939181089401245117e-01
6.931688785552978516e-01
6.920285224914550781e-01
6.938585638999938965e-01
6.931473612785339355e-01
6.929227113723754883e-01
6.927621364593505859e-01
6.925878524780273438e-01
6.928731799125671387e-01
6.919836401939392090e-01
6.935678124427795410e-01
6.944548487663269043e-01
6.921764016151428223e-01
6.923716664314270020e-01
6.929825544357299805e-01
6.936152577400207520e-01
6.905484199523925781e-01
6.920552253723144531e-01
6.950201392173767090e-01
6.945447325706481934e-01
6.963229775428771973e-01
6.907804012298583984e-01
6.927005052566528320e-01
6.939538121223449707e-01
6.925500631332397461e-01
6.922122836112976074e-01
6.916739940643310547e-01
6.960650086402893066e-01
6.929265260696411133e-01
6.942859292030334473e-01
6.920897364616394043e-01
6.943597793579101562e-01
6.935380101203918457e-01
6.922914385795593262e-01
6.930156350135803223e-01
6.925346851348876953e-01
6.920353770256042480e-01
6.933920979499816895e-01
6.928845047950744629e-01
6.926041245460510254e-01
6.919354796409606934e-01
6.924874186515808105e-01
6.921313405036926270e-01
6.923235654830932617e-01
6.922589540481567383e-01
6.920277476310729980e-01
6.914988756179809570e-01
6.907413005828857422e-01
6.914451718330383301e-01
6.905258893966674805e-01
6.884286403656005859e-01
6.910464167594909668e-01
7.000557184219360352e-01
7.034354209899902344e-01
6.942409276962280273e-01
6.990577578544616699e-01
6.912149786949157715e-01
6.945366263389587402e-01
6.943715214729309082e-01
6.939368844032287598e-01
6.927280426025390625e-01
6.892927289009094238e-01
6.953116655349731445e-01
6.945062279701232910e-01
6.910295486450195312e-01
6.920403242111206055e-01
6.930141448974609375e-01
6.925988793373107910e-01
6.916869282722473145e-01
6.927303075790405273e-01
6.914988160133361816e-01
6.928892731666564941e-01
6.924372315406799316e-01
6.925722956657409668e-01
6.917043924331665039e-01
6.935582756996154785e-01
6.927962899208068848e-01
6.922793984413146973e-01
6.919597387313842773e-01
6.921586394309997559e-01
6.923243403434753418e-01
6.919184327125549316e-01
6.912575960159301758e-01
6.914642453193664551e-01
6.920759677886962891e-01
6.941537857055664062e-01
6.908399462699890137e-01
6.938732266426086426e-01
6.924709081649780273e-01
6.915346980094909668e-01
6.965459585189819336e-01
6.906156539916992188e-01
6.922261118888854980e-01
6.901031136512756348e-01
6.924151182174682617e-01
6.900733709335327148e-01
6.897360682487487793e-01
6.944901943206787109e-01
6.919793486595153809e-01
6.926563978195190430e-01
6.934397220611572266e-01
6.901383996009826660e-01
6.897794604301452637e-01
6.899062395095825195e-01
6.914128661155700684e-01
6.906806230545043945e-01
6.890940666198730469e-01
6.912132501602172852e-01
6.920157670974731445e-01
6.926169991493225098e-01
6.923933029174804688e-01
6.936585903167724609e-01
6.902596354484558105e-01
6.890683174133300781e-01
6.899570226669311523e-01
6.907051801681518555e-01
6.915516257286071777e-01
6.893419027328491211e-01
6.906122565269470215e-01
6.882097125053405762e-01
6.871546506881713867e-01
6.900545954704284668e-01
6.888498663902282715e-01
6.882840991020202637e-01
6.861879825592041016e-01
6.882866621017456055e-01
6.871814727783203125e-01
6.867581009864807129e-01
6.856610178947448730e-01
6.856350898742675781e-01
6.871331334114074707e-01
6.870596408843994141e-01
6.877949237823486328e-01
6.882054805755615234e-01
6.828526854515075684e-01
6.887583136558532715e-01
6.883761286735534668e-01
6.861909627914428711e-01
6.880403161048889160e-01
6.892626881599426270e-01
6.895343661308288574e-01
6.894956231117248535e-01
6.852485537528991699e-01
6.909467577934265137e-01
6.882696747779846191e-01
6.890162229537963867e-01
6.834895014762878418e-01
6.877986192703247070e-01
6.880432367324829102e-01
6.801295876502990723e-01
6.773805618286132812e-01
6.830920577049255371e-01
6.873952746391296387e-01
6.791355013847351074e-01
6.801563501358032227e-01
6.807745099067687988e-01
6.809349060058593750e-01
6.818698048591613770e-01
6.813365817070007324e-01
6.806105375289916992e-01
6.856154799461364746e-01
6.838053464889526367e-01
6.803029775619506836e-01
6.726037263870239258e-01
6.825765371322631836e-01
6.828179955482482910e-01
6.811705231666564941e-01
6.800323724746704102e-01
6.877756118774414062e-01
6.840583682060241699e-01
6.887361407279968262e-01
6.861447691917419434e-01
6.799448728561401367e-01
6.817416548728942871e-01
6.847244501113891602e-01
6.798630356788635254e-01
6.804670691490173340e-01
6.752966642379760742e-01
6.799936890602111816e-01
6.774808168411254883e-01
6.755489706993103027e-01
6.771122217178344727e-01
6.786103844642639160e-01
6.677202582359313965e-01
6.780402064323425293e-01
6.691841483116149902e-01
6.773042678833007812e-01
6.770509481430053711e-01
6.737670302391052246e-01
6.795237660408020020e-01
6.762574911117553711e-01
6.741675734519958496e-01
6.768885850906372070e-01
6.703432202339172363e-01
6.890760064125061035e-01
6.758151054382324219e-01
6.803925633430480957e-01
6.876196861267089844e-01
6.809772253036499023e-01
6.862891316413879395e-01
6.795211434364318848e-01
6.830098032951354980e-01
6.810482740402221680e-01
6.827276349067687988e-01
6.739830374717712402e-01
6.720586419105529785e-01
6.758427619934082031e-01
6.695939302444458008e-01
6.690295934677124023e-01
6.651724576950073242e-01
6.759527921676635742e-01
6.760703921318054199e-01
6.835357546806335449e-01
6.703761816024780273e-01
6.733748912811279297e-01
6.666151285171508789e-01
6.740996837615966797e-01
6.695397496223449707e-01
6.660507321357727051e-01
6.746030449867248535e-01
6.727142333984375000e-01
6.671893000602722168e-01
6.824911236763000488e-01
6.724638938903808594e-01
6.740413308143615723e-01
6.724063158035278320e-01
6.772097349166870117e-01
6.745579838752746582e-01
6.755203604698181152e-01
6.768947243690490723e-01
6.699736118316650391e-01
6.906167268753051758e-01
6.695041060447692871e-01
6.638870239257812500e-01
6.716123223304748535e-01
6.644264459609985352e-01
6.641473770141601562e-01
6.559997200965881348e-01
6.657711863517761230e-01
6.688066124916076660e-01
6.784933209419250488e-01
6.712625026702880859e-01
6.625128984451293945e-01
6.677248477935791016e-01
6.654434800148010254e-01
6.694819331169128418e-01
6.578415632247924805e-01
6.710260510444641113e-01
6.658657193183898926e-01
6.666673421859741211e-01
6.664370894432067871e-01
6.686840653419494629e-01
6.643468737602233887e-01
6.743770241737365723e-01
6.807048916816711426e-01
6.700081229209899902e-01
6.710005402565002441e-01
6.718239784240722656e-01
6.713338494300842285e-01
6.731684803962707520e-01
6.562131643295288086e-01
6.651605963706970215e-01
6.572310924530029297e-01
6.606124043464660645e-01
6.511138081550598145e-01
6.626690626144409180e-01
6.665125489234924316e-01
6.566712856292724609e-01
6.663027405738830566e-01
6.623703837394714355e-01
6.500281691551208496e-01
6.628963947296142578e-01
6.606392860412597656e-01
6.617912054061889648e-01
6.676821112632751465e-01
6.836569309234619141e-01
6.590791940689086914e-01
6.483827233314514160e-01
6.639235615730285645e-01
6.632010340690612793e-01
6.613511443138122559e-01
6.657226681709289551e-01
6.639990806579589844e-01
6.579908728599548340e-01
6.602706909179687500e-01
6.728007197380065918e-01
6.667017936706542969e-01
6.649533510208129883e-01
6.640454530715942383e-01
6.637549400329589844e-01
6.589577794075012207e-01
6.572068333625793457e-01
6.572627425193786621e-01
6.590613722801208496e-01
6.645648479461669922e-01
6.565690636634826660e-01
6.514865756034851074e-01
6.619303226470947266e-01
6.514579653739929199e-01
6.490589380264282227e-01
6.719622611999511719e-01
6.461901664733886719e-01
6.562253236770629883e-01
6.614820361137390137e-01
6.552948951721191406e-01
6.626275777816772461e-01
6.603635549545288086e-01
6.591442227363586426e-01
6.580511927604675293e-01
6.522422432899475098e-01
6.582211852073669434e-01
6.712295413017272949e-01
6.572379469871520996e-01
6.627579331398010254e-01
6.591440439224243164e-01
6.686137318611145020e-01
6.647266149520874023e-01
6.602245569229125977e-01
6.475894451141357422e-01
6.566928625106811523e-01
6.576113700866699219e-01
6.526212096214294434e-01
6.492631435394287109e-01
6.604762673377990723e-01
6.455800533294677734e-01
6.406952142715454102e-01
6.588466167449951172e-01
6.621462106704711914e-01
6.621332168579101562e-01
6.470689773559570312e-01
6.515733599662780762e-01
6.568326950073242188e-01
6.562578678131103516e-01
6.595415472984313965e-01
6.474436521530151367e-01
6.627636551856994629e-01
6.464383006095886230e-01
6.636121273040771484e-01
6.606267690658569336e-01
6.535659432411193848e-01
6.615275144577026367e-01
6.465804576873779297e-01
6.620175838470458984e-01
6.415935158729553223e-01
6.470193266868591309e-01
6.438048481941223145e-01
6.468551754951477051e-01
6.419457197189331055e-01
6.409508585929870605e-01
6.532142162322998047e-01
6.426128745079040527e-01
6.358337402343750000e-01
6.469296813011169434e-01
6.449161767959594727e-01
6.430602669715881348e-01
6.437065005302429199e-01
6.623403429985046387e-01
6.617110967636108398e-01
6.400038003921508789e-01
6.419641375541687012e-01
6.576630473136901855e-01
6.526795029640197754e-01
6.583822965621948242e-01
6.549278497695922852e-01
6.657588481903076172e-01
6.581196784973144531e-01
6.472808718681335449e-01
6.652294993400573730e-01
6.573338508605957031e-01
6.376893520355224609e-01
6.641945242881774902e-01
6.697977781295776367e-01
6.440747976303100586e-01
6.548877358436584473e-01
6.453281641006469727e-01
6.494720578193664551e-01
6.384574174880981445e-01
6.464548707008361816e-01
6.388406753540039062e-01
6.409164071083068848e-01
6.439595222473144531e-01
6.464940309524536133e-01
6.692414879798889160e-01
6.520799994468688965e-01
6.463493704795837402e-01
6.423123478889465332e-01
6.440899968147277832e-01
6.454654932022094727e-01
6.430684328079223633e-01
6.683987975120544434e-01
6.577472090721130371e-01
6.481099128723144531e-01
6.375370025634765625e-01
6.728030443191528320e-01
6.355202198028564453e-01
6.580080389976501465e-01
6.596607565879821777e-01
6.426964402198791504e-01
6.537214517593383789e-01
6.354651451110839844e-01
6.366783380508422852e-01
6.500783562660217285e-01
6.315661668777465820e-01
6.330568194389343262e-01
6.348068714141845703e-01
6.424591541290283203e-01
6.375934481620788574e-01
6.209542751312255859e-01
6.426088809967041016e-01
6.375862360000610352e-01
6.410557627677917480e-01
6.350803375244140625e-01
6.457301378250122070e-01
6.713756918907165527e-01
6.304613947868347168e-01
6.552007198333740234e-01
6.433908343315124512e-01
6.597166061401367188e-01
6.497455835342407227e-01
6.672067642211914062e-01
6.419099569320678711e-01
6.376628875732421875e-01
6.721743345260620117e-01
6.439223289489746094e-01
6.572170853614807129e-01
6.488699913024902344e-01
6.650796532630920410e-01
6.411679983139038086e-01
6.543534994125366211e-01
6.442481875419616699e-01
6.557521820068359375e-01
6.618347167968750000e-01
6.380122900009155273e-01
6.446725726127624512e-01
6.642575860023498535e-01
6.423090696334838867e-01
6.798508167266845703e-01
6.526034474372863770e-01
6.467012763023376465e-01
6.551032066345214844e-01
6.489953994750976562e-01
6.457381248474121094e-01
6.423077583312988281e-01
6.342096924781799316e-01
6.376759409904479980e-01
6.714851856231689453e-01
6.446994543075561523e-01
6.275367140769958496e-01
6.171536445617675781e-01
6.416495442390441895e-01
6.350740790367126465e-01
6.432015299797058105e-01
6.526178121566772461e-01
6.168546080589294434e-01
6.626110672950744629e-01
6.377877593040466309e-01
6.276177167892456055e-01
6.499066352844238281e-01
6.261615157127380371e-01
6.429271101951599121e-01
6.333306431770324707e-01
6.578484177589416504e-01
6.390729546546936035e-01
6.370677351951599121e-01
6.492618918418884277e-01
6.430794000625610352e-01
6.257811784744262695e-01
6.340264081954956055e-01
6.445173025131225586e-01
6.547773480415344238e-01
6.146264076232910156e-01
6.473881602287292480e-01
6.310133337974548340e-01
6.452844142913818359e-01
6.366743445396423340e-01
6.412025690078735352e-01
6.529433131217956543e-01
6.447882652282714844e-01
6.547970771789550781e-01
6.302182674407958984e-01
6.938284039497375488e-01
6.389493942260742188e-01
6.553201079368591309e-01
6.417104005813598633e-01
6.370652914047241211e-01
6.333927512168884277e-01
6.608176231384277344e-01
6.525560617446899414e-01
6.453804373741149902e-01
6.488979458808898926e-01
6.325880289077758789e-01
6.404205560684204102e-01
6.846798658370971680e-01
6.710620522499084473e-01
6.224361658096313477e-01
6.319360136985778809e-01
6.187899112701416016e-01
6.237223148345947266e-01
6.514847874641418457e-01
6.293933391571044922e-01
6.266301870346069336e-01
6.285352110862731934e-01
6.475715637207031250e-01
6.113670468330383301e-01
6.397852301597595215e-01
6.457439661026000977e-01
6.496379971504211426e-01
6.460465788841247559e-01
6.263145804405212402e-01
6.346670389175415039e-01
6.368764042854309082e-01
6.268486976623535156e-01
6.334778666496276855e-01
6.122651100158691406e-01
6.521737575531005859e-01
6.162548065185546875e-01
6.019237041473388672e-01
6.085909008979797363e-01
6.499304175376892090e-01
6.016891598701477051e-01
6.135217547416687012e-01
6.355774402618408203e-01
6.307656168937683105e-01
6.223781108856201172e-01
6.687610745429992676e-01
6.501288414001464844e-01
6.285256147384643555e-01
6.345946788787841797e-01
6.259601712226867676e-01
6.397257447242736816e-01
6.432898640632629395e-01
6.419600248336791992e-01
7.083091735839843750e-01
5.967507958412170410e-01
6.430230736732482910e-01
6.214940547943115234e-01
6.714567542076110840e-01
6.239814758300781250e-01
6.507197618484497070e-01
6.404727697372436523e-01
6.443215608596801758e-01
6.275603771209716797e-01
6.344419717788696289e-01
6.189259290695190430e-01
6.771041154861450195e-01
6.656437516212463379e-01
6.308491826057434082e-01
6.069614291191101074e-01
6.586119532585144043e-01
6.400896906852722168e-01
6.150367856025695801e-01
6.196908950805664062e-01
6.139561533927917480e-01
5.989288687705993652e-01
6.329537630081176758e-01
6.286023259162902832e-01
5.914210081100463867e-01
6.586288213729858398e-01
6.025750637054443359e-01
6.711995601654052734e-01
6.527392268180847168e-01
6.687747836112976074e-01
6.130948066711425781e-01
6.395516395568847656e-01
6.504797935485839844e-01
6.600370407104492188e-01
6.303098797798156738e-01
6.190559864044189453e-01
6.444800496101379395e-01
6.401935815811157227e-01
6.060666441917419434e-01
6.253138184547424316e-01
6.448687314987182617e-01
6.347784399986267090e-01
6.176875233650207520e-01
6.449320316314697266e-01
6.499258875846862793e-01
6.205415725708007812e-01
6.502950787544250488e-01
6.413915157318115234e-01
6.150866746902465820e-01
6.334878206253051758e-01
6.544986963272094727e-01
6.309026479721069336e-01
6.572194099426269531e-01
5.989490151405334473e-01
6.332632899284362793e-01
6.190940141677856445e-01
6.041274070739746094e-01
6.705996990203857422e-01
6.275118589401245117e-01
6.272281408309936523e-01
6.365211606025695801e-01
6.504764556884765625e-01
6.659885048866271973e-01
6.385267376899719238e-01
6.515672206878662109e-01
6.269336938858032227e-01
6.381281018257141113e-01
6.427698135375976562e-01
6.171460151672363281e-01
6.183235645294189453e-01
6.628653407096862793e-01
6.288183927536010742e-01
6.092671155929565430e-01
6.361096501350402832e-01
6.106626987457275391e-01
6.598686575889587402e-01
6.443545818328857422e-01
6.218608617782592773e-01
6.314917802810668945e-01
6.088277101516723633e-01
6.216860413551330566e-01
5.984789133071899414e-01
6.402649283409118652e-01
6.017726659774780273e-01
5.872465372085571289e-01
6.166724562644958496e-01
5.919617414474487305e-01
6.238743066787719727e-01
5.834134221076965332e-01
6.086801290512084961e-01
6.101093888282775879e-01
6.211254596710205078e-01
