6.982892155647277832e-01
6.895857453346252441e-01
6.912660002708435059e-01
6.931061744689941406e-01
6.893298625946044922e-01
6.968206167221069336e-01
6.951408386230468750e-01
6.940859556198120117e-01
6.950113177299499512e-01
6.947814226150512695e-01
6.916631460189819336e-01
6.932823061943054199e-01
6.935826539993286133e-01
6.945127844810485840e-01
6.924965381622314453e-01
6.940252184867858887e-01
6.939615011215209961e-01
6.932647824287414551e-01
6.931540966033935547e-01
6.922107934951782227e-01
6.937698125839233398e-01
6.973981261253356934e-01
6.962483525276184082e-01
6.923434734344482422e-01
6.944493055343627930e-01
6.956982016563415527e-01
6.962610483169555664e-01
6.931368708610534668e-01
6.937513351440429688e-01
6.932609677314758301e-01
6.931449770927429199e-01
6.931932568550109863e-01
6.923254728317260742e-01
6.945405006408691406e-01
6.943818926811218262e-01
6.924108862876892090e-01
6.943394541740417480e-01
6.945010423660278320e-01
6.918352246284484863e-01
6.939579248428344727e-01
6.945285201072692871e-01
6.929230093955993652e-01
6.917545795440673828e-01
6.920084953308105469e-01
6.931810379028320312e-01
6.953232288360595703e-01
6.933448314666748047e-01
6.930441260337829590e-01
6.928951740264892578e-01
6.931800246238708496e-01
6.929909586906433105e-01
6.925807595252990723e-01
6.928649544715881348e-01
6.925931572914123535e-01
6.929373145103454590e-01
6.920599937438964844e-01
6.921649575233459473e-01
6.928081512451171875e-01
6.926509141921997070e-01
6.902951002120971680e-01
6.905153989791870117e-01
6.914769411087036133e-01
6.905872225761413574e-01
6.956134438514709473e-01
6.992263793945312500e-01
6.907220482826232910e-01
6.943122744560241699e-01
6.887422800064086914e-01
6.913298368453979492e-01
6.954202651977539062e-01
7.000724077224731445e-01
6.941232085227966309e-01
6.879300475120544434e-01
6.963301301002502441e-01
6.921637654304504395e-01
6.916227340698242188e-01
6.912513375282287598e-01
6.939404010772705078e-01
6.917659640312194824e-01
6.932728886604309082e-01
6.930244565010070801e-01
6.929509639739990234e-01
6.936866641044616699e-01
6.930010914802551270e-01
6.925710439682006836e-01
6.925984621047973633e-01
6.922857165336608887e-01
6.920432448387145996e-01
6.928235292434692383e-01
6.931526064872741699e-01
6.909445524215698242e-01
6.921604871749877930e-01
6.926763653755187988e-01
6.914854645729064941e-01
6.927109360694885254e-01
6.924513578414916992e-01
6.918078064918518066e-01
6.926412582397460938e-01
6.892548799514770508e-01
6.909157633781433105e-01
6.917255520820617676e-01
6.907253861427307129e-01
6.920599937438964844e-01
6.885560154914855957e-01
6.938480734825134277e-01
6.901913881301879883e-01
6.895090937614440918e-01
6.919704675674438477e-01
6.899315118789672852e-01
6.924844980239868164e-01
6.941411495208740234e-01
6.907463669776916504e-01
6.879569888114929199e-01
6.901918649673461914e-01
6.920175552368164062e-01
6.873360276222229004e-01
6.879934072494506836e-01
6.888324022293090820e-01
6.873909831047058105e-01
6.874526143074035645e-01
6.888643503189086914e-01
6.893844008445739746e-01
6.940774321556091309e-01
6.868541240692138672e-01
6.890925765037536621e-01
6.878392696380615234e-01
6.883411407470703125e-01
6.891150474548339844e-01
6.918473243713378906e-01
6.855568885803222656e-01
6.910535693168640137e-01
6.937904953956604004e-01
6.873443126678466797e-01
6.897131204605102539e-01
6.857811212539672852e-01
6.876814961433410645e-01
6.880191564559936523e-01
6.942948102951049805e-01
6.940557360649108887e-01
6.870277523994445801e-01
6.854898929595947266e-01
6.879221796989440918e-01
6.836479902267456055e-01
6.854396462440490723e-01
6.825728416442871094e-01
6.784294843673706055e-01
6.904178857803344727e-01
6.779505014419555664e-01
6.775779128074645996e-01
6.858653426170349121e-01
6.818308830261230469e-01
6.865190863609313965e-01
6.869252920150756836e-01
6.808837652206420898e-01
6.773737668991088867e-01
6.845778822898864746e-01
6.877138614654541016e-01
6.822233796119689941e-01
6.846567392349243164e-01
6.794568896293640137e-01
6.872343420982360840e-01
6.822746396064758301e-01
6.845589876174926758e-01
6.872309446334838867e-01
6.836275458335876465e-01
6.816459894180297852e-01
6.836873888969421387e-01
6.820351481437683105e-01
6.795576810836791992e-01
6.877898573875427246e-01
6.791717410087585449e-01
6.824865341186523438e-01
6.779890656471252441e-01
6.837171912193298340e-01
6.724597215652465820e-01
6.767315268516540527e-01
6.798416376113891602e-01
6.733809709548950195e-01
6.786376833915710449e-01
6.724979281425476074e-01
6.789441704750061035e-01
6.731797456741333008e-01
6.733458638191223145e-01
6.783859133720397949e-01
6.917367577552795410e-01
6.849780082702636719e-01
6.709856986999511719e-01
6.816440820693969727e-01
6.828892827033996582e-01
6.803280711174011230e-01
6.802079677581787109e-01
6.706270575523376465e-01
6.821675896644592285e-01
6.872820258140563965e-01
6.814078688621520996e-01
6.826209425926208496e-01
6.707367300987243652e-01
6.772894263267517090e-01
6.738498806953430176e-01
6.765089631080627441e-01
6.604508161544799805e-01
6.710290908813476562e-01
6.728720068931579590e-01
6.740009188652038574e-01
6.761786341667175293e-01
6.722952723503112793e-01
6.790094971656799316e-01
6.730995178222656250e-01
6.743406057357788086e-01
6.735379099845886230e-01
6.707456111907958984e-01
6.742446422576904297e-01
6.727003455162048340e-01
6.762678623199462891e-01
6.786558032035827637e-01
6.821724176406860352e-01
6.664991378784179688e-01
6.783803701400756836e-01
6.830635666847229004e-01
6.762553453445434570e-01
6.738187670707702637e-01
6.741247177124023438e-01
6.762493848800659180e-01
6.844993829727172852e-01
6.721935868263244629e-01
6.690470576286315918e-01
6.715481281280517578e-01
6.658013463020324707e-01
6.650386452674865723e-01
6.667817831039428711e-01
6.606949567794799805e-01
6.800457835197448730e-01
6.581780314445495605e-01
6.657766103744506836e-01
6.648259758949279785e-01
6.657568216323852539e-01
6.685104370117187500e-01
6.685030460357666016e-01
6.715850234031677246e-01
6.668038964271545410e-01
6.761849522590637207e-01
6.690905094146728516e-01
6.672807335853576660e-01
6.693050265312194824e-01
6.686408519744873047e-01
6.723066568374633789e-01
6.573299169540405273e-01
6.598817706108093262e-01
6.767300367355346680e-01
6.756812334060668945e-01
6.831845045089721680e-01
6.700052618980407715e-01
6.576460003852844238e-01
6.532973647117614746e-01
6.554931402206420898e-01
6.798391938209533691e-01
6.768028140068054199e-01
6.754444241523742676e-01
6.648057699203491211e-01
6.669507026672363281e-01
6.664509177207946777e-01
6.622935533523559570e-01
6.689963936805725098e-01
6.651311516761779785e-01
6.724689602851867676e-01
6.641664505004882812e-01
6.620013117790222168e-01
6.700565814971923828e-01
6.685007810592651367e-01
6.735864877700805664e-01
6.608286499977111816e-01
6.747755408287048340e-01
6.713438630104064941e-01
6.684651970863342285e-01
6.701851487159729004e-01
6.682268977165222168e-01
6.816449165344238281e-01
6.675762534141540527e-01
6.642464399337768555e-01
6.667044162750244141e-01
6.664244532585144043e-01
6.664554476737976074e-01
6.585475206375122070e-01
6.568182110786437988e-01
6.614910364151000977e-01
6.586068868637084961e-01
6.505659222602844238e-01
6.544674634933471680e-01
6.633141040802001953e-01
6.494375467300415039e-01
6.544733047485351562e-01
6.499179005622863770e-01
6.515519022941589355e-01
6.469774246215820312e-01
6.376408934593200684e-01
6.672224998474121094e-01
6.610783338546752930e-01
6.704998016357421875e-01
6.646594405174255371e-01
6.703692078590393066e-01
6.739054322242736816e-01
6.760889291763305664e-01
6.589519977569580078e-01
6.693601608276367188e-01
6.663271188735961914e-01
6.587891578674316406e-01
6.849510073661804199e-01
6.652680635452270508e-01
6.391068696975708008e-01
6.629108786582946777e-01
6.491886973381042480e-01
6.567522287368774414e-01
6.592715382575988770e-01
6.573837995529174805e-01
6.638818979263305664e-01
6.578494906425476074e-01
6.699314713478088379e-01
6.614919304847717285e-01
6.518872976303100586e-01
6.682980060577392578e-01
6.526866555213928223e-01
6.402094364166259766e-01
6.551276445388793945e-01
6.487023830413818359e-01
6.508051156997680664e-01
6.556745767593383789e-01
6.495208740234375000e-01
6.670696735382080078e-01
6.722624301910400391e-01
6.528605818748474121e-01
6.755581498146057129e-01
6.541657447814941406e-01
6.643394827842712402e-01
6.497002243995666504e-01
6.553207635879516602e-01
6.611562371253967285e-01
6.546698212623596191e-01
6.345375776290893555e-01
6.490932703018188477e-01
6.467599868774414062e-01
6.536005735397338867e-01
6.366791129112243652e-01
6.458698511123657227e-01
6.532582044601440430e-01
6.595422029495239258e-01
6.493372917175292969e-01
6.712235212326049805e-01
6.602784395217895508e-01
6.685321331024169922e-01
6.576021313667297363e-01
6.601834297180175781e-01
6.493967771530151367e-01
6.531316637992858887e-01
6.634084582328796387e-01
6.428156495094299316e-01
6.669577360153198242e-01
6.526382565498352051e-01
6.643183231353759766e-01
6.638621687889099121e-01
6.675755381584167480e-01
6.680058836936950684e-01
6.621309518814086914e-01
6.616661548614501953e-01
6.601457595825195312e-01
6.469376683235168457e-01
6.475954055786132812e-01
6.511291265487670898e-01
6.826912164688110352e-01
6.554906964302062988e-01
6.633263826370239258e-01
6.426519751548767090e-01
6.678097844123840332e-01
6.548995971679687500e-01
6.552150845527648926e-01
6.635388731956481934e-01
6.531357169151306152e-01
6.564544439315795898e-01
6.533066630363464355e-01
6.471687555313110352e-01
6.618465185165405273e-01
6.642749905586242676e-01
6.547414660453796387e-01
6.488761305809020996e-01
6.618534922599792480e-01
6.533964276313781738e-01
6.507687568664550781e-01
6.668648123741149902e-01
6.541703939437866211e-01
6.624721288681030273e-01
6.563633084297180176e-01
6.731028556823730469e-01
6.667836904525756836e-01
6.335279345512390137e-01
6.719757318496704102e-01
6.503911018371582031e-01
6.570771932601928711e-01
6.483705639839172363e-01
6.496846079826354980e-01
6.461883783340454102e-01
6.604906320571899414e-01
6.573828458786010742e-01
6.461787223815917969e-01
6.611515879631042480e-01
6.580038666725158691e-01
6.472194790840148926e-01
6.526104211807250977e-01
6.611685752868652344e-01
6.747235655784606934e-01
6.807910203933715820e-01
6.620724201202392578e-01
6.469885706901550293e-01
6.626921296119689941e-01
6.526449322700500488e-01
6.567432880401611328e-01
6.717246174812316895e-01
6.380844712257385254e-01
6.586863398551940918e-01
6.465059518814086914e-01
6.530538797378540039e-01
6.422565579414367676e-01
6.360597014427185059e-01
6.406788229942321777e-01
6.491412520408630371e-01
6.928101778030395508e-01
6.221273541450500488e-01
6.367107033729553223e-01
6.617552638053894043e-01
6.461890339851379395e-01
6.513357758522033691e-01
6.461009979248046875e-01
6.408002376556396484e-01
6.403912901878356934e-01
6.503900289535522461e-01
6.874799132347106934e-01
6.415627598762512207e-01
6.392771005630493164e-01
6.432105302810668945e-01
6.556959748268127441e-01
6.551921963691711426e-01
6.538433432579040527e-01
6.460476517677307129e-01
6.551679968833923340e-01
6.414793133735656738e-01
6.355329751968383789e-01
6.355080008506774902e-01
6.568187475204467773e-01
6.602532267570495605e-01
6.621938347816467285e-01
6.481792926788330078e-01
6.464440822601318359e-01
6.340461969375610352e-01
6.397484540939331055e-01
6.296222805976867676e-01
6.403544545173645020e-01
6.581203341484069824e-01
6.684792637825012207e-01
6.490179300308227539e-01
6.464648842811584473e-01
6.273481845855712891e-01
6.665529012680053711e-01
7.035965323448181152e-01
6.466772556304931641e-01
6.582212448120117188e-01
6.550426483154296875e-01
6.724412441253662109e-01
6.591500639915466309e-01
6.659693121910095215e-01
6.699537634849548340e-01
6.586718559265136719e-01
6.390275359153747559e-01
6.620435714721679688e-01
6.579620838165283203e-01
6.455988883972167969e-01
6.773931384086608887e-01
6.510942578315734863e-01
6.646296977996826172e-01
6.491795778274536133e-01
6.426392793655395508e-01
6.530258059501647949e-01
6.287537813186645508e-01
6.571785211563110352e-01
6.428520679473876953e-01
6.474643349647521973e-01
6.389163136482238770e-01
6.398921608924865723e-01
6.226518750190734863e-01
6.461408734321594238e-01
6.461808681488037109e-01
6.258681416511535645e-01
6.922580599784851074e-01
6.485889554023742676e-01
6.405344605445861816e-01
6.619048118591308594e-01
6.420639157295227051e-01
6.560568213462829590e-01
6.588757634162902832e-01
6.391648650169372559e-01
6.392390131950378418e-01
6.808705925941467285e-01
6.604453921318054199e-01
6.621121168136596680e-01
6.571381092071533203e-01
6.507642269134521484e-01
6.494788527488708496e-01
6.288447976112365723e-01
6.238750219345092773e-01
6.298345923423767090e-01
6.960322260856628418e-01
6.689018011093139648e-01
6.432442665100097656e-01
6.639117002487182617e-01
6.387323737144470215e-01
6.557294130325317383e-01
6.549890041351318359e-01
6.550072431564331055e-01
6.467719078063964844e-01
6.540586352348327637e-01
6.797329187393188477e-01
6.422442793846130371e-01
6.652888655662536621e-01
6.387522220611572266e-01
6.314442157745361328e-01
6.120084524154663086e-01
6.435654759407043457e-01
6.457006931304931641e-01
6.781547069549560547e-01
6.579898595809936523e-01
6.386672854423522949e-01
6.551249623298645020e-01
6.569696068763732910e-01
6.354660987854003906e-01
6.422127485275268555e-01
6.342176795005798340e-01
6.471182107925415039e-01
6.279595494270324707e-01
6.376069188117980957e-01
6.338379979133605957e-01
6.194785833358764648e-01
6.399124860763549805e-01
6.399788260459899902e-01
6.340505480766296387e-01
6.574501991271972656e-01
6.337163448333740234e-01
6.406860351562500000e-01
6.430695056915283203e-01
6.538275480270385742e-01
6.592668890953063965e-01
6.474689841270446777e-01
6.360179781913757324e-01
6.470683813095092773e-01
6.320276260375976562e-01
6.532216072082519531e-01
6.411979198455810547e-01
6.262670755386352539e-01
6.334403753280639648e-01
6.960500478744506836e-01
6.347272992134094238e-01
6.657478213310241699e-01
6.391700506210327148e-01
6.438386440277099609e-01
6.415665745735168457e-01
6.503685712814331055e-01
7.117130160331726074e-01
6.437255740165710449e-01
6.362934708595275879e-01
6.375591754913330078e-01
6.346790790557861328e-01
6.578019261360168457e-01
6.401901841163635254e-01
6.224924325942993164e-01
6.348185539245605469e-01
6.116858124732971191e-01
6.813338994979858398e-01
6.265143752098083496e-01
6.722594499588012695e-01
6.286179423332214355e-01
6.273531913757324219e-01
6.501621007919311523e-01
6.214574575424194336e-01
6.483036279678344727e-01
6.558347940444946289e-01
6.857010126113891602e-01
6.364822983741760254e-01
6.666101813316345215e-01
6.375356316566467285e-01
6.393386721611022949e-01
6.244220137596130371e-01
6.185719370841979980e-01
6.462423801422119141e-01
6.189389824867248535e-01
6.099010109901428223e-01
6.112185120582580566e-01
6.329327821731567383e-01
6.414034366607666016e-01
6.466643214225769043e-01
6.338210701942443848e-01
6.355277895927429199e-01
6.463983654975891113e-01
6.280072331428527832e-01
6.364937424659729004e-01
6.661790609359741211e-01
6.496502161026000977e-01
6.477592587471008301e-01
6.557003855705261230e-01
6.734195947647094727e-01
6.525385975837707520e-01
6.598991155624389648e-01
6.337088942527770996e-01
6.483407020568847656e-01
6.534471511840820312e-01
6.558561921119689941e-01
7.064305543899536133e-01
6.602166891098022461e-01
6.538666486740112305e-01
6.526642441749572754e-01
6.294513940811157227e-01
6.551310420036315918e-01
6.433530449867248535e-01
6.361653804779052734e-01
6.208629608154296875e-01
6.283942461013793945e-01
6.125572919845581055e-01
6.176848411560058594e-01
6.960132718086242676e-01
6.185917258262634277e-01
6.084352135658264160e-01
6.244058012962341309e-01
6.274015903472900391e-01
6.373284459114074707e-01
6.279348134994506836e-01
5.995438098907470703e-01
6.404777765274047852e-01
6.341596841812133789e-01
6.261680126190185547e-01
7.569958567619323730e-01
6.553966999053955078e-01
6.443003416061401367e-01
6.518383622169494629e-01
6.475927233695983887e-01
6.352661848068237305e-01
6.476308703422546387e-01
6.219961643218994141e-01
6.382753849029541016e-01
6.303281188011169434e-01
6.726551055908203125e-01
6.420621871948242188e-01
6.687660813331604004e-01
6.705331802368164062e-01
6.209039092063903809e-01
6.257240772247314453e-01
6.194488406181335449e-01
6.279675364494323730e-01
6.350666880607604980e-01
6.372362375259399414e-01
6.584984660148620605e-01
6.233211755752563477e-01
6.475540995597839355e-01
6.704816818237304688e-01
6.355378031730651855e-01
6.136087179183959961e-01
6.587240695953369141e-01
6.442165374755859375e-01
6.310521364212036133e-01
6.179527640342712402e-01
7.029645442962646484e-01
6.365649104118347168e-01
6.493948698043823242e-01
6.359125971794128418e-01
6.403110027313232422e-01
6.685995459556579590e-01
6.354007720947265625e-01
6.676167845726013184e-01
6.310111880302429199e-01
6.394427418708801270e-01
6.370843052864074707e-01
6.310166120529174805e-01
6.282854080200195312e-01
6.210780143737792969e-01
6.552575230598449707e-01
6.346288919448852539e-01
6.393929123878479004e-01
6.454386115074157715e-01
5.930705070495605469e-01
5.916867852210998535e-01
6.430094242095947266e-01
6.112794876098632812e-01
6.332428455352783203e-01
6.169575452804565430e-01
6.085079312324523926e-01
6.236964464187622070e-01
6.120291948318481445e-01
6.711133718490600586e-01
6.282733678817749023e-01
6.358906626701354980e-01
6.172584891319274902e-01
6.242414712905883789e-01
6.395695805549621582e-01
6.436126828193664551e-01
6.448199152946472168e-01
7.417182922363281250e-01
6.623683571815490723e-01
5.993067026138305664e-01
6.798052191734313965e-01
6.216734647750854492e-01
6.436119079589843750e-01
6.275191307067871094e-01
6.426551342010498047e-01
6.510158777236938477e-01
6.637870669364929199e-01
6.601328849792480469e-01
6.303825974464416504e-01
6.729239225387573242e-01
6.112762093544006348e-01
6.401342749595642090e-01
6.353666782379150391e-01
6.528661847114562988e-01
6.473349332809448242e-01
6.484791040420532227e-01
6.764892339706420898e-01
6.473341584205627441e-01
6.552451252937316895e-01
6.385630965232849121e-01
6.343801617622375488e-01
6.545692682266235352e-01
6.277588605880737305e-01
6.476780176162719727e-01
6.464721560478210449e-01
6.393372416496276855e-01
6.275822520256042480e-01
6.117185950279235840e-01
6.636332869529724121e-01
6.173964142799377441e-01
6.088814139366149902e-01
6.176105737686157227e-01
6.349287033081054688e-01
6.084658503532409668e-01
6.466700434684753418e-01
6.222729682922363281e-01
6.460617780685424805e-01
6.333393454551696777e-01
6.156432032585144043e-01
6.132154464721679688e-01
6.333372592926025391e-01
6.264001727104187012e-01
6.035559177398681641e-01
6.266521215438842773e-01
7.054781913757324219e-01
6.272664070129394531e-01
5.995076894760131836e-01
5.894369482994079590e-01
7.664591670036315918e-01
6.136291027069091797e-01
6.615264415740966797e-01
6.522272229194641113e-01
6.310342550277709961e-01
6.401557922363281250e-01
6.310344338417053223e-01
6.357876062393188477e-01
6.107287406921386719e-01
6.247377991676330566e-01
6.298632621765136719e-01
6.680790185928344727e-01
6.415438055992126465e-01
6.221515536308288574e-01
6.413662433624267578e-01
6.362895369529724121e-01
6.209275126457214355e-01
6.208698153495788574e-01
6.283350586891174316e-01
6.458477377891540527e-01
6.320172548294067383e-01
6.458393931388854980e-01
6.099833250045776367e-01
6.629000902175903320e-01
6.391781568527221680e-01
6.325676441192626953e-01
5.920593738555908203e-01
6.554319858551025391e-01
6.113811731338500977e-01
6.219466924667358398e-01
6.468915939331054688e-01
6.306058168411254883e-01
6.445100903511047363e-01
6.247564554214477539e-01
6.074060797691345215e-01
5.927556157112121582e-01
6.674619913101196289e-01
6.326537728309631348e-01
5.811958909034729004e-01
5.985269546508789062e-01
6.078791618347167969e-01
6.463817358016967773e-01
6.239930391311645508e-01
6.832432150840759277e-01
6.217889785766601562e-01
6.271291971206665039e-01
6.364678144454956055e-01
6.080350279808044434e-01
6.073058843612670898e-01
6.356254816055297852e-01
6.369584202766418457e-01
6.131218075752258301e-01
6.971170306205749512e-01
6.468367576599121094e-01
6.665233969688415527e-01
6.306227445602416992e-01
6.511535644531250000e-01
6.598744392395019531e-01
6.622930169105529785e-01
6.658738851547241211e-01
6.537718176841735840e-01
6.523923277854919434e-01
6.568647027015686035e-01
6.353732943534851074e-01
6.401898264884948730e-01
6.404819488525390625e-01
6.530048251152038574e-01
6.225956678390502930e-01
6.303974390029907227e-01
6.583552360534667969e-01
6.079881787300109863e-01
6.545249819755554199e-01
6.337715983390808105e-01
6.170570850372314453e-01
6.462588906288146973e-01
6.493824720382690430e-01
7.656590938568115234e-01
6.571493744850158691e-01
6.506609916687011719e-01
6.410580873489379883e-01
6.565545797348022461e-01
6.498192548751831055e-01
6.476961374282836914e-01
6.503795385360717773e-01
6.545483469963073730e-01
6.442205309867858887e-01
6.409665346145629883e-01
6.430605053901672363e-01
6.218184232711791992e-01
6.653447151184082031e-01
6.286435723304748535e-01
6.543455123901367188e-01
6.235240101814270020e-01
6.503942608833312988e-01
6.172323226928710938e-01
6.166943907737731934e-01
6.708863973617553711e-01
6.222848892211914062e-01
6.316675543785095215e-01
6.337143778800964355e-01
6.481663584709167480e-01
6.119756102561950684e-01
6.061618328094482422e-01
6.184561848640441895e-01
6.410977840423583984e-01
6.121868491172790527e-01
6.380646824836730957e-01
6.043479442596435547e-01
6.595874428749084473e-01
6.379278302192687988e-01
6.180731654167175293e-01
6.085219383239746094e-01
6.896664500236511230e-01
6.131997704505920410e-01
6.232248544692993164e-01
6.195004582405090332e-01
6.386383175849914551e-01
6.393288969993591309e-01
6.444164514541625977e-01
6.385437846183776855e-01
6.481023430824279785e-01
6.276071667671203613e-01
6.060262918472290039e-01
6.264183521270751953e-01
6.138531565666198730e-01
6.697193384170532227e-01
6.112868785858154297e-01
6.167038083076477051e-01
6.204543709754943848e-01
6.293400526046752930e-01
6.346225738525390625e-01
6.759903430938720703e-01
6.935722231864929199e-01
6.166819334030151367e-01
6.097744107246398926e-01
6.292486190795898438e-01
6.460077166557312012e-01
6.074820756912231445e-01
6.164366006851196289e-01
6.418903470039367676e-01
6.288673281669616699e-01
6.325221061706542969e-01
6.070367097854614258e-01
6.211529374122619629e-01
5.800553560256958008e-01
6.156077384948730469e-01
6.953080296516418457e-01
6.354497671127319336e-01
6.321626901626586914e-01
6.003737449645996094e-01
6.364984512329101562e-01
6.307121515274047852e-01
6.429650783538818359e-01
6.109534502029418945e-01
6.729257106781005859e-01
6.102780103683471680e-01
6.333008408546447754e-01
6.310976147651672363e-01
6.050089597702026367e-01
6.090134978294372559e-01
6.067841649055480957e-01
5.765967965126037598e-01
6.271275281906127930e-01
6.017385125160217285e-01
6.407090425491333008e-01
6.278570890426635742e-01
6.222252249717712402e-01
6.146797537803649902e-01
6.204636693000793457e-01
6.041471958160400391e-01
6.001830697059631348e-01
6.325464844703674316e-01
6.088622212409973145e-01
6.298238039016723633e-01
5.907092094421386719e-01
6.025937199592590332e-01
5.950574874877929688e-01
5.647464394569396973e-01
5.978852510452270508e-01
6.294857263565063477e-01
7.187622785568237305e-01
6.082300543785095215e-01
6.134814620018005371e-01
6.027849912643432617e-01
5.878226161003112793e-01
6.081928014755249023e-01
6.197035908699035645e-01
6.334652304649353027e-01
8.554350137710571289e-01
6.729858517646789551e-01
6.543648242950439453e-01
6.674517989158630371e-01
6.247817873954772949e-01
6.603702306747436523e-01
6.300539970397949219e-01
6.645122766494750977e-01
6.571587324142456055e-01
6.732969880104064941e-01
6.334149241447448730e-01
6.688282489776611328e-01
6.585774421691894531e-01
6.419852375984191895e-01
6.593463420867919922e-01
6.426133513450622559e-01
6.549541950225830078e-01
6.402592658996582031e-01
6.866403818130493164e-01
6.298900842666625977e-01
6.459887623786926270e-01
6.374865174293518066e-01
6.262919306755065918e-01
6.416971683502197266e-01
6.430699825286865234e-01
6.268686056137084961e-01
6.182637214660644531e-01
6.739786863327026367e-01
6.728399395942687988e-01
6.270993947982788086e-01
6.225602626800537109e-01
6.369778513908386230e-01
6.217555999755859375e-01
6.245442628860473633e-01
6.476667523384094238e-01
6.406098604202270508e-01
6.283051967620849609e-01
6.266859769821166992e-01
6.735130548477172852e-01
6.104766726493835449e-01
6.061509847640991211e-01
6.249920725822448730e-01
6.049026250839233398e-01
6.124222874641418457e-01
6.490352749824523926e-01
6.296154856681823730e-01
5.800436735153198242e-01
6.156833171844482422e-01
6.113092899322509766e-01
6.295603513717651367e-01
6.660153865814208984e-01
6.454948186874389648e-01
6.313969492912292480e-01
6.350311636924743652e-01
6.065758466720581055e-01
6.200981140136718750e-01
6.387038826942443848e-01
6.174722909927368164e-01
5.990657806396484375e-01
6.254549026489257812e-01
6.135391592979431152e-01
6.187158226966857910e-01
6.001224517822265625e-01
6.276873350143432617e-01
5.986865162849426270e-01
6.206749677658081055e-01
6.368247270584106445e-01
6.934403777122497559e-01
5.995540618896484375e-01
6.597532629966735840e-01
6.019071340560913086e-01
6.175810098648071289e-01
6.200914382934570312e-01
6.350285410881042480e-01
6.238623857498168945e-01
6.321496963500976562e-01
6.080080866813659668e-01
6.344309449195861816e-01
6.712662577629089355e-01
6.171258091926574707e-01
6.205923557281494141e-01
6.280491352081298828e-01
6.195265650749206543e-01
6.325696706771850586e-01
6.381696462631225586e-01
6.248325705528259277e-01
6.244294643402099609e-01
6.360599398612976074e-01
6.159852743148803711e-01
6.288523077964782715e-01
6.328274011611938477e-01
6.179577708244323730e-01
6.235743761062622070e-01
6.089611649513244629e-01
6.070303320884704590e-01
5.961418747901916504e-01
7.160542607307434082e-01
6.279850006103515625e-01
6.004524230957031250e-01
6.218053698539733887e-01
6.575732827186584473e-01
5.928956866264343262e-01
6.217000484466552734e-01
6.055790185928344727e-01
6.289920806884765625e-01
6.006119847297668457e-01
6.152274608612060547e-01
6.217236518859863281e-01
6.629611253738403320e-01
6.228854060173034668e-01
6.298175454139709473e-01
6.296090483665466309e-01
6.275225877761840820e-01
6.152737736701965332e-01
6.383718252182006836e-01
6.297818422317504883e-01
6.277675628662109375e-01
6.309014558792114258e-01
6.128639578819274902e-01
6.272088289260864258e-01
6.165521144866943359e-01
6.544533967971801758e-01
6.873265504837036133e-01
6.299772262573242188e-01
6.488691568374633789e-01
6.575360298156738281e-01
6.591577529907226562e-01
6.208203434944152832e-01
6.451658606529235840e-01
6.240582466125488281e-01
6.382439136505126953e-01
6.287600994110107422e-01
6.161389946937561035e-01
6.856964230537414551e-01
6.290799975395202637e-01
6.233814358711242676e-01
6.350185871124267578e-01
6.177725195884704590e-01
5.938638448715209961e-01
6.401109099388122559e-01
7.045010328292846680e-01
6.430773138999938965e-01
6.418811082839965820e-01
6.224994063377380371e-01
6.155487298965454102e-01
6.161704063415527344e-01
6.323451995849609375e-01
6.214970350265502930e-01
6.137399077415466309e-01
6.171230077743530273e-01
6.309065222740173340e-01
6.490630507469177246e-01
5.980514883995056152e-01
6.795750856399536133e-01
6.574595570564270020e-01
6.038904786109924316e-01
5.944907069206237793e-01
6.004624962806701660e-01
5.920957922935485840e-01
6.063664555549621582e-01
5.976288914680480957e-01
6.065926551818847656e-01
6.063627600669860840e-01
6.255186200141906738e-01
5.907464027404785156e-01
6.100972294807434082e-01
6.076750755310058594e-01
6.086990237236022949e-01
6.833744049072265625e-01
6.432558894157409668e-01
5.649202466011047363e-01
6.125512123107910156e-01
6.276222467422485352e-01
6.194263100624084473e-01
6.368205547332763672e-01
6.099889874458312988e-01
6.323640942573547363e-01
5.908399820327758789e-01
6.147541403770446777e-01
6.163375973701477051e-01
6.158877015113830566e-01
5.638611316680908203e-01
5.971573591232299805e-01
5.981107950210571289e-01
5.663321614265441895e-01
5.899348855018615723e-01
6.617304086685180664e-01
5.877093672752380371e-01
5.719452500343322754e-01
5.852901339530944824e-01
6.016583442687988281e-01
5.924402475357055664e-01
5.679107904434204102e-01
5.812514424324035645e-01
5.793018341064453125e-01
6.001530885696411133e-01
6.177302002906799316e-01
5.748471021652221680e-01
5.898534059524536133e-01
6.374759078025817871e-01
6.481119394302368164e-01
6.465781927108764648e-01
6.500380635261535645e-01
6.076429486274719238e-01
6.289862990379333496e-01
6.185481548309326172e-01
6.381329298019409180e-01
6.429755687713623047e-01
6.431592702865600586e-01
6.315463781356811523e-01
6.161408424377441406e-01
6.438900232315063477e-01
6.415013670921325684e-01
6.102389693260192871e-01
6.091330647468566895e-01
6.281523704528808594e-01
6.265920400619506836e-01
6.012858152389526367e-01
7.570130825042724609e-01
5.854771137237548828e-01
6.271196007728576660e-01
6.053183078765869141e-01
6.145138144493103027e-01
6.168465018272399902e-01
6.113805174827575684e-01
6.215946674346923828e-01
6.583629846572875977e-01
6.521039009094238281e-01
6.660429239273071289e-01
6.294507980346679688e-01
6.091580390930175781e-01
6.214054822921752930e-01
6.188129782676696777e-01
6.325680017471313477e-01
7.103689312934875488e-01
6.230224370956420898e-01
6.147806644439697266e-01
6.424413323402404785e-01
