6.948503851890563965e-01
6.973869800567626953e-01
6.946358680725097656e-01
6.928946375846862793e-01
6.931422352790832520e-01
6.926979422569274902e-01
6.946037411689758301e-01
6.949229240417480469e-01
6.953820586204528809e-01
6.932846307754516602e-01
6.931498646736145020e-01
6.927191615104675293e-01
6.942574381828308105e-01
6.955218911170959473e-01
6.950720548629760742e-01
6.931043267250061035e-01
6.941939592361450195e-01
6.951562762260437012e-01
6.933010816574096680e-01
6.935814023017883301e-01
6.934179067611694336e-01
6.933550834655761719e-01
6.930434107780456543e-01
6.932815909385681152e-01
6.930664181709289551e-01
6.928778290748596191e-01
6.951904296875000000e-01
6.932991743087768555e-01
6.924057006835937500e-01
6.914924383163452148e-01
6.939932703971862793e-01
6.944139599800109863e-01
6.939464211463928223e-01
6.919919252395629883e-01
6.922828555107116699e-01
6.920058727264404297e-01
6.929932236671447754e-01
6.937249898910522461e-01
6.922519803047180176e-01
6.934397220611572266e-01
6.934123635292053223e-01
6.936098337173461914e-01
6.957370638847351074e-01
6.942538619041442871e-01
6.942656040191650391e-01
6.914445757865905762e-01
6.931154131889343262e-01
6.927149891853332520e-01
6.928420066833496094e-01
6.931727528572082520e-01
6.922912001609802246e-01
6.940759420394897461e-01
6.925674676895141602e-01
6.924861669540405273e-01
6.928237676620483398e-01
6.931656002998352051e-01
6.921693086624145508e-01
6.939147710800170898e-01
6.912568211555480957e-01
6.937296390533447266e-01
6.922498345375061035e-01
6.935357451438903809e-01
6.926541924476623535e-01
6.912667751312255859e-01
6.914629340171813965e-01
6.934185028076171875e-01
6.940768361091613770e-01
6.913642287254333496e-01
6.948318481445312500e-01
6.921651363372802734e-01
6.937630772590637207e-01
6.938626766204833984e-01
6.935569643974304199e-01
6.926546692848205566e-01
6.929177641868591309e-01
6.924834847450256348e-01
6.928526759147644043e-01
6.931548714637756348e-01
6.927642822265625000e-01
6.927626729011535645e-01
6.920012831687927246e-01
6.934355497360229492e-01
6.926556229591369629e-01
6.927273869514465332e-01
6.914585828781127930e-01
6.935526728630065918e-01
6.903865933418273926e-01
6.920658349990844727e-01
6.936660408973693848e-01
6.896847486495971680e-01
6.919782757759094238e-01
6.901403069496154785e-01
6.905121207237243652e-01
6.915135383605957031e-01
6.893000602722167969e-01
6.892036199569702148e-01
6.888527870178222656e-01
6.886329054832458496e-01
6.941349506378173828e-01
6.874738335609436035e-01
6.930590867996215820e-01
6.953064203262329102e-01
6.897013187408447266e-01
6.947086453437805176e-01
6.920006275177001953e-01
6.909231543540954590e-01
6.913058161735534668e-01
6.905598044395446777e-01
6.929579377174377441e-01
6.926097273826599121e-01
6.934690475463867188e-01
6.944617629051208496e-01
6.902447342872619629e-01
6.892099976539611816e-01
6.909390687942504883e-01
6.896913647651672363e-01
6.891702413558959961e-01
6.884048581123352051e-01
6.887493133544921875e-01
6.895968914031982422e-01
6.943191289901733398e-01
6.833339333534240723e-01
6.843813061714172363e-01
6.960382461547851562e-01
6.965326070785522461e-01
6.905819773674011230e-01
6.821133494377136230e-01
6.856734156608581543e-01
6.850792169570922852e-01
6.858696341514587402e-01
6.853646636009216309e-01
6.875260472297668457e-01
7.008871436119079590e-01
6.866931319236755371e-01
6.930424571037292480e-01
6.894189119338989258e-01
6.892788410186767578e-01
6.895902752876281738e-01
6.875684857368469238e-01
6.877191662788391113e-01
6.876248717308044434e-01
6.858893036842346191e-01
6.845323443412780762e-01
6.839951872825622559e-01
6.837792992591857910e-01
6.805357336997985840e-01
6.865227818489074707e-01
6.822955012321472168e-01
6.834822297096252441e-01
6.803095340728759766e-01
6.781685948371887207e-01
6.874296069145202637e-01
6.857429146766662598e-01
6.901760697364807129e-01
6.923738718032836914e-01
6.852581501007080078e-01
6.804704666137695312e-01
6.928542256355285645e-01
6.957297921180725098e-01
6.847587823867797852e-01
6.800439357757568359e-01
6.905155181884765625e-01
6.862397193908691406e-01
6.844239830970764160e-01
6.880314350128173828e-01
6.857765316963195801e-01
6.802053451538085938e-01
6.813110709190368652e-01
6.777537465095520020e-01
6.959728598594665527e-01
6.790238022804260254e-01
6.800171136856079102e-01
6.788685321807861328e-01
6.784020066261291504e-01
6.758792996406555176e-01
6.784480810165405273e-01
6.761774420738220215e-01
6.768372058868408203e-01
6.773176193237304688e-01
6.820596456527709961e-01
6.745180487632751465e-01
6.815129518508911133e-01
6.742720603942871094e-01
6.768459081649780273e-01
6.720981597900390625e-01
6.795504093170166016e-01
6.724430322647094727e-01
6.807790994644165039e-01
6.791071295738220215e-01
6.713641881942749023e-01
6.828787326812744141e-01
6.888901591300964355e-01
6.846976280212402344e-01
6.828688383102416992e-01
6.828373670578002930e-01
6.830214858055114746e-01
6.737994551658630371e-01
6.667505502700805664e-01
6.707962155342102051e-01
6.760302186012268066e-01
6.787054538726806641e-01
6.766624450683593750e-01
6.942889094352722168e-01
6.690132021903991699e-01
6.792240142822265625e-01
6.784670352935791016e-01
6.659834384918212891e-01
6.732919812202453613e-01
6.781166791915893555e-01
6.702767014503479004e-01
6.722140908241271973e-01
6.659858822822570801e-01
6.617034077644348145e-01
6.767810583114624023e-01
6.751390695571899414e-01
6.794925928115844727e-01
6.705255508422851562e-01
6.773863434791564941e-01
6.827063560485839844e-01
6.816921830177307129e-01
6.675816178321838379e-01
6.796160340309143066e-01
6.723590493202209473e-01
6.847194433212280273e-01
6.636482477188110352e-01
6.721054315567016602e-01
6.630811095237731934e-01
6.654459834098815918e-01
6.685410141944885254e-01
6.652141809463500977e-01
6.596366167068481445e-01
6.724868416786193848e-01
6.655756235122680664e-01
6.697613596916198730e-01
6.693800687789916992e-01
6.701797842979431152e-01
6.695915460586547852e-01
6.632772088050842285e-01
6.645718216896057129e-01
6.737139821052551270e-01
6.736069917678833008e-01
6.692306995391845703e-01
6.769319176673889160e-01
6.689170598983764648e-01
6.767829656600952148e-01
6.782805323600769043e-01
6.777012944221496582e-01
6.717084646224975586e-01
6.732764840126037598e-01
6.708993315696716309e-01
6.743575930595397949e-01
6.713436841964721680e-01
6.582679748535156250e-01
6.695155501365661621e-01
6.552178859710693359e-01
6.642674207687377930e-01
6.608018875122070312e-01
6.683247089385986328e-01
6.558803319931030273e-01
6.587102413177490234e-01
6.599262356758117676e-01
6.573145389556884766e-01
6.643664836883544922e-01
6.611319184303283691e-01
6.717965602874755859e-01
6.583135724067687988e-01
6.603468656539916992e-01
6.638936400413513184e-01
6.621119976043701172e-01
6.507780551910400391e-01
6.639133691787719727e-01
6.740604043006896973e-01
6.565445661544799805e-01
6.769706606864929199e-01
6.772081851959228516e-01
6.726841330528259277e-01
6.617034673690795898e-01
6.639133691787719727e-01
6.695474982261657715e-01
6.629181504249572754e-01
6.441200971603393555e-01
6.623270511627197266e-01
6.727973818778991699e-01
6.595958471298217773e-01
6.575255393981933594e-01
6.515719890594482422e-01
6.534119248390197754e-01
6.565398573875427246e-01
6.518502831459045410e-01
6.583315134048461914e-01
6.504834890365600586e-01
6.650494933128356934e-01
6.555790901184082031e-01
6.591488122940063477e-01
6.512756347656250000e-01
6.655080914497375488e-01
6.529374122619628906e-01
6.576585769653320312e-01
6.634965538978576660e-01
6.658721566200256348e-01
6.541730165481567383e-01
6.738343238830566406e-01
6.630873084068298340e-01
6.646614670753479004e-01
6.674104332923889160e-01
6.540337800979614258e-01
6.588770151138305664e-01
6.680661439895629883e-01
6.474984288215637207e-01
6.565654873847961426e-01
6.526731252670288086e-01
6.462044119834899902e-01
6.513703465461730957e-01
6.542904973030090332e-01
6.556960344314575195e-01
6.470880508422851562e-01
6.522284150123596191e-01
6.460931897163391113e-01
6.645951867103576660e-01
6.604852676391601562e-01
6.529430747032165527e-01
6.676768660545349121e-01
6.596055030822753906e-01
6.579903960227966309e-01
6.544584035873413086e-01
6.668272614479064941e-01
6.489520072937011719e-01
6.570860147476196289e-01
6.536440849304199219e-01
6.555836200714111328e-01
6.634705066680908203e-01
6.523509621620178223e-01
6.517134904861450195e-01
6.613769531250000000e-01
6.504018902778625488e-01
6.554374694824218750e-01
6.523425579071044922e-01
6.471998691558837891e-01
6.589951515197753906e-01
6.422374248504638672e-01
6.631492376327514648e-01
6.570549607276916504e-01
6.522619128227233887e-01
6.505910158157348633e-01
6.356552839279174805e-01
6.568052768707275391e-01
6.447863578796386719e-01
6.287747621536254883e-01
6.337130069732666016e-01
6.570185422897338867e-01
6.434901356697082520e-01
6.594343781471252441e-01
6.400467753410339355e-01
6.505379676818847656e-01
6.479021906852722168e-01
6.529610753059387207e-01
6.437376737594604492e-01
6.245901584625244141e-01
6.326831579208374023e-01
6.420949697494506836e-01
6.307052373886108398e-01
6.448985338211059570e-01
6.628841161727905273e-01
6.434133052825927734e-01
6.298452019691467285e-01
6.261698007583618164e-01
6.380826234817504883e-01
6.471894979476928711e-01
6.251071691513061523e-01
6.278812885284423828e-01
6.328991055488586426e-01
6.327174305915832520e-01
6.475693583488464355e-01
6.209896206855773926e-01
6.269976496696472168e-01
6.559147238731384277e-01
6.401835083961486816e-01
6.295271515846252441e-01
6.496495008468627930e-01
6.258154511451721191e-01
6.783579587936401367e-01
6.335719823837280273e-01
6.513863801956176758e-01
6.490356922149658203e-01
6.471644043922424316e-01
6.415042877197265625e-01
6.506827473640441895e-01
6.508035063743591309e-01
6.655452847480773926e-01
6.480288505554199219e-01
6.564240455627441406e-01
6.521280407905578613e-01
6.295366883277893066e-01
6.191847920417785645e-01
6.342655420303344727e-01
6.367486119270324707e-01
6.398167610168457031e-01
6.651375889778137207e-01
6.141580343246459961e-01
6.306501626968383789e-01
6.427698135375976562e-01
6.133669614791870117e-01
6.284040212631225586e-01
6.316943168640136719e-01
6.549862623214721680e-01
6.248379349708557129e-01
6.471661329269409180e-01
6.559343338012695312e-01
6.762610673904418945e-01
6.202648878097534180e-01
6.593679189682006836e-01
6.323305368423461914e-01
6.543737053871154785e-01
6.479005813598632812e-01
6.438210010528564453e-01
6.710827350616455078e-01
6.476557850837707520e-01
6.527714729309082031e-01
6.410712003707885742e-01
6.534702181816101074e-01
6.374186873435974121e-01
6.395248174667358398e-01
6.536753177642822266e-01
6.264708042144775391e-01
6.364701390266418457e-01
6.447529792785644531e-01
6.087857484817504883e-01
6.382221579551696777e-01
6.561728715896606445e-01
6.299750208854675293e-01
6.375007629394531250e-01
6.247123479843139648e-01
6.371981501579284668e-01
6.301074028015136719e-01
6.261321306228637695e-01
6.255885362625122070e-01
6.414052248001098633e-01
6.431009173393249512e-01
6.346670389175415039e-01
6.245875358581542969e-01
6.317306160926818848e-01
6.421614885330200195e-01
6.592973470687866211e-01
6.308395862579345703e-01
6.348682641983032227e-01
6.504624485969543457e-01
6.578744649887084961e-01
6.284591555595397949e-01
6.506780385971069336e-01
6.419920921325683594e-01
6.246476173400878906e-01
6.180093288421630859e-01
6.313182711601257324e-01
6.381064653396606445e-01
6.267352104187011719e-01
6.172202825546264648e-01
6.125774383544921875e-01
6.285482645034790039e-01
6.181752085685729980e-01
6.163925528526306152e-01
6.123874783515930176e-01
6.130301952362060547e-01
6.022896170616149902e-01
6.229639649391174316e-01
6.063175797462463379e-01
6.266239881515502930e-01
6.278093457221984863e-01
6.403599977493286133e-01
6.326598525047302246e-01
6.997001767158508301e-01
6.584116816520690918e-01
6.339729428291320801e-01
6.332387328147888184e-01
6.302712559700012207e-01
6.681568622589111328e-01
6.505726575851440430e-01
6.172660589218139648e-01
6.297873854637145996e-01
6.508477926254272461e-01
6.270843148231506348e-01
6.284269094467163086e-01
6.209271550178527832e-01
6.243919730186462402e-01
6.278213262557983398e-01
6.384433507919311523e-01
6.376764774322509766e-01
6.681792736053466797e-01
6.302840113639831543e-01
6.196665763854980469e-01
6.438637375831604004e-01
6.191925406455993652e-01
6.430397033691406250e-01
6.196045875549316406e-01
6.195527315139770508e-01
6.358943581581115723e-01
6.617099046707153320e-01
6.399061679840087891e-01
6.418212652206420898e-01
6.397955417633056641e-01
6.223185062408447266e-01
6.257835030555725098e-01
6.529625058174133301e-01
6.437866091728210449e-01
6.005867123603820801e-01
6.290702819824218750e-01
6.355727314949035645e-01
6.535287499427795410e-01
6.271949410438537598e-01
6.229842901229858398e-01
6.408196687698364258e-01
6.219052076339721680e-01
6.362380385398864746e-01
6.254516839981079102e-01
6.172183752059936523e-01
6.131042242050170898e-01
6.282711625099182129e-01
6.412150859832763672e-01
6.356975436210632324e-01
6.260498166084289551e-01
6.009836792945861816e-01
6.294440627098083496e-01
6.132974028587341309e-01
6.256398558616638184e-01
6.477638483047485352e-01
6.261929273605346680e-01
6.086038351058959961e-01
6.440069079399108887e-01
6.360505223274230957e-01
6.146487593650817871e-01
6.312675476074218750e-01
6.394752264022827148e-01
6.257323622703552246e-01
6.137681007385253906e-01
6.186749339103698730e-01
6.107952594757080078e-01
6.446309089660644531e-01
6.023967266082763672e-01
6.331552267074584961e-01
6.088479757308959961e-01
6.331400275230407715e-01
6.134018898010253906e-01
5.984520316123962402e-01
6.174945235252380371e-01
5.910581946372985840e-01
6.039483547210693359e-01
6.424739360809326172e-01
6.546348333358764648e-01
5.984408259391784668e-01
6.435570120811462402e-01
6.724377870559692383e-01
6.275631785392761230e-01
6.689770221710205078e-01
5.940628051757812500e-01
6.290492415428161621e-01
6.373449563980102539e-01
6.379091739654541016e-01
6.233869194984436035e-01
6.254389882087707520e-01
6.121290326118469238e-01
6.195035576820373535e-01
6.017052531242370605e-01
6.175944209098815918e-01
6.394913792610168457e-01
6.467192173004150391e-01
5.878609418869018555e-01
6.162049174308776855e-01
6.237426400184631348e-01
5.886987447738647461e-01
6.217381954193115234e-01
6.328788995742797852e-01
6.123257279396057129e-01
6.052086949348449707e-01
5.987946987152099609e-01
6.614176630973815918e-01
5.885808467864990234e-01
6.232876181602478027e-01
6.310299634933471680e-01
6.282188892364501953e-01
6.413459181785583496e-01
6.250813007354736328e-01
6.333603262901306152e-01
6.083310246467590332e-01
6.281787157058715820e-01
6.312831640243530273e-01
6.215143799781799316e-01
6.492640376091003418e-01
6.293399930000305176e-01
6.352735161781311035e-01
6.259372830390930176e-01
5.921590924263000488e-01
6.133360266685485840e-01
5.891746282577514648e-01
6.071366071701049805e-01
6.307913064956665039e-01
5.945090651512145996e-01
6.051998734474182129e-01
5.779005885124206543e-01
6.133877635002136230e-01
6.703016161918640137e-01
6.334820985794067383e-01
5.610201954841613770e-01
6.298488974571228027e-01
6.053193807601928711e-01
6.072397828102111816e-01
6.365903615951538086e-01
6.250252723693847656e-01
6.260468363761901855e-01
6.234274506568908691e-01
6.004139780998229980e-01
6.074578166007995605e-01
6.394900679588317871e-01
6.429965496063232422e-01
5.920374393463134766e-01
5.989316701889038086e-01
5.967681407928466797e-01
6.753375530242919922e-01
5.990954041481018066e-01
5.764520168304443359e-01
5.954651832580566406e-01
5.832812786102294922e-01
5.803287029266357422e-01
6.483027935028076172e-01
5.951321125030517578e-01
6.138692498207092285e-01
6.622301936149597168e-01
5.782686471939086914e-01
5.955026745796203613e-01
6.234976649284362793e-01
6.248494982719421387e-01
6.756812930107116699e-01
6.090937852859497070e-01
6.305331587791442871e-01
6.271116137504577637e-01
6.261273026466369629e-01
6.173344254493713379e-01
6.073939800262451172e-01
6.153800487518310547e-01
6.099524497985839844e-01
6.347965002059936523e-01
5.882374048233032227e-01
6.096503734588623047e-01
6.222381591796875000e-01
6.370930075645446777e-01
6.335399746894836426e-01
6.464622020721435547e-01
5.924491882324218750e-01
5.913420915603637695e-01
6.088042259216308594e-01
6.274296045303344727e-01
6.186477541923522949e-01
6.196236610412597656e-01
6.298480629920959473e-01
6.242522597312927246e-01
5.824173688888549805e-01
6.321338415145874023e-01
5.765451788902282715e-01
6.013410091400146484e-01
5.855410099029541016e-01
6.214969158172607422e-01
6.328223943710327148e-01
6.131797432899475098e-01
6.427437067031860352e-01
5.789952874183654785e-01
6.149323582649230957e-01
6.370979547500610352e-01
6.000398397445678711e-01
6.189959049224853516e-01
6.637839674949645996e-01
6.149227619171142578e-01
6.087046861648559570e-01
6.208353042602539062e-01
6.233492493629455566e-01
5.861158370971679688e-01
6.251335144042968750e-01
6.551260948181152344e-01
6.791346073150634766e-01
5.572354197502136230e-01
6.230326294898986816e-01
5.907927751541137695e-01
6.001695394515991211e-01
5.863516926765441895e-01
6.008432507514953613e-01
6.024513840675354004e-01
5.816052556037902832e-01
5.845592617988586426e-01
5.740397572517395020e-01
6.051464676856994629e-01
6.658929586410522461e-01
5.858106613159179688e-01
6.202645897865295410e-01
5.723550915718078613e-01
6.035441160202026367e-01
6.217187643051147461e-01
6.252268552780151367e-01
6.386861801147460938e-01
5.802982449531555176e-01
6.214082241058349609e-01
5.989003777503967285e-01
6.232649087905883789e-01
6.422587037086486816e-01
6.501523256301879883e-01
6.161885857582092285e-01
5.753728151321411133e-01
6.066308617591857910e-01
6.491883993148803711e-01
6.494939327239990234e-01
5.792711377143859863e-01
6.003203988075256348e-01
6.619219183921813965e-01
6.273219585418701172e-01
5.945355892181396484e-01
6.200253367424011230e-01
5.625822544097900391e-01
5.945954322814941406e-01
5.967953205108642578e-01
6.603367328643798828e-01
6.164109110832214355e-01
6.055337786674499512e-01
6.210912466049194336e-01
6.040112376213073730e-01
6.230948567390441895e-01
6.193143725395202637e-01
5.875458121299743652e-01
6.309213042259216309e-01
5.928428769111633301e-01
6.134777069091796875e-01
6.028518080711364746e-01
5.883178710937500000e-01
6.329147219657897949e-01
6.182600855827331543e-01
5.858264565467834473e-01
6.301598548889160156e-01
6.675000190734863281e-01
6.338424682617187500e-01
6.127702593803405762e-01
6.163542866706848145e-01
6.209176778793334961e-01
6.135099530220031738e-01
5.900031328201293945e-01
5.974954962730407715e-01
5.950728058815002441e-01
5.782619714736938477e-01
5.808632373809814453e-01
6.149683594703674316e-01
6.154728531837463379e-01
6.225844621658325195e-01
5.487931966781616211e-01
5.910800695419311523e-01
6.336216330528259277e-01
6.045155525207519531e-01
6.059498190879821777e-01
6.082717776298522949e-01
6.086292862892150879e-01
6.026632189750671387e-01
5.713639259338378906e-01
5.981552600860595703e-01
5.652379989624023438e-01
6.157254576683044434e-01
5.905634164810180664e-01
5.694342851638793945e-01
6.136748790740966797e-01
6.627217531204223633e-01
6.068428754806518555e-01
6.174498200416564941e-01
6.194448471069335938e-01
6.032053828239440918e-01
5.695185065269470215e-01
5.874890685081481934e-01
6.183454394340515137e-01
6.120073199272155762e-01
5.826770663261413574e-01
5.651035308837890625e-01
5.754221081733703613e-01
5.832164883613586426e-01
5.751770138740539551e-01
5.798962712287902832e-01
5.690762400627136230e-01
6.024819016456604004e-01
5.604037642478942871e-01
6.230924129486083984e-01
6.132543087005615234e-01
6.333615779876708984e-01
6.335898041725158691e-01
5.857849121093750000e-01
5.988003015518188477e-01
6.176268458366394043e-01
6.041377186775207520e-01
6.064226031303405762e-01
5.787061452865600586e-01
6.097766757011413574e-01
6.138623952865600586e-01
6.226776242256164551e-01
6.249964237213134766e-01
5.975066423416137695e-01
6.153053641319274902e-01
6.212825179100036621e-01
6.401535868644714355e-01
5.758357644081115723e-01
6.438769102096557617e-01
6.027902364730834961e-01
5.813827514648437500e-01
6.360689401626586914e-01
5.980720520019531250e-01
6.628315448760986328e-01
5.617014169692993164e-01
5.924597382545471191e-01
5.982286930084228516e-01
5.786123871803283691e-01
6.826839447021484375e-01
6.211965084075927734e-01
6.174175143241882324e-01
6.066170930862426758e-01
6.016589999198913574e-01
5.925098061561584473e-01
6.082236170768737793e-01
5.677874088287353516e-01
5.871807932853698730e-01
5.773763656616210938e-01
5.803283452987670898e-01
6.082869768142700195e-01
6.381503939628601074e-01
5.746411085128784180e-01
5.761101245880126953e-01
5.601539015769958496e-01
6.454418897628784180e-01
5.516405701637268066e-01
6.008459329605102539e-01
5.251787900924682617e-01
5.527860522270202637e-01
5.634635686874389648e-01
5.883629322052001953e-01
5.799465179443359375e-01
5.485916137695312500e-01
5.914352536201477051e-01
5.913589596748352051e-01
5.692782402038574219e-01
5.455723404884338379e-01
5.967432260513305664e-01
5.644882321357727051e-01
6.292662024497985840e-01
5.509942770004272461e-01
5.964298248291015625e-01
5.428289175033569336e-01
5.645238757133483887e-01
5.749091506004333496e-01
5.986906886100769043e-01
5.913549065589904785e-01
6.390626430511474609e-01
5.523478388786315918e-01
5.993131995201110840e-01
5.601284503936767578e-01
5.688988566398620605e-01
5.923233628273010254e-01
6.296553611755371094e-01
5.307241678237915039e-01
5.410046577453613281e-01
6.335067152976989746e-01
5.825802087783813477e-01
5.659914016723632812e-01
5.776053667068481445e-01
5.642627477645874023e-01
5.742294788360595703e-01
6.077386140823364258e-01
6.196771860122680664e-01
5.381938815116882324e-01
5.979048013687133789e-01
6.250109076499938965e-01
5.635892152786254883e-01
5.781593918800354004e-01
6.759005784988403320e-01
5.752513408660888672e-01
6.218883395195007324e-01
6.158277392387390137e-01
6.152854561805725098e-01
5.907398462295532227e-01
6.406837701797485352e-01
5.892351269721984863e-01
5.759969353675842285e-01
5.756000280380249023e-01
6.004821658134460449e-01
6.084349155426025391e-01
6.206119656562805176e-01
5.774879455566406250e-01
5.860892534255981445e-01
5.695542097091674805e-01
5.814840793609619141e-01
5.966309309005737305e-01
5.585340857505798340e-01
5.529789328575134277e-01
6.349977254867553711e-01
6.145628094673156738e-01
6.263939142227172852e-01
5.910792350769042969e-01
6.205105781555175781e-01
5.962542295455932617e-01
6.005466580390930176e-01
6.015415191650390625e-01
5.903580784797668457e-01
5.612988471984863281e-01
6.165137887001037598e-01
5.658074021339416504e-01
5.592018365859985352e-01
5.948097109794616699e-01
5.765365362167358398e-01
5.726328492164611816e-01
5.290153622627258301e-01
5.498966574668884277e-01
7.041097879409790039e-01
5.778203010559082031e-01
5.594860315322875977e-01
5.849783420562744141e-01
5.924466848373413086e-01
6.014618277549743652e-01
6.349671483039855957e-01
6.145906448364257812e-01
6.168799400329589844e-01
5.637748241424560547e-01
6.173200011253356934e-01
6.002793312072753906e-01
6.103196144104003906e-01
6.053990125656127930e-01
6.087118387222290039e-01
5.872872471809387207e-01
6.218690276145935059e-01
5.916765928268432617e-01
6.049786210060119629e-01
6.064933538436889648e-01
5.643600225448608398e-01
5.835198163986206055e-01
6.043559908866882324e-01
5.558130145072937012e-01
5.489932298660278320e-01
6.367416381835937500e-01
5.615818500518798828e-01
6.291283965110778809e-01
6.231719255447387695e-01
5.858395099639892578e-01
6.302871108055114746e-01
6.045446991920471191e-01
6.205310821533203125e-01
5.905190706253051758e-01
5.960744023323059082e-01
5.972232818603515625e-01
5.696387290954589844e-01
6.250152587890625000e-01
6.323988437652587891e-01
5.906723737716674805e-01
5.825775265693664551e-01
6.152168512344360352e-01
5.786142349243164062e-01
5.759412646293640137e-01
6.156381964683532715e-01
5.782884955406188965e-01
5.260303020477294922e-01
5.517170429229736328e-01
6.907371282577514648e-01
6.301019191741943359e-01
5.763589143753051758e-01
6.079626083374023438e-01
5.953597426414489746e-01
5.914216637611389160e-01
6.041024327278137207e-01
6.127328872680664062e-01
5.810350775718688965e-01
6.127492785453796387e-01
6.144021749496459961e-01
6.244380474090576172e-01
6.275343298912048340e-01
6.079831719398498535e-01
6.038286685943603516e-01
6.913765668869018555e-01
6.070845127105712891e-01
5.896561741828918457e-01
6.145239472389221191e-01
6.173567175865173340e-01
6.472934484481811523e-01
6.007341742515563965e-01
5.750902891159057617e-01
5.672103166580200195e-01
6.062670946121215820e-01
5.580193400382995605e-01
5.807183980941772461e-01
5.682936906814575195e-01
5.693677663803100586e-01
5.690196752548217773e-01
5.912556648254394531e-01
6.278125643730163574e-01
5.981887578964233398e-01
5.325771570205688477e-01
5.842030048370361328e-01
5.970185995101928711e-01
6.149283051490783691e-01
6.256275773048400879e-01
5.643464326858520508e-01
5.419942736625671387e-01
5.843262076377868652e-01
5.787092447280883789e-01
5.817229151725769043e-01
5.910021066665649414e-01
6.515827178955078125e-01
6.509421467781066895e-01
6.005344986915588379e-01
5.570107698440551758e-01
5.373634696006774902e-01
5.741370320320129395e-01
5.774483084678649902e-01
6.191989779472351074e-01
5.552645921707153320e-01
5.617392063140869141e-01
5.928910970687866211e-01
6.022896766662597656e-01
5.587741136550903320e-01
5.866459608078002930e-01
6.109427809715270996e-01
5.917859673500061035e-01
5.669551491737365723e-01
5.599807500839233398e-01
6.258248090744018555e-01
5.927869081497192383e-01
6.186952590942382812e-01
5.534852743148803711e-01
5.604282617568969727e-01
5.695273876190185547e-01
6.162915825843811035e-01
6.023800969123840332e-01
5.869690775871276855e-01
6.085298657417297363e-01
5.910146832466125488e-01
6.020303964614868164e-01
6.210074424743652344e-01
6.060961484909057617e-01
5.804461240768432617e-01
5.757401585578918457e-01
5.810007452964782715e-01
5.572099685668945312e-01
5.317227244377136230e-01
5.707900524139404297e-01
5.715019702911376953e-01
5.855247974395751953e-01
5.413103699684143066e-01
5.708793997764587402e-01
5.968335270881652832e-01
5.844808220863342285e-01
5.897190570831298828e-01
5.357254743576049805e-01
5.305095314979553223e-01
5.957836508750915527e-01
5.706670284271240234e-01
5.609098076820373535e-01
5.940418839454650879e-01
5.632677674293518066e-01
5.997955799102783203e-01
5.377863049507141113e-01
6.015999913215637207e-01
5.796262025833129883e-01
6.171780228614807129e-01
6.593720316886901855e-01
5.402462482452392578e-01
5.913109779357910156e-01
5.537488460540771484e-01
5.694376826286315918e-01
5.651381611824035645e-01
5.749260783195495605e-01
7.085636258125305176e-01
5.846073031425476074e-01
5.724006891250610352e-01
5.722936987876892090e-01
5.551247596740722656e-01
5.503405928611755371e-01
5.651953816413879395e-01
5.507756471633911133e-01
5.896821618080139160e-01
5.784850120544433594e-01
5.481542944908142090e-01
5.785478949546813965e-01
5.794757008552551270e-01
6.001293659210205078e-01
5.874949693679809570e-01
6.637010574340820312e-01
5.881026983261108398e-01
5.920270085334777832e-01
5.502009987831115723e-01
6.004810929298400879e-01
5.513209700584411621e-01
5.639546513557434082e-01
5.958245992660522461e-01
5.877392292022705078e-01
5.687984824180603027e-01
5.532191991806030273e-01
5.590938925743103027e-01
5.905055999755859375e-01
5.638533234596252441e-01
5.847151279449462891e-01
6.002514362335205078e-01
6.014822721481323242e-01
5.468051433563232422e-01
5.996602773666381836e-01
5.591498613357543945e-01
5.715038180351257324e-01
6.459741592407226562e-01
5.587441325187683105e-01
6.110284328460693359e-01
5.588621497154235840e-01
5.461907982826232910e-01
5.048178434371948242e-01
5.330502986907958984e-01
5.633491277694702148e-01
5.618030428886413574e-01
5.677682757377624512e-01
5.879160761833190918e-01
5.487405657768249512e-01
5.752918124198913574e-01
5.035367608070373535e-01
6.553503274917602539e-01
5.660468935966491699e-01
5.352642536163330078e-01
5.474556088447570801e-01
5.600356459617614746e-01
7.378223538398742676e-01
5.343450307846069336e-01
5.629380941390991211e-01
5.761067867279052734e-01
5.621164441108703613e-01
5.866392850875854492e-01
5.666034221649169922e-01
5.834177136421203613e-01
6.901834011077880859e-01
6.062067747116088867e-01
5.685237050056457520e-01
5.600830912590026855e-01
6.457171440124511719e-01
5.704005360603332520e-01
6.134474277496337891e-01
5.874504446983337402e-01
6.357442736625671387e-01
5.699472427368164062e-01
5.898888707160949707e-01
6.022028326988220215e-01
5.729885697364807129e-01
5.918985605239868164e-01
6.021913290023803711e-01
6.078216433525085449e-01
6.890127062797546387e-01
5.862017869949340820e-01
5.730207562446594238e-01
5.698449015617370605e-01
6.039924025535583496e-01
5.720359086990356445e-01
