9.959671964189140692e-01
7.531322790948543622e-01
7.162913551379017640e-01
7.052740868020118681e-01
7.029611780217499550e-01
7.017928587996686840e-01
7.007327524410477126e-01
6.983238649408661791e-01
6.980852620466395653e-01
6.981719154911865122e-01
6.991568095193486654e-01
6.959522589599551612e-01
6.962195744865734559e-01
6.946809623425134195e-01
6.959662363753290615e-01
6.948473702337053526e-01
6.942302890998847120e-01
6.943915995069724900e-01
6.959001802974187356e-01
6.948305186228062036e-01
6.954413105329146916e-01
6.935171708023013526e-01
6.950893351125273512e-01
6.941028678447487277e-01
