9.955149234401079461e-01
7.522578165755243740e-01
7.136854718137252140e-01
7.049534007919531220e-01
7.021982681438339036e-01
6.990311425384275745e-01
6.992428572272769705e-01
6.968748679007643609e-01
6.953200532358445596e-01
6.942954298099353050e-01
6.941040846172982226e-01
6.929720564478035749e-01
6.928637077200725525e-01
6.911388659860803196e-01
6.900863539455908136e-01
6.901899707912894089e-01
6.906160033930165421e-01
6.892697447240605513e-01
6.879953230265133390e-01
6.890669455475770810e-01
6.884866721745167562e-01
6.895780160606765907e-01
