9.953109308585184056e-01
7.562961041372171511e-01
7.159788193185888661e-01
7.059576125795007373e-01
7.028113511737174024e-01
7.010896819108225486e-01
6.997230693912425137e-01
6.992578328816594357e-01
6.982355759266974937e-01
6.978065947371958622e-01
6.978932014468561817e-01
6.977510918105284121e-01
6.956769322864490013e-01
6.948767465923318953e-01
6.956634393291489804e-01
6.946603164745527303e-01
6.937648749876386134e-01
6.929632252702059292e-01
6.925580085686563470e-01
6.932728995618731016e-01
6.924176193414149916e-01
6.921160908496349906e-01
