9.949679928346774060e-01
7.530264511742297273e-01
7.146617708117349865e-01
7.053797659381378926e-01
7.027161295993362700e-01
7.011964815738945811e-01
7.012631683708953068e-01
6.998476314403362375e-01
6.992512226205676029e-01
6.971523620434275648e-01
6.974607134753622040e-01
6.959651176148203833e-01
6.964844689340938810e-01
6.944775012567021566e-01
6.950606309085655132e-01
6.928385113074959634e-01
6.926912751670211144e-01
6.919352539912004829e-01
6.909122223272654573e-01
6.902413925914618886e-01
6.900004974166585869e-01
6.881771234513136548e-01
6.881980302977824815e-01
6.874533746829989411e-01
6.881550089168306794e-01
6.872666393872745028e-01
6.856514074659064706e-01
6.837018254851002785e-01
6.828760051000531961e-01
6.833876980552221481e-01
6.825612473548418047e-01
