9.946593366165871197e-01
7.537399121101986399e-01
7.168688083179516335e-01
7.057652788884957173e-01
7.037369135978562840e-01
7.016852330495300105e-01
7.006656856581278126e-01
6.985896452315070171e-01
6.997029991799951221e-01
6.973782014685299124e-01
6.980830335092180761e-01
6.971917332581399895e-01
6.969838382125809195e-01
6.948723001161134505e-01
6.949302102931973479e-01
6.948370493942150894e-01
6.937862409564219401e-01
6.924200548043601966e-01
6.910851415590549829e-01
6.908944014974007786e-01
6.903972421835076201e-01
6.899392597257434367e-01
6.885811385212057267e-01
6.874435034775310260e-01
6.889811462512165363e-01
6.886352225948854100e-01
6.864399727777744653e-01
6.858819704455505484e-01
6.846307000298301748e-01
6.843381666410383035e-01
6.841435616648268159e-01
6.803327690333658140e-01
6.816524226316247326e-01
6.810621593989728551e-01
6.770365830198573631e-01
6.763236156769670826e-01
6.755864600020884403e-01
6.741415970816034831e-01
6.764814708820345857e-01
6.743890524011462162e-01
6.734002990605566508e-01
6.749503354618450190e-01
