6.870100498199462891e-01
7.164238095283508301e-01
6.921591758728027344e-01
7.007221579551696777e-01
7.007023096084594727e-01
6.956300735473632812e-01
6.968632936477661133e-01
7.014373540878295898e-01
6.892611384391784668e-01
6.943742632865905762e-01
6.957958936691284180e-01
6.886959671974182129e-01
6.925101280212402344e-01
6.929956674575805664e-01
6.954203248023986816e-01
6.916183233261108398e-01
6.907021999359130859e-01
6.934488415718078613e-01
6.906046271324157715e-01
6.908201575279235840e-01
6.936851143836975098e-01
6.921463012695312500e-01
6.935229301452636719e-01
6.917225718498229980e-01
6.959465146064758301e-01
6.939334273338317871e-01
6.945778131484985352e-01
6.949923038482666016e-01
6.948445439338684082e-01
6.868555545806884766e-01
6.913874745368957520e-01
6.934772729873657227e-01
6.913880109786987305e-01
6.924931406974792480e-01
6.922990679740905762e-01
6.912679076194763184e-01
6.911978721618652344e-01
6.907564997673034668e-01
6.913619041442871094e-01
6.922184228897094727e-01
6.942664980888366699e-01
6.938726902008056641e-01
6.933028697967529297e-01
6.905186176300048828e-01
6.922793984413146973e-01
6.937488317489624023e-01
6.911260485649108887e-01
6.900292038917541504e-01
6.898270845413208008e-01
6.916165947914123535e-01
6.895890235900878906e-01
6.904848814010620117e-01
6.924722194671630859e-01
6.926230192184448242e-01
6.930543184280395508e-01
6.912063360214233398e-01
6.905421614646911621e-01
6.884244084358215332e-01
6.870935559272766113e-01
6.916475296020507812e-01
6.899393796920776367e-01
6.846346259117126465e-01
6.876269578933715820e-01
6.993262171745300293e-01
6.797952651977539062e-01
6.823941469192504883e-01
6.958370208740234375e-01
6.937990188598632812e-01
6.931755542755126953e-01
6.916129589080810547e-01
6.863577365875244141e-01
6.899895071983337402e-01
6.922540664672851562e-01
6.904430389404296875e-01
6.911144852638244629e-01
6.902981400489807129e-01
6.822099685668945312e-01
6.920221447944641113e-01
6.908316612243652344e-01
6.927653551101684570e-01
6.937799453735351562e-01
6.896049976348876953e-01
6.916581392288208008e-01
6.873898506164550781e-01
6.931861042976379395e-01
6.914495229721069336e-01
6.919298171997070312e-01
6.881245970726013184e-01
6.858963966369628906e-01
6.843547821044921875e-01
6.884390115737915039e-01
6.894602775573730469e-01
6.865551471710205078e-01
6.870268583297729492e-01
6.930027008056640625e-01
6.891325712203979492e-01
6.952115893363952637e-01
6.882586479187011719e-01
6.886417865753173828e-01
6.845977902412414551e-01
6.834638118743896484e-01
6.927841901779174805e-01
6.837713122367858887e-01
6.872023344039916992e-01
6.882188916206359863e-01
6.906166076660156250e-01
6.857018470764160156e-01
6.882305741310119629e-01
6.865228414535522461e-01
6.926381587982177734e-01
6.895903944969177246e-01
6.908996105194091797e-01
6.906139850616455078e-01
6.897516250610351562e-01
6.837165355682373047e-01
6.850325465202331543e-01
6.817969679832458496e-01
6.850090026855468750e-01
6.848993301391601562e-01
6.801940202713012695e-01
6.862730979919433594e-01
6.828015446662902832e-01
6.830644607543945312e-01
6.820229887962341309e-01
6.868314743041992188e-01
6.858524084091186523e-01
6.878247857093811035e-01
6.829743385314941406e-01
6.801834702491760254e-01
6.877202391624450684e-01
6.880402565002441406e-01
6.838526725769042969e-01
6.838044524192810059e-01
6.835160255432128906e-01
6.842659115791320801e-01
6.869438886642456055e-01
6.902325749397277832e-01
6.781048774719238281e-01
6.895704865455627441e-01
6.845971941947937012e-01
6.815133094787597656e-01
6.855973601341247559e-01
6.885582208633422852e-01
6.815208196640014648e-01
6.766785979270935059e-01
6.816508173942565918e-01
6.835652589797973633e-01
6.739773154258728027e-01
6.770341396331787109e-01
6.887444257736206055e-01
6.724056005477905273e-01
6.824562549591064453e-01
6.800229549407958984e-01
6.812915205955505371e-01
6.782929301261901855e-01
6.745777726173400879e-01
6.869826316833496094e-01
6.836410760879516602e-01
6.738560795783996582e-01
6.837000846862792969e-01
6.853022575378417969e-01
6.785976886749267578e-01
6.799516677856445312e-01
6.742706894874572754e-01
6.925417184829711914e-01
6.659685373306274414e-01
6.833895444869995117e-01
6.810607314109802246e-01
6.787997484207153320e-01
6.722244024276733398e-01
6.792632341384887695e-01
6.709108352661132812e-01
6.838266253471374512e-01
6.915338635444641113e-01
6.705067157745361328e-01
6.741080284118652344e-01
6.838103532791137695e-01
6.823850274085998535e-01
6.780163645744323730e-01
6.720983982086181641e-01
6.755498051643371582e-01
6.654446721076965332e-01
6.807094812393188477e-01
6.625185012817382812e-01
6.843196153640747070e-01
6.802398562431335449e-01
6.765314340591430664e-01
6.663164496421813965e-01
6.667131781578063965e-01
6.748796701431274414e-01
6.701139211654663086e-01
6.746374368667602539e-01
6.856769323348999023e-01
6.771378517150878906e-01
6.736261844635009766e-01
6.674119830131530762e-01
6.664974689483642578e-01
6.631495356559753418e-01
6.736396551132202148e-01
6.694986820220947266e-01
6.781558990478515625e-01
6.753376722335815430e-01
6.677262187004089355e-01
6.703563928604125977e-01
6.716702580451965332e-01
6.606440544128417969e-01
6.642940044403076172e-01
6.577717661857604980e-01
6.594164371490478516e-01
6.595392227172851562e-01
6.725485324859619141e-01
6.638925671577453613e-01
6.837393045425415039e-01
6.599889397621154785e-01
6.716843247413635254e-01
6.612923145294189453e-01
6.657291650772094727e-01
6.620044708251953125e-01
6.595106124877929688e-01
6.772193908691406250e-01
6.744065880775451660e-01
6.777118444442749023e-01
6.589012145996093750e-01
6.547953486442565918e-01
6.672672033309936523e-01
6.671026349067687988e-01
6.586235165596008301e-01
6.627652049064636230e-01
6.756474971771240234e-01
6.516057252883911133e-01
6.566801667213439941e-01
6.822962760925292969e-01
6.533801555633544922e-01
6.714599132537841797e-01
6.543172597885131836e-01
6.627892255783081055e-01
6.418786048889160156e-01
6.799094676971435547e-01
6.359632611274719238e-01
6.623299121856689453e-01
6.678820848464965820e-01
6.521280407905578613e-01
6.596188545227050781e-01
6.662288904190063477e-01
6.752914786338806152e-01
6.474913358688354492e-01
6.267850995063781738e-01
6.408306360244750977e-01
6.583737730979919434e-01
6.574319005012512207e-01
6.637998819351196289e-01
6.548630595207214355e-01
6.481854319572448730e-01
6.532373428344726562e-01
6.573097109794616699e-01
6.581257581710815430e-01
6.808461546897888184e-01
6.460309028625488281e-01
6.515082716941833496e-01
6.806465387344360352e-01
6.514973640441894531e-01
6.493309736251831055e-01
6.453621387481689453e-01
6.173163652420043945e-01
6.385080814361572266e-01
6.442626714706420898e-01
6.507101655006408691e-01
6.555306315422058105e-01
6.451970338821411133e-01
6.478404998779296875e-01
6.291621327400207520e-01
6.285064220428466797e-01
6.290715932846069336e-01
6.601301431655883789e-01
7.057612538337707520e-01
6.350878477096557617e-01
6.606495976448059082e-01
6.469100713729858398e-01
6.324698925018310547e-01
6.655604243278503418e-01
6.779630184173583984e-01
6.569600701332092285e-01
6.470036506652832031e-01
6.532006859779357910e-01
6.419714093208312988e-01
6.260558366775512695e-01
6.347340345382690430e-01
6.445000171661376953e-01
6.556965112686157227e-01
6.383430957794189453e-01
6.414149999618530273e-01
6.104890108108520508e-01
6.503192186355590820e-01
6.339766979217529297e-01
6.397814750671386719e-01
6.247673034667968750e-01
6.460401415824890137e-01
6.244029998779296875e-01
6.493872404098510742e-01
6.369770169258117676e-01
6.248843073844909668e-01
6.170022487640380859e-01
6.623647212982177734e-01
6.459925174713134766e-01
6.123730540275573730e-01
6.202099323272705078e-01
6.648999452590942383e-01
6.257390975952148438e-01
6.440020203590393066e-01
6.218994855880737305e-01
6.105247735977172852e-01
6.224181056022644043e-01
6.380237340927124023e-01
6.343562602996826172e-01
6.548362374305725098e-01
6.128792762756347656e-01
5.956156253814697266e-01
6.372926831245422363e-01
6.772266030311584473e-01
6.335456371307373047e-01
6.509501338005065918e-01
6.468820571899414062e-01
6.107453107833862305e-01
5.988641381263732910e-01
6.020509600639343262e-01
6.290336847305297852e-01
5.987192988395690918e-01
6.084320545196533203e-01
6.184404492378234863e-01
6.059352159500122070e-01
6.087356209754943848e-01
6.073708534240722656e-01
5.991114377975463867e-01
6.915507316589355469e-01
6.373244524002075195e-01
6.353519558906555176e-01
5.771659612655639648e-01
6.139373779296875000e-01
6.001028418540954590e-01
6.283048391342163086e-01
6.064526438713073730e-01
6.014814376831054688e-01
6.131717562675476074e-01
6.837424635887145996e-01
6.241290569305419922e-01
6.262076497077941895e-01
6.340025663375854492e-01
6.511948108673095703e-01
6.126881241798400879e-01
6.044469475746154785e-01
6.102197170257568359e-01
5.544382929801940918e-01
5.743348002433776855e-01
6.346710920333862305e-01
6.046856641769409180e-01
5.996730923652648926e-01
5.789260864257812500e-01
5.878049731254577637e-01
6.047420501708984375e-01
6.126096248626708984e-01
5.901361703872680664e-01
6.158832311630249023e-01
6.076031923294067383e-01
5.775057077407836914e-01
5.816001296043395996e-01
6.033892631530761719e-01
6.201752424240112305e-01
5.941755175590515137e-01
5.869806408882141113e-01
6.152958273887634277e-01
6.031479239463806152e-01
6.395580172538757324e-01
6.541248559951782227e-01
6.192294955253601074e-01
6.149756908416748047e-01
5.926062464714050293e-01
5.652373433113098145e-01
6.138923168182373047e-01
5.759308934211730957e-01
6.153826713562011719e-01
5.574488639831542969e-01
5.949537158012390137e-01
6.041201353073120117e-01
6.067357659339904785e-01
6.351026296615600586e-01
5.877693891525268555e-01
6.113093495368957520e-01
5.696164369583129883e-01
5.786372423171997070e-01
6.015561223030090332e-01
6.304742693901062012e-01
5.531346797943115234e-01
5.797142386436462402e-01
5.484216809272766113e-01
6.007243990898132324e-01
6.035733819007873535e-01
5.481600761413574219e-01
5.438879728317260742e-01
5.839722156524658203e-01
5.796678066253662109e-01
5.735273361206054688e-01
5.593735575675964355e-01
5.838465690612792969e-01
5.636121034622192383e-01
5.546546578407287598e-01
5.578624606132507324e-01
5.773004293441772461e-01
5.400816798210144043e-01
5.727609395980834961e-01
5.601181983947753906e-01
5.607641339302062988e-01
5.566617250442504883e-01
5.358140468597412109e-01
5.722056627273559570e-01
5.847443342208862305e-01
5.711470246315002441e-01
5.546870827674865723e-01
5.575808882713317871e-01
5.283865928649902344e-01
5.478819012641906738e-01
6.005077362060546875e-01
5.412971377372741699e-01
5.711802244186401367e-01
5.685750842094421387e-01
5.936784744262695312e-01
5.579630136489868164e-01
5.417659282684326172e-01
5.836979746818542480e-01
5.324662923812866211e-01
5.206688046455383301e-01
5.639606118202209473e-01
5.898504853248596191e-01
5.593002438545227051e-01
4.941337704658508301e-01
5.109322071075439453e-01
5.650611519813537598e-01
5.454147458076477051e-01
4.937226772308349609e-01
5.450407266616821289e-01
5.150099992752075195e-01
5.463744401931762695e-01
5.156886577606201172e-01
5.349764227867126465e-01
4.893753230571746826e-01
5.560806393623352051e-01
5.279278755187988281e-01
5.153301358222961426e-01
5.141820311546325684e-01
5.593695640563964844e-01
5.000204443931579590e-01
5.511499047279357910e-01
5.411040782928466797e-01
5.034144520759582520e-01
5.415831208229064941e-01
5.295259952545166016e-01
4.659426510334014893e-01
5.391082763671875000e-01
5.307617187500000000e-01
5.262218117713928223e-01
5.289214253425598145e-01
5.189924240112304688e-01
5.353838801383972168e-01
5.307426452636718750e-01
5.103574991226196289e-01
5.524215102195739746e-01
4.632588624954223633e-01
4.534403383731842041e-01
5.079282522201538086e-01
4.650896787643432617e-01
4.724017083644866943e-01
4.721006155014038086e-01
4.817708134651184082e-01
5.282786488533020020e-01
5.836131572723388672e-01
4.506197273731231689e-01
5.459333658218383789e-01
5.238277316093444824e-01
5.305569171905517578e-01
5.227990150451660156e-01
4.322519600391387939e-01
5.556295514106750488e-01
4.784671664237976074e-01
4.494383931159973145e-01
4.975460767745971680e-01
5.367034673690795898e-01
5.006638169288635254e-01
5.297092795372009277e-01
4.771952927112579346e-01
5.099025368690490723e-01
4.619698226451873779e-01
4.603643417358398438e-01
4.709437191486358643e-01
4.976304471492767334e-01
4.747241139411926270e-01
4.753201603889465332e-01
4.425143003463745117e-01
4.849883317947387695e-01
4.101392924785614014e-01
4.245103597640991211e-01
4.537506401538848877e-01
4.421438872814178467e-01
4.619446992874145508e-01
4.684737324714660645e-01
4.688863158226013184e-01
4.796983003616333008e-01
4.550202190876007080e-01
4.311556220054626465e-01
4.882820248603820801e-01
4.779768586158752441e-01
4.468813538551330566e-01
4.552913308143615723e-01
4.526858627796173096e-01
4.451093077659606934e-01
4.512674212455749512e-01
4.660423398017883301e-01
4.442496895790100098e-01
4.729789495468139648e-01
4.611148238182067871e-01
4.857425987720489502e-01
4.507659673690795898e-01
4.837429821491241455e-01
5.269244909286499023e-01
4.624076485633850098e-01
4.727489054203033447e-01
4.184880852699279785e-01
4.056988656520843506e-01
4.445317089557647705e-01
4.669734239578247070e-01
4.214170277118682861e-01
4.263960719108581543e-01
4.333300590515136719e-01
4.689955115318298340e-01
4.159787297248840332e-01
4.259684383869171143e-01
4.196131527423858643e-01
4.333760738372802734e-01
4.709770083427429199e-01
3.931632637977600098e-01
4.442609846591949463e-01
4.354112446308135986e-01
4.162317514419555664e-01
4.870135188102722168e-01
4.024426937103271484e-01
3.930914402008056641e-01
4.235125184059143066e-01
4.239303767681121826e-01
3.907626569271087646e-01
4.289082288742065430e-01
3.701787590980529785e-01
4.944993853569030762e-01
3.721458613872528076e-01
4.201876521110534668e-01
4.202877879142761230e-01
3.337978720664978027e-01
3.637585043907165527e-01
3.876880705356597900e-01
3.993501961231231689e-01
3.436367511749267578e-01
3.975294232368469238e-01
4.141655564308166504e-01
4.195264875888824463e-01
3.784761428833007812e-01
3.908194899559020996e-01
3.812518715858459473e-01
4.223569035530090332e-01
3.662062883377075195e-01
4.021358788013458252e-01
3.728033602237701416e-01
3.723217248916625977e-01
4.604614377021789551e-01
4.133365154266357422e-01
4.528099894523620605e-01
4.171549677848815918e-01
4.351454973220825195e-01
4.002711772918701172e-01
4.031116962432861328e-01
3.865146636962890625e-01
3.534324169158935547e-01
3.721810877323150635e-01
3.395768702030181885e-01
3.615644276142120361e-01
3.858771920204162598e-01
4.103131890296936035e-01
3.271252512931823730e-01
3.417403697967529297e-01
3.292893767356872559e-01
3.897258043289184570e-01
3.208648562431335449e-01
3.359751701354980469e-01
3.355608880519866943e-01
3.877990841865539551e-01
3.826153278350830078e-01
3.549833297729492188e-01
3.249751627445220947e-01
3.381159305572509766e-01
3.516813218593597412e-01
3.770770132541656494e-01
3.351233899593353271e-01
3.777936398983001709e-01
3.595341742038726807e-01
3.860695958137512207e-01
3.447903990745544434e-01
3.612598180770874023e-01
3.246444463729858398e-01
3.598892688751220703e-01
3.614846169948577881e-01
3.937292397022247314e-01
3.672566711902618408e-01
3.828633725643157959e-01
3.256579339504241943e-01
3.504933714866638184e-01
3.196241855621337891e-01
3.633509278297424316e-01
3.404358029365539551e-01
2.974015176296234131e-01
3.827546834945678711e-01
2.614322304725646973e-01
3.581018745899200439e-01
3.808090090751647949e-01
3.098560571670532227e-01
3.223434388637542725e-01
3.307477533817291260e-01
3.430355489253997803e-01
3.513470590114593506e-01
2.980529367923736572e-01
3.527472317218780518e-01
3.709411323070526123e-01
4.713116288185119629e-01
3.041563034057617188e-01
3.469499051570892334e-01
3.849220275878906250e-01
3.556870818138122559e-01
3.847878575325012207e-01
2.977137267589569092e-01
3.759478032588958740e-01
3.326182365417480469e-01
3.847788870334625244e-01
2.639891207218170166e-01
