7.023093700408935547e-01
6.937413215637207031e-01
6.868512034416198730e-01
6.960575580596923828e-01
6.941729784011840820e-01
6.956761479377746582e-01
6.897903084754943848e-01
6.989839673042297363e-01
6.929597854614257812e-01
6.929763555526733398e-01
6.926265954971313477e-01
6.942433118820190430e-01
6.922477483749389648e-01
6.947503685951232910e-01
6.919147968292236328e-01
6.912415027618408203e-01
6.925737857818603516e-01
6.939631700515747070e-01
6.902890205383300781e-01
6.956729292869567871e-01
6.919637322425842285e-01
6.934500336647033691e-01
6.954737901687622070e-01
6.975325942039489746e-01
6.961470246315002441e-01
6.908649206161499023e-01
6.957712769508361816e-01
6.935497522354125977e-01
6.888325214385986328e-01
6.877470016479492188e-01
6.881239414215087891e-01
6.862723231315612793e-01
6.917824745178222656e-01
6.903831362724304199e-01
6.934621334075927734e-01
6.890236139297485352e-01
6.930119395256042480e-01
6.912890076637268066e-01
6.954742670059204102e-01
6.933114528656005859e-01
6.889466047286987305e-01
6.936486959457397461e-01
6.921504139900207520e-01
6.910592913627624512e-01
6.947101950645446777e-01
6.881377100944519043e-01
6.912194490432739258e-01
6.921303272247314453e-01
6.886757612228393555e-01
6.919657588005065918e-01
6.896276473999023438e-01
6.931025385856628418e-01
6.914715170860290527e-01
6.910387873649597168e-01
6.958796977996826172e-01
6.886459589004516602e-01
6.908908486366271973e-01
6.959166526794433594e-01
6.922180652618408203e-01
6.880768537521362305e-01
6.916021108627319336e-01
6.889948248863220215e-01
6.883420348167419434e-01
6.871219277381896973e-01
6.859090328216552734e-01
6.860399842262268066e-01
6.908537745475769043e-01
6.907071471214294434e-01
6.898308992385864258e-01
6.953748464584350586e-01
6.837951540946960449e-01
6.871825456619262695e-01
6.903237104415893555e-01
6.913224458694458008e-01
6.837199330329895020e-01
6.890823841094970703e-01
6.847772598266601562e-01
6.889744400978088379e-01
6.863648891448974609e-01
6.920709013938903809e-01
6.912661790847778320e-01
6.934643983840942383e-01
6.913978457450866699e-01
6.912784576416015625e-01
6.924642324447631836e-01
6.893610954284667969e-01
6.821659803390502930e-01
6.887470483779907227e-01
6.841458082199096680e-01
6.923391819000244141e-01
6.876409053802490234e-01
6.936112046241760254e-01
6.817185878753662109e-01
6.813723444938659668e-01
6.871247887611389160e-01
6.830256581306457520e-01
6.966055035591125488e-01
6.834545135498046875e-01
6.898339986801147461e-01
6.812199354171752930e-01
6.890778541564941406e-01
6.895352005958557129e-01
6.864175796508789062e-01
6.899558305740356445e-01
6.832332611083984375e-01
6.858764290809631348e-01
6.900476813316345215e-01
6.902340054512023926e-01
6.884254813194274902e-01
6.826075315475463867e-01
6.851913928985595703e-01
6.847738623619079590e-01
6.832000017166137695e-01
7.008399963378906250e-01
6.854553818702697754e-01
6.951529979705810547e-01
6.905145645141601562e-01
6.973833441734313965e-01
6.806861162185668945e-01
6.876763701438903809e-01
6.758111715316772461e-01
6.854657530784606934e-01
6.834575533866882324e-01
6.908006072044372559e-01
6.880586147308349609e-01
6.864072084426879883e-01
6.898853182792663574e-01
6.817228794097900391e-01
6.889752149581909180e-01
6.799826622009277344e-01
6.879035234451293945e-01
6.822202205657958984e-01
6.809600591659545898e-01
6.823978424072265625e-01
6.859018206596374512e-01
6.809829473495483398e-01
6.745920181274414062e-01
6.765183806419372559e-01
6.878380179405212402e-01
6.804257631301879883e-01
6.842550635337829590e-01
6.850627064704895020e-01
6.853598952293395996e-01
6.815299987792968750e-01
6.729817986488342285e-01
6.756160855293273926e-01
6.849081516265869141e-01
6.763606667518615723e-01
6.762613058090209961e-01
6.774815320968627930e-01
6.754930019378662109e-01
6.695103645324707031e-01
6.888781189918518066e-01
6.700099706649780273e-01
6.941006183624267578e-01
6.837182044982910156e-01
6.810483336448669434e-01
6.864720582962036133e-01
6.934319734573364258e-01
6.863509416580200195e-01
6.623932719230651855e-01
6.763010025024414062e-01
6.711606383323669434e-01
6.676501631736755371e-01
6.787748336791992188e-01
6.786828041076660156e-01
6.773290038108825684e-01
6.676048636436462402e-01
6.768832206726074219e-01
6.768078804016113281e-01
6.737246513366699219e-01
6.791109442710876465e-01
6.828123331069946289e-01
6.872263550758361816e-01
6.819287538528442383e-01
6.721951961517333984e-01
6.631215214729309082e-01
6.776169538497924805e-01
6.720972657203674316e-01
6.913954019546508789e-01
6.777237057685852051e-01
6.699023246765136719e-01
6.679027676582336426e-01
6.747332215309143066e-01
6.713013648986816406e-01
6.562076210975646973e-01
6.673124432563781738e-01
6.646922826766967773e-01
6.772158741950988770e-01
6.712611913681030273e-01
6.614080071449279785e-01
6.619290709495544434e-01
6.715418696403503418e-01
6.651035547256469727e-01
6.908413767814636230e-01
6.793488264083862305e-01
6.772410869598388672e-01
6.694520711898803711e-01
6.705020070075988770e-01
6.614934206008911133e-01
6.697754859924316406e-01
6.884769797325134277e-01
6.677216291427612305e-01
6.701503992080688477e-01
6.540049910545349121e-01
6.749173402786254883e-01
6.869615316390991211e-01
6.569764614105224609e-01
6.661648750305175781e-01
6.867589950561523438e-01
6.673555970191955566e-01
6.740971207618713379e-01
6.477139592170715332e-01
6.683616638183593750e-01
6.671466827392578125e-01
6.436375975608825684e-01
6.827315688133239746e-01
6.587123274803161621e-01
6.689453721046447754e-01
6.419417262077331543e-01
6.849261522293090820e-01
6.736395955085754395e-01
6.672133803367614746e-01
6.689922213554382324e-01
6.769447922706604004e-01
6.571035981178283691e-01
6.511778831481933594e-01
6.540036797523498535e-01
6.824795007705688477e-01
6.477536559104919434e-01
6.474261283874511719e-01
6.885232925415039062e-01
6.412430405616760254e-01
6.671035289764404297e-01
6.412401199340820312e-01
6.618632078170776367e-01
6.619040369987487793e-01
6.606203913688659668e-01
6.669235229492187500e-01
6.970962285995483398e-01
6.319841146469116211e-01
6.749686598777770996e-01
6.713581085205078125e-01
6.515856385231018066e-01
6.670752167701721191e-01
6.506780982017517090e-01
6.493678689002990723e-01
6.597437858581542969e-01
6.818464994430541992e-01
6.839126348495483398e-01
6.798495054244995117e-01
6.687943935394287109e-01
6.515957117080688477e-01
6.467270851135253906e-01
6.590363979339599609e-01
6.377553939819335938e-01
6.795512437820434570e-01
6.293419003486633301e-01
6.454284787178039551e-01
6.526207923889160156e-01
6.444361209869384766e-01
6.511357426643371582e-01
6.439821124076843262e-01
6.451116204261779785e-01
6.428362727165222168e-01
6.361404657363891602e-01
6.263818740844726562e-01
6.439576148986816406e-01
6.478797197341918945e-01
6.781958341598510742e-01
6.627358198165893555e-01
6.616925597190856934e-01
6.592158675193786621e-01
6.431549191474914551e-01
6.701287031173706055e-01
6.552007198333740234e-01
6.350087523460388184e-01
6.848097443580627441e-01
6.836917996406555176e-01
6.362740397453308105e-01
6.338698863983154297e-01
6.334263086318969727e-01
6.179417967796325684e-01
6.482619047164916992e-01
6.472197771072387695e-01
6.442498564720153809e-01
6.707536578178405762e-01
6.706905364990234375e-01
6.294414401054382324e-01
6.789304614067077637e-01
6.747506260871887207e-01
6.390365362167358398e-01
6.229619383811950684e-01
6.632415056228637695e-01
6.364990472793579102e-01
6.284978985786437988e-01
6.639820933341979980e-01
6.457456946372985840e-01
6.007042527198791504e-01
6.420592665672302246e-01
6.127196550369262695e-01
6.398681402206420898e-01
6.536635756492614746e-01
6.556118130683898926e-01
6.259803771972656250e-01
6.012340784072875977e-01
6.563376784324645996e-01
6.724601387977600098e-01
6.376505494117736816e-01
6.300719976425170898e-01
6.303128004074096680e-01
6.496394276618957520e-01
6.208410263061523438e-01
6.734004020690917969e-01
6.437512040138244629e-01
6.073468923568725586e-01
6.190052032470703125e-01
6.380230784416198730e-01
6.279952526092529297e-01
6.413764357566833496e-01
5.768039822578430176e-01
6.107574701309204102e-01
6.481434702873229980e-01
6.141994595527648926e-01
6.036567687988281250e-01
6.230758428573608398e-01
6.140656471252441406e-01
5.993452072143554688e-01
6.294794082641601562e-01
6.226098537445068359e-01
6.189426183700561523e-01
6.049985289573669434e-01
6.162176132202148438e-01
6.117172241210937500e-01
6.509125232696533203e-01
6.155788898468017578e-01
6.677174568176269531e-01
6.209827661514282227e-01
6.618213653564453125e-01
6.545201539993286133e-01
6.252603530883789062e-01
6.302550435066223145e-01
6.447979807853698730e-01
6.551971435546875000e-01
6.338319182395935059e-01
6.315464377403259277e-01
6.058722138404846191e-01
6.282054185867309570e-01
5.694386959075927734e-01
6.097347736358642578e-01
6.028727889060974121e-01
5.906164646148681641e-01
5.583031177520751953e-01
6.013010740280151367e-01
6.245055794715881348e-01
6.492186188697814941e-01
6.270287036895751953e-01
6.293886303901672363e-01
6.297362446784973145e-01
6.242585778236389160e-01
6.042006015777587891e-01
5.994374752044677734e-01
5.661922693252563477e-01
5.957374572753906250e-01
6.060472726821899414e-01
6.410511732101440430e-01
6.403993964195251465e-01
6.335812211036682129e-01
5.998767018318176270e-01
5.994892716407775879e-01
6.021473407745361328e-01
6.059995889663696289e-01
5.879159569740295410e-01
6.583083271980285645e-01
5.997769832611083984e-01
5.773684978485107422e-01
6.185838580131530762e-01
5.953277945518493652e-01
5.939901471138000488e-01
5.816703438758850098e-01
6.103802919387817383e-01
5.885359048843383789e-01
5.912348628044128418e-01
6.278069019317626953e-01
5.798435807228088379e-01
5.917932391166687012e-01
5.868614315986633301e-01
6.271451115608215332e-01
5.746116042137145996e-01
5.846977233886718750e-01
5.595464110374450684e-01
6.061613559722900391e-01
6.044883131980895996e-01
5.974718928337097168e-01
5.838723182678222656e-01
6.133418083190917969e-01
5.673562288284301758e-01
5.463657379150390625e-01
5.683065056800842285e-01
5.985944271087646484e-01
5.936833620071411133e-01
5.702064037322998047e-01
6.073216795921325684e-01
6.042112112045288086e-01
5.839362144470214844e-01
5.925040245056152344e-01
5.542674064636230469e-01
6.051081418991088867e-01
5.538725852966308594e-01
5.908222198486328125e-01
5.369917154312133789e-01
5.899784564971923828e-01
5.737997889518737793e-01
5.429944396018981934e-01
5.662879943847656250e-01
5.578401088714599609e-01
5.831333398818969727e-01
6.126013994216918945e-01
6.016821265220642090e-01
5.540099740028381348e-01
5.476605296134948730e-01
5.656654238700866699e-01
5.522329211235046387e-01
5.927774906158447266e-01
5.795788168907165527e-01
5.595659613609313965e-01
5.396257042884826660e-01
5.333884358406066895e-01
5.143559575080871582e-01
5.273019671440124512e-01
5.785017013549804688e-01
5.573636293411254883e-01
5.728588104248046875e-01
5.602772831916809082e-01
5.599099397659301758e-01
5.781993269920349121e-01
5.585802793502807617e-01
5.465465784072875977e-01
5.545768141746520996e-01
5.471627712249755859e-01
5.441704988479614258e-01
4.821600019931793213e-01
5.057905316352844238e-01
5.568461418151855469e-01
5.723886489868164062e-01
5.233897566795349121e-01
5.240542888641357422e-01
5.462527275085449219e-01
5.528524518013000488e-01
5.710948705673217773e-01
5.339920520782470703e-01
5.606128573417663574e-01
5.253844857215881348e-01
5.256007909774780273e-01
4.804210364818572998e-01
5.459483265876770020e-01
6.071715354919433594e-01
5.823706388473510742e-01
5.384963154792785645e-01
5.328907966613769531e-01
5.585002303123474121e-01
5.666803121566772461e-01
4.901998937129974365e-01
5.582134127616882324e-01
5.590576529502868652e-01
5.363169312477111816e-01
5.247558355331420898e-01
5.159362554550170898e-01
4.872890114784240723e-01
5.022752881050109863e-01
5.073835849761962891e-01
4.606120288372039795e-01
5.207073688507080078e-01
5.082944631576538086e-01
5.030544996261596680e-01
5.074643492698669434e-01
5.380851626396179199e-01
5.222050547599792480e-01
5.003807544708251953e-01
5.161914825439453125e-01
5.169077515602111816e-01
5.165679454803466797e-01
5.293396711349487305e-01
4.869041442871093750e-01
5.211338400840759277e-01
4.747173190116882324e-01
4.938768148422241211e-01
5.514496564865112305e-01
4.984081685543060303e-01
5.435947179794311523e-01
5.068621635437011719e-01
4.695479571819305420e-01
5.243276357650756836e-01
4.898807108402252197e-01
4.407033324241638184e-01
4.815222620964050293e-01
4.844057857990264893e-01
4.785864651203155518e-01
4.870564937591552734e-01
4.657949209213256836e-01
4.464034438133239746e-01
4.770628809928894043e-01
4.824925065040588379e-01
4.960003495216369629e-01
4.527749419212341309e-01
4.876056015491485596e-01
4.114978611469268799e-01
4.378132224082946777e-01
4.791654348373413086e-01
5.169833898544311523e-01
4.974856376647949219e-01
4.695882499217987061e-01
4.590369462966918945e-01
4.962070882320404053e-01
5.088312625885009766e-01
4.992575347423553467e-01
4.606547355651855469e-01
4.869314432144165039e-01
5.079873800277709961e-01
4.973640143871307373e-01
5.138568282127380371e-01
5.194272994995117188e-01
4.268127679824829102e-01
4.468500614166259766e-01
4.970200359821319580e-01
4.495610594749450684e-01
4.802329838275909424e-01
4.570967853069305420e-01
4.577131569385528564e-01
5.099929571151733398e-01
4.338442683219909668e-01
4.357652366161346436e-01
4.589271247386932373e-01
4.559997916221618652e-01
4.844522178173065186e-01
4.019609987735748291e-01
4.282023012638092041e-01
5.029318332672119141e-01
4.333932399749755859e-01
4.655294120311737061e-01
4.127269387245178223e-01
4.642324149608612061e-01
4.898523390293121338e-01
4.232388138771057129e-01
4.206230044364929199e-01
4.315013289451599121e-01
4.605052769184112549e-01
4.124782979488372803e-01
4.528090357780456543e-01
4.979134500026702881e-01
4.051242768764495850e-01
4.627292454242706299e-01
3.965877294540405273e-01
4.126233756542205811e-01
4.264755547046661377e-01
3.667769134044647217e-01
4.357927441596984863e-01
3.775441944599151611e-01
4.105270802974700928e-01
4.134736955165863037e-01
3.939542472362518311e-01
3.934968113899230957e-01
4.242570996284484863e-01
4.094739854335784912e-01
3.627777993679046631e-01
4.149009585380554199e-01
4.648426771163940430e-01
4.518952369689941406e-01
3.875580430030822754e-01
4.226378202438354492e-01
4.181251525878906250e-01
4.458323717117309570e-01
4.028635621070861816e-01
4.591344296932220459e-01
4.656691849231719971e-01
4.011918604373931885e-01
4.058923125267028809e-01
4.488745927810668945e-01
4.488748013973236084e-01
4.610388875007629395e-01
3.885141611099243164e-01
3.877190351486206055e-01
3.650393784046173096e-01
3.814912438392639160e-01
4.298160970211029053e-01
3.755104541778564453e-01
3.666591644287109375e-01
4.000443518161773682e-01
3.712294399738311768e-01
3.585602343082427979e-01
4.283605813980102539e-01
3.704969286918640137e-01
3.635287284851074219e-01
4.007816910743713379e-01
3.632179200649261475e-01
3.714435696601867676e-01
4.237907230854034424e-01
3.693322539329528809e-01
3.712107241153717041e-01
3.930587172508239746e-01
3.829911351203918457e-01
4.149488210678100586e-01
3.805181086063385010e-01
3.924776315689086914e-01
4.448799788951873779e-01
3.941907882690429688e-01
3.797313272953033447e-01
3.977280855178833008e-01
4.446380734443664551e-01
4.079427123069763184e-01
3.357263505458831787e-01
3.680040538311004639e-01
3.147866725921630859e-01
3.586576581001281738e-01
4.242779612541198730e-01
3.730488419532775879e-01
3.180008530616760254e-01
3.745817244052886963e-01
3.761043548583984375e-01
3.200553655624389648e-01
3.246331214904785156e-01
3.463889956474304199e-01
3.882206678390502930e-01
3.818159997463226318e-01
4.389603734016418457e-01
3.508136868476867676e-01
3.333100676536560059e-01
4.009320139884948730e-01
3.697572350502014160e-01
3.644560873508453369e-01
3.553329706192016602e-01
3.766082823276519775e-01
3.944957256317138672e-01
3.332543373107910156e-01
3.222032189369201660e-01
3.725644350051879883e-01
3.212167918682098389e-01
4.080019891262054443e-01
