6.994712352752685547e-01
6.998493671417236328e-01
6.931056976318359375e-01
7.050752639770507812e-01
6.944062113761901855e-01
7.087824344635009766e-01
6.915823817253112793e-01
6.898725032806396484e-01
6.896991133689880371e-01
6.977953910827636719e-01
6.926592588424682617e-01
6.967173814773559570e-01
6.887357234954833984e-01
6.964586973190307617e-01
6.983324289321899414e-01
6.930119991302490234e-01
6.929264068603515625e-01
6.890851855278015137e-01
6.929709911346435547e-01
6.913581490516662598e-01
6.935393214225769043e-01
6.952726840972900391e-01
6.929659843444824219e-01
6.927585005760192871e-01
6.954376697540283203e-01
6.924351453781127930e-01
6.918488740921020508e-01
6.936069130897521973e-01
6.927312016487121582e-01
6.939927339553833008e-01
6.953349709510803223e-01
6.925089359283447266e-01
6.923400163650512695e-01
6.944159269332885742e-01
6.914511322975158691e-01
6.917736530303955078e-01
6.907272934913635254e-01
6.921736598014831543e-01
6.947700977325439453e-01
6.924654245376586914e-01
6.927556395530700684e-01
6.914900541305541992e-01
6.925182938575744629e-01
6.891619563102722168e-01
6.881470680236816406e-01
6.918122768402099609e-01
6.918809413909912109e-01
6.920759081840515137e-01
6.935445666313171387e-01
6.906647086143493652e-01
6.922250986099243164e-01
6.928110122680664062e-01
6.918422579765319824e-01
6.916849613189697266e-01
6.915667653083801270e-01
6.903725266456604004e-01
6.885533332824707031e-01
6.917004585266113281e-01
6.904511451721191406e-01
6.935908198356628418e-01
6.918725967407226562e-01
6.875041723251342773e-01
6.930456161499023438e-01
6.927918195724487305e-01
6.891379356384277344e-01
6.874457597732543945e-01
6.902586221694946289e-01
6.901036500930786133e-01
6.899982690811157227e-01
6.915142536163330078e-01
6.918032169342041016e-01
6.866885423660278320e-01
6.870283484458923340e-01
6.874074935913085938e-01
6.894534826278686523e-01
6.906304359436035156e-01
6.900647878646850586e-01
6.934002041816711426e-01
6.915477514266967773e-01
6.932953596115112305e-01
6.891527175903320312e-01
6.911646127700805664e-01
6.879156231880187988e-01
6.943739056587219238e-01
6.881409883499145508e-01
6.896165013313293457e-01
6.917369365692138672e-01
6.938596367835998535e-01
6.860044598579406738e-01
6.890665292739868164e-01
6.873598694801330566e-01
6.888016462326049805e-01
6.843196749687194824e-01
6.859812736511230469e-01
6.896411776542663574e-01
6.904692053794860840e-01
6.811742186546325684e-01
6.863622665405273438e-01
6.846613287925720215e-01
6.879412531852722168e-01
6.931746602058410645e-01
6.877926588058471680e-01
6.867193579673767090e-01
6.876679062843322754e-01
6.858488321304321289e-01
6.905217170715332031e-01
6.844962835311889648e-01
6.942468285560607910e-01
6.930560469627380371e-01
6.889556050300598145e-01
6.890358328819274902e-01
6.872040033340454102e-01
6.911567449569702148e-01
6.895104050636291504e-01
6.947257518768310547e-01
6.842325329780578613e-01
6.832520961761474609e-01
6.840500235557556152e-01
6.847342848777770996e-01
6.910731792449951172e-01
6.910552382469177246e-01
6.955196857452392578e-01
6.870458126068115234e-01
6.886286735534667969e-01
6.838600635528564453e-01
6.829553246498107910e-01
6.884698271751403809e-01
6.818995475769042969e-01
6.805673837661743164e-01
6.849565505981445312e-01
6.818361878395080566e-01
6.840292811393737793e-01
6.905536055564880371e-01
6.866481304168701172e-01
6.872974634170532227e-01
6.795223951339721680e-01
6.861910820007324219e-01
6.911838650703430176e-01
6.786119937896728516e-01
6.831768155097961426e-01
6.755897402763366699e-01
6.820183992385864258e-01
6.866888403892517090e-01
6.924183368682861328e-01
6.823522448539733887e-01
6.824034452438354492e-01
6.838347911834716797e-01
6.773937940597534180e-01
6.746298074722290039e-01
6.855121254920959473e-01
6.744848489761352539e-01
6.858491897583007812e-01
6.834849119186401367e-01
6.786002516746520996e-01
6.700589656829833984e-01
6.891651749610900879e-01
6.794669628143310547e-01
6.816555261611938477e-01
6.811439990997314453e-01
6.808274388313293457e-01
6.854626536369323730e-01
6.735126972198486328e-01
6.820673942565917969e-01
6.846355199813842773e-01
6.979706287384033203e-01
6.821141242980957031e-01
6.795542240142822266e-01
6.712450385093688965e-01
6.762248873710632324e-01
6.804242134094238281e-01
6.733006238937377930e-01
6.791643500328063965e-01
6.782761812210083008e-01
6.811507344245910645e-01
6.717422008514404297e-01
6.741725802421569824e-01
6.733757853507995605e-01
6.690223813056945801e-01
6.640551090240478516e-01
6.844962239265441895e-01
6.768595576286315918e-01
6.929905414581298828e-01
6.667231321334838867e-01
6.627851724624633789e-01
6.720344424247741699e-01
6.808908581733703613e-01
6.926484107971191406e-01
6.680694222450256348e-01
6.779082417488098145e-01
6.768910288810729980e-01
6.728858351707458496e-01
6.771588325500488281e-01
6.620346307754516602e-01
6.517934799194335938e-01
6.732043027877807617e-01
6.708433628082275391e-01
6.706029176712036133e-01
6.801115274429321289e-01
6.729872226715087891e-01
6.717007160186767578e-01
6.873204112052917480e-01
6.825548410415649414e-01
6.880707144737243652e-01
6.690176725387573242e-01
6.725221872329711914e-01
6.744453907012939453e-01
6.614862680435180664e-01
6.405420899391174316e-01
6.579375267028808594e-01
6.747261285781860352e-01
6.758034825325012207e-01
6.760421991348266602e-01
6.564654111862182617e-01
6.809521913528442383e-01
6.690519452095031738e-01
6.613740921020507812e-01
6.641558408737182617e-01
6.854321956634521484e-01
6.621962785720825195e-01
6.752290129661560059e-01
6.564374566078186035e-01
6.555494070053100586e-01
6.626110076904296875e-01
6.814276576042175293e-01
6.456711292266845703e-01
6.641855239868164062e-01
6.694573163986206055e-01
6.800296306610107422e-01
6.715394258499145508e-01
6.943481564521789551e-01
6.874700784683227539e-01
6.835687160491943359e-01
6.519654393196105957e-01
6.541580557823181152e-01
6.880945563316345215e-01
6.644198894500732422e-01
6.787456274032592773e-01
6.542631983757019043e-01
6.589968800544738770e-01
6.656419634819030762e-01
6.645220518112182617e-01
6.704511046409606934e-01
6.888589859008789062e-01
6.521190404891967773e-01
6.537857055664062500e-01
6.749148964881896973e-01
6.757183670997619629e-01
6.550974845886230469e-01
6.563259363174438477e-01
6.572182178497314453e-01
6.444483399391174316e-01
6.395091414451599121e-01
6.597953438758850098e-01
6.608242988586425781e-01
6.621741056442260742e-01
6.655601263046264648e-01
6.421554684638977051e-01
6.439372301101684570e-01
6.435368061065673828e-01
6.382646560668945312e-01
6.611167788505554199e-01
6.425769329071044922e-01
6.504950523376464844e-01
6.544908285140991211e-01
6.464893221855163574e-01
6.383401155471801758e-01
6.758022308349609375e-01
6.555974483489990234e-01
6.390455365180969238e-01
6.503168344497680664e-01
6.507629156112670898e-01
6.523293852806091309e-01
6.478124856948852539e-01
6.559446454048156738e-01
6.266677379608154297e-01
6.608492136001586914e-01
6.585506200790405273e-01
6.899462342262268066e-01
6.554778814315795898e-01
6.462457180023193359e-01
6.574879884719848633e-01
6.670851111412048340e-01
6.634086370468139648e-01
6.633176803588867188e-01
6.456561088562011719e-01
6.553508639335632324e-01
6.450064778327941895e-01
6.499667763710021973e-01
6.547124981880187988e-01
6.654188632965087891e-01
6.308223009109497070e-01
6.430333852767944336e-01
6.542916297912597656e-01
6.610898375511169434e-01
6.155667304992675781e-01
6.344132423400878906e-01
6.200329661369323730e-01
6.303224563598632812e-01
6.082009077072143555e-01
6.274101734161376953e-01
6.228677630424499512e-01
6.250854134559631348e-01
6.348342895507812500e-01
6.390462517738342285e-01
6.366840600967407227e-01
6.380875110626220703e-01
6.429861783981323242e-01
6.889869570732116699e-01
6.399967670440673828e-01
6.525536179542541504e-01
6.688356399536132812e-01
6.368842124938964844e-01
6.398654580116271973e-01
6.378940939903259277e-01
6.214479804039001465e-01
6.528357267379760742e-01
6.436798572540283203e-01
6.522579789161682129e-01
6.765977740287780762e-01
6.098909378051757812e-01
6.186510920524597168e-01
6.580539345741271973e-01
6.278211474418640137e-01
6.370234489440917969e-01
6.512041091918945312e-01
5.887184143066406250e-01
6.190194487571716309e-01
6.492897272109985352e-01
6.427010893821716309e-01
6.202111244201660156e-01
6.286946535110473633e-01
6.075334548950195312e-01
6.160725951194763184e-01
6.387341022491455078e-01
6.398380994796752930e-01
6.264490485191345215e-01
6.092276573181152344e-01
6.175658702850341797e-01
6.219998002052307129e-01
6.561818122863769531e-01
6.267651915550231934e-01
6.074181795120239258e-01
6.254454255104064941e-01
6.160140037536621094e-01
6.421017646789550781e-01
6.416189670562744141e-01
6.392714381217956543e-01
6.017784476280212402e-01
6.135261058807373047e-01
5.661792159080505371e-01
6.216872334480285645e-01
5.742960572242736816e-01
6.163198947906494141e-01
6.237848401069641113e-01
6.046054959297180176e-01
6.285617947578430176e-01
5.982553362846374512e-01
6.343934535980224609e-01
6.597318649291992188e-01
5.845823884010314941e-01
6.025713682174682617e-01
6.186414957046508789e-01
6.344591379165649414e-01
6.338464021682739258e-01
6.216104626655578613e-01
6.023803949356079102e-01
5.969073772430419922e-01
6.507760286331176758e-01
6.050060391426086426e-01
6.164892911911010742e-01
6.774224042892456055e-01
5.789106488227844238e-01
5.958933830261230469e-01
6.270065903663635254e-01
6.371285319328308105e-01
6.353731751441955566e-01
5.905852913856506348e-01
5.806759595870971680e-01
6.136631965637207031e-01
5.722476243972778320e-01
6.215776801109313965e-01
5.841858386993408203e-01
5.658960342407226562e-01
5.852568149566650391e-01
6.025473475456237793e-01
6.023312211036682129e-01
5.850343704223632812e-01
6.266118288040161133e-01
6.210334300994873047e-01
6.014969348907470703e-01
6.014385819435119629e-01
5.987789034843444824e-01
5.744306445121765137e-01
5.762741565704345703e-01
5.686520338058471680e-01
5.650328397750854492e-01
6.146888136863708496e-01
5.827323198318481445e-01
6.245431303977966309e-01
6.356377005577087402e-01
5.913767814636230469e-01
5.879111886024475098e-01
5.750326514244079590e-01
5.911430120468139648e-01
6.109835505485534668e-01
6.282717585563659668e-01
6.027473807334899902e-01
5.689538717269897461e-01
5.736215710639953613e-01
5.450485348701477051e-01
5.382807254791259766e-01
5.583943724632263184e-01
5.875623226165771484e-01
5.674055814743041992e-01
5.769180655479431152e-01
5.796427726745605469e-01
5.818535089492797852e-01
5.669158697128295898e-01
5.533817410469055176e-01
5.545945763587951660e-01
5.402096509933471680e-01
6.040042638778686523e-01
5.828512907028198242e-01
5.945350527763366699e-01
5.571038722991943359e-01
5.936942696571350098e-01
5.618377923965454102e-01
5.598863959312438965e-01
5.681880712509155273e-01
5.930100083351135254e-01
5.605174303054809570e-01
5.925519466400146484e-01
5.501143336296081543e-01
5.615042448043823242e-01
6.019207835197448730e-01
5.573860406875610352e-01
5.401850938796997070e-01
5.551179051399230957e-01
5.451688766479492188e-01
5.540189146995544434e-01
5.540277361869812012e-01
6.000390648841857910e-01
5.539804100990295410e-01
5.796607732772827148e-01
5.473347902297973633e-01
5.428401231765747070e-01
5.707641243934631348e-01
5.649440884590148926e-01
5.429803133010864258e-01
5.068849325180053711e-01
6.067758202552795410e-01
5.724935531616210938e-01
5.733533501625061035e-01
5.419065356254577637e-01
5.216727852821350098e-01
5.082869529724121094e-01
5.396865606307983398e-01
5.012461543083190918e-01
5.566982626914978027e-01
5.504468083381652832e-01
4.793367385864257812e-01
5.313019156455993652e-01
5.494965314865112305e-01
5.147874355316162109e-01
5.415688753128051758e-01
5.388965606689453125e-01
5.023553371429443359e-01
4.922418594360351562e-01
4.690684676170349121e-01
5.053957104682922363e-01
5.264216661453247070e-01
4.969777464866638184e-01
5.143574476242065430e-01
4.933198094367980957e-01
5.171070098876953125e-01
5.100988149642944336e-01
5.246926546096801758e-01
5.308516621589660645e-01
5.268715620040893555e-01
5.418979525566101074e-01
4.879829287528991699e-01
5.056097507476806641e-01
4.942040443420410156e-01
5.449036359786987305e-01
5.211399793624877930e-01
5.290820002555847168e-01
5.610128641128540039e-01
5.046969056129455566e-01
5.355132818222045898e-01
5.270363092422485352e-01
4.784572124481201172e-01
5.172702074050903320e-01
5.158320069313049316e-01
4.454400539398193359e-01
5.235058069229125977e-01
4.867053031921386719e-01
4.855051040649414062e-01
4.877855777740478516e-01
4.850020706653594971e-01
4.820255637168884277e-01
4.588912129402160645e-01
5.421230196952819824e-01
4.849857687950134277e-01
4.959293007850646973e-01
4.579561948776245117e-01
5.075834989547729492e-01
4.878146350383758545e-01
4.447838068008422852e-01
4.370609223842620850e-01
4.610916376113891602e-01
4.964706301689147949e-01
5.325756072998046875e-01
4.459510445594787598e-01
4.236995279788970947e-01
4.873412251472473145e-01
4.893679320812225342e-01
5.452484488487243652e-01
5.755765438079833984e-01
4.467428922653198242e-01
5.243832468986511230e-01
4.446313381195068359e-01
4.606721699237823486e-01
4.691011011600494385e-01
4.338663518428802490e-01
4.744383990764617920e-01
4.812136292457580566e-01
4.624707102775573730e-01
4.486539363861083984e-01
4.448918700218200684e-01
5.004406571388244629e-01
4.760579764842987061e-01
4.529675841331481934e-01
4.696060419082641602e-01
4.089838266372680664e-01
4.516544938087463379e-01
4.278833866119384766e-01
4.261455237865447998e-01
4.863514304161071777e-01
4.314765632152557373e-01
4.353149831295013428e-01
4.548468589782714844e-01
4.723962843418121338e-01
4.008924663066864014e-01
4.830290079116821289e-01
4.355354309082031250e-01
4.678292870521545410e-01
4.288765490055084229e-01
4.923161268234252930e-01
4.514686167240142822e-01
4.583361446857452393e-01
4.090250432491302490e-01
4.057653248310089111e-01
4.414488077163696289e-01
4.035141468048095703e-01
3.595392405986785889e-01
4.089377522468566895e-01
3.993611931800842285e-01
4.394779205322265625e-01
4.058020114898681641e-01
4.138521552085876465e-01
4.738682508468627930e-01
4.134498536586761475e-01
5.076205134391784668e-01
4.264764189720153809e-01
4.403489232063293457e-01
4.414436817169189453e-01
3.799841403961181641e-01
4.425561726093292236e-01
4.036805629730224609e-01
4.132402539253234863e-01
3.738011121749877930e-01
4.657415747642517090e-01
3.947469890117645264e-01
4.198545813560485840e-01
3.958229422569274902e-01
4.416900277137756348e-01
3.868818879127502441e-01
3.931525051593780518e-01
4.935933947563171387e-01
4.018855094909667969e-01
3.722722530364990234e-01
3.902071118354797363e-01
3.918729126453399658e-01
3.705502748489379883e-01
4.097019731998443604e-01
4.105829000473022461e-01
3.800095915794372559e-01
3.456707894802093506e-01
3.936483263969421387e-01
3.886069655418395996e-01
3.659040033817291260e-01
4.095664322376251221e-01
3.867096602916717529e-01
3.898110389709472656e-01
3.925086557865142822e-01
3.819986581802368164e-01
4.189282655715942383e-01
3.831249475479125977e-01
3.855095505714416504e-01
4.426930844783782959e-01
3.972475528717041016e-01
3.964876532554626465e-01
3.963937759399414062e-01
4.293874800205230713e-01
4.297997951507568359e-01
4.464240372180938721e-01
3.633136451244354248e-01
3.945415318012237549e-01
4.837516546249389648e-01
3.079286813735961914e-01
3.392954468727111816e-01
3.971277177333831787e-01
4.351601898670196533e-01
4.363940358161926270e-01
3.599057793617248535e-01
4.038874804973602295e-01
3.576978743076324463e-01
4.341772496700286865e-01
3.526488244533538818e-01
3.753027915954589844e-01
4.025976657867431641e-01
4.302708804607391357e-01
3.496319949626922607e-01
3.500436842441558838e-01
3.536459505558013916e-01
3.572737276554107666e-01
3.247984349727630615e-01
3.414106070995330811e-01
3.516931235790252686e-01
3.634324669837951660e-01
3.827879130840301514e-01
3.085993826389312744e-01
3.879599273204803467e-01
3.179809749126434326e-01
3.569112718105316162e-01
3.568672537803649902e-01
3.253301084041595459e-01
3.537485599517822266e-01
