6.928849816322326660e-01
6.889296770095825195e-01
6.937828660011291504e-01
6.920899748802185059e-01
6.920168399810791016e-01
6.934283971786499023e-01
6.941317319869995117e-01
6.937688589096069336e-01
6.946796178817749023e-01
6.920049190521240234e-01
6.935657858848571777e-01
6.972919106483459473e-01
7.045962810516357422e-01
6.982093453407287598e-01
6.939038038253784180e-01
6.892407536506652832e-01
6.952614784240722656e-01
6.916207671165466309e-01
6.848291754722595215e-01
6.924622654914855957e-01
6.908190846443176270e-01
6.970625519752502441e-01
6.936660408973693848e-01
6.929220557212829590e-01
6.956642270088195801e-01
6.937667131423950195e-01
6.936845779418945312e-01
6.950491666793823242e-01
7.003245353698730469e-01
6.887758970260620117e-01
6.917477846145629883e-01
6.894089579582214355e-01
6.897170543670654297e-01
6.913972496986389160e-01
6.910299658775329590e-01
6.898370385169982910e-01
6.949955224990844727e-01
6.897432804107666016e-01
6.927701830863952637e-01
6.908550262451171875e-01
6.926103234291076660e-01
6.895272731781005859e-01
6.903106570243835449e-01
6.892607808113098145e-01
6.932451128959655762e-01
6.906759738922119141e-01
6.914410591125488281e-01
6.949066519737243652e-01
6.908794641494750977e-01
6.922807693481445312e-01
6.906586289405822754e-01
6.905711293220520020e-01
6.931435465812683105e-01
6.934304833412170410e-01
6.909452080726623535e-01
6.887065172195434570e-01
6.917701363563537598e-01
6.865359544754028320e-01
6.864085197448730469e-01
6.880382299423217773e-01
6.863955259323120117e-01
6.906877756118774414e-01
6.906091570854187012e-01
6.909394264221191406e-01
6.854692101478576660e-01
6.911504864692687988e-01
6.890256404876708984e-01
6.904972195625305176e-01
6.886509656906127930e-01
6.872128248214721680e-01
6.896573305130004883e-01
6.895896792411804199e-01
6.912479996681213379e-01
6.886840462684631348e-01
6.922081708908081055e-01
6.870335936546325684e-01
6.890656352043151855e-01
6.904697418212890625e-01
6.882921457290649414e-01
6.931815743446350098e-01
6.904293298721313477e-01
6.907442212104797363e-01
6.871811747550964355e-01
6.881610155105590820e-01
6.909185647964477539e-01
6.881737709045410156e-01
6.899362802505493164e-01
6.864452958106994629e-01
6.906487345695495605e-01
6.859880685806274414e-01
6.848590373992919922e-01
6.899197101593017578e-01
6.846771240234375000e-01
6.869248747825622559e-01
6.880650520324707031e-01
6.912903189659118652e-01
6.837651729583740234e-01
6.908568739891052246e-01
6.893218755722045898e-01
6.880671977996826172e-01
6.831456422805786133e-01
6.826806068420410156e-01
6.922647953033447266e-01
6.859322786331176758e-01
6.910346746444702148e-01
6.847687959671020508e-01
6.821969747543334961e-01
6.911795735359191895e-01
6.873837113380432129e-01
6.822431087493896484e-01
6.827048063278198242e-01
6.816042065620422363e-01
6.786202192306518555e-01
6.887145042419433594e-01
6.874307990074157715e-01
6.963378190994262695e-01
6.905030012130737305e-01
6.820577383041381836e-01
6.866341829299926758e-01
6.827136874198913574e-01
6.827229261398315430e-01
6.811565756797790527e-01
6.789301633834838867e-01
6.795849204063415527e-01
6.872879862785339355e-01
6.787934303283691406e-01
6.783762574195861816e-01
6.782774329185485840e-01
6.796474456787109375e-01
6.907091140747070312e-01
6.804209351539611816e-01
6.829716563224792480e-01
6.777446269989013672e-01
6.907011866569519043e-01
6.877551078796386719e-01
6.838978528976440430e-01
6.777532696723937988e-01
6.811468601226806641e-01
6.883414387702941895e-01
6.902056932449340820e-01
6.853667497634887695e-01
6.755298972129821777e-01
6.889176368713378906e-01
6.700350046157836914e-01
6.919606924057006836e-01
6.805268526077270508e-01
6.736696958541870117e-01
6.940482258796691895e-01
6.913783550262451172e-01
6.735283732414245605e-01
6.790505051612854004e-01
6.799578666687011719e-01
6.859902143478393555e-01
6.775072216987609863e-01
6.776868700981140137e-01
6.796793937683105469e-01
6.804571151733398438e-01
6.793440580368041992e-01
6.931788325309753418e-01
6.699457168579101562e-01
6.798825263977050781e-01
6.867832541465759277e-01
6.828066110610961914e-01
6.739903092384338379e-01
6.794708371162414551e-01
6.873636245727539062e-01
6.691715717315673828e-01
6.825470924377441406e-01
6.841636300086975098e-01
6.779659390449523926e-01
6.586694121360778809e-01
6.913197040557861328e-01
6.759265661239624023e-01
6.834607124328613281e-01
6.673761606216430664e-01
6.806142330169677734e-01
6.740047335624694824e-01
6.900867223739624023e-01
6.822197437286376953e-01
6.850259304046630859e-01
6.710819602012634277e-01
6.840686202049255371e-01
6.660714745521545410e-01
6.672886013984680176e-01
6.744171977043151855e-01
6.647446155548095703e-01
6.708973050117492676e-01
6.744728088378906250e-01
6.710909008979797363e-01
6.721593737602233887e-01
6.707520484924316406e-01
6.758061647415161133e-01
6.766071319580078125e-01
6.537062525749206543e-01
6.831535100936889648e-01
6.627389192581176758e-01
6.771375536918640137e-01
6.770547032356262207e-01
6.629098653793334961e-01
6.688823699951171875e-01
6.722189784049987793e-01
6.966235041618347168e-01
6.952315568923950195e-01
6.600890159606933594e-01
6.755806803703308105e-01
6.575330495834350586e-01
6.548022031784057617e-01
6.673166751861572266e-01
6.733462810516357422e-01
6.547895669937133789e-01
6.752617359161376953e-01
6.563989520072937012e-01
6.847908496856689453e-01
6.526933908462524414e-01
6.575394868850708008e-01
6.820961833000183105e-01
6.617592573165893555e-01
6.608283519744873047e-01
6.642920374870300293e-01
6.671384572982788086e-01
6.695549488067626953e-01
6.650952696800231934e-01
6.725662946701049805e-01
6.557592749595642090e-01
6.676858067512512207e-01
6.711220145225524902e-01
6.702986955642700195e-01
6.746422648429870605e-01
6.503638029098510742e-01
6.670455932617187500e-01
6.595091223716735840e-01
6.752784252166748047e-01
6.794924139976501465e-01
6.708672046661376953e-01
6.671817898750305176e-01
6.462601423263549805e-01
6.511244773864746094e-01
6.569640040397644043e-01
6.708157658576965332e-01
6.535757184028625488e-01
6.594543457031250000e-01
6.594908237457275391e-01
6.777637004852294922e-01
6.373185515403747559e-01
6.574841141700744629e-01
6.648591756820678711e-01
6.476261615753173828e-01
6.498887538909912109e-01
6.698395013809204102e-01
6.364535093307495117e-01
6.411755681037902832e-01
6.540248990058898926e-01
6.606456041336059570e-01
6.499247550964355469e-01
6.675976514816284180e-01
6.571436524391174316e-01
6.423147916793823242e-01
6.557192802429199219e-01
6.573559641838073730e-01
6.526296734809875488e-01
6.395861506462097168e-01
6.461010575294494629e-01
6.518960595130920410e-01
6.455714702606201172e-01
6.449941396713256836e-01
6.333357691764831543e-01
6.303580403327941895e-01
6.475120782852172852e-01
6.625284552574157715e-01
6.348783969879150391e-01
6.529469490051269531e-01
6.528665423393249512e-01
6.441932320594787598e-01
6.479361653327941895e-01
6.377537846565246582e-01
6.543056964874267578e-01
6.519486904144287109e-01
6.223278045654296875e-01
6.441441178321838379e-01
6.397207975387573242e-01
6.314416527748107910e-01
6.686287522315979004e-01
6.243309378623962402e-01
6.752235293388366699e-01
6.308528184890747070e-01
6.380152702331542969e-01
6.566545963287353516e-01
6.568524241447448730e-01
6.567229628562927246e-01
6.643349528312683105e-01
6.277678012847900391e-01
6.588269472122192383e-01
6.368246078491210938e-01
6.467813253402709961e-01
6.334108710289001465e-01
6.339371204376220703e-01
6.337993144989013672e-01
6.259897947311401367e-01
6.287154555320739746e-01
6.518561840057373047e-01
6.346839666366577148e-01
6.194463372230529785e-01
6.189419627189636230e-01
6.142578125000000000e-01
6.295370459556579590e-01
6.368297934532165527e-01
6.431843638420104980e-01
6.542083024978637695e-01
6.052266359329223633e-01
6.313883066177368164e-01
6.457493901252746582e-01
6.539323329925537109e-01
6.103746891021728516e-01
6.362357139587402344e-01
6.489748358726501465e-01
6.355167627334594727e-01
6.260754466056823730e-01
6.121159791946411133e-01
6.469772458076477051e-01
6.282872557640075684e-01
6.222566962242126465e-01
6.072307825088500977e-01
6.193018555641174316e-01
6.600286960601806641e-01
5.978492498397827148e-01
6.414848566055297852e-01
5.963371992111206055e-01
6.096311807632446289e-01
6.128849983215332031e-01
6.081780791282653809e-01
6.258316040039062500e-01
6.332508921623229980e-01
5.920050144195556641e-01
6.198954582214355469e-01
5.848039388656616211e-01
6.274503469467163086e-01
6.200146675109863281e-01
5.923390388488769531e-01
6.159028410911560059e-01
6.296277046203613281e-01
6.360154747962951660e-01
5.755913257598876953e-01
6.548842191696166992e-01
6.161175966262817383e-01
6.143564581871032715e-01
6.498784422874450684e-01
5.906816124916076660e-01
6.062082052230834961e-01
6.163977980613708496e-01
5.838075280189514160e-01
5.878332257270812988e-01
6.010351181030273438e-01
5.841503143310546875e-01
6.475362777709960938e-01
5.909281373023986816e-01
6.007572412490844727e-01
6.013184785842895508e-01
6.148044466972351074e-01
5.749207735061645508e-01
6.117384433746337891e-01
6.083855628967285156e-01
5.724122524261474609e-01
5.991958379745483398e-01
5.794883966445922852e-01
5.976975560188293457e-01
6.324308514595031738e-01
5.859274268150329590e-01
5.957866907119750977e-01
5.915361642837524414e-01
5.763037800788879395e-01
5.945003032684326172e-01
6.110728979110717773e-01
5.999919772148132324e-01
6.090129017829895020e-01
6.130199432373046875e-01
6.030086874961853027e-01
5.933818221092224121e-01
5.688304305076599121e-01
5.709828138351440430e-01
6.086153984069824219e-01
5.471930503845214844e-01
6.126478314399719238e-01
5.744240283966064453e-01
5.625195503234863281e-01
5.851556658744812012e-01
5.907403230667114258e-01
6.185303330421447754e-01
5.832077264785766602e-01
5.388453006744384766e-01
5.508286356925964355e-01
5.690045356750488281e-01
5.993348956108093262e-01
5.987279415130615234e-01
5.789740085601806641e-01
5.869453549385070801e-01
6.087307929992675781e-01
5.489658713340759277e-01
5.615136027336120605e-01
5.440711975097656250e-01
5.852788686752319336e-01
5.798683166503906250e-01
5.698669552803039551e-01
5.772559046745300293e-01
5.703903436660766602e-01
5.658912062644958496e-01
5.654745101928710938e-01
5.360487699508666992e-01
5.481320619583129883e-01
5.634214282035827637e-01
5.209336280822753906e-01
5.598297119140625000e-01
5.442778468132019043e-01
5.728899240493774414e-01
5.167711377143859863e-01
5.375456213951110840e-01
5.121431350708007812e-01
5.811793804168701172e-01
6.036792993545532227e-01
5.336631536483764648e-01
5.336253046989440918e-01
5.838063955307006836e-01
5.676942467689514160e-01
5.205000638961791992e-01
5.524880290031433105e-01
5.629723072052001953e-01
5.478052496910095215e-01
5.486233234405517578e-01
5.321297645568847656e-01
5.594851374626159668e-01
5.810579061508178711e-01
5.271800160408020020e-01
5.479455590248107910e-01
5.751476287841796875e-01
5.440031886100769043e-01
5.772047042846679688e-01
5.850903391838073730e-01
5.356332063674926758e-01
5.736494064331054688e-01
5.132509469985961914e-01
4.989673495292663574e-01
5.087130665779113770e-01
4.755744338035583496e-01
5.437842011451721191e-01
5.477817058563232422e-01
5.296021699905395508e-01
5.461670756340026855e-01
4.987904429435729980e-01
5.381600260734558105e-01
5.068629384040832520e-01
5.143973827362060547e-01
5.147016644477844238e-01
5.271719694137573242e-01
4.949062168598175049e-01
4.910603165626525879e-01
4.965662360191345215e-01
4.924836158752441406e-01
5.262309908866882324e-01
5.256886482238769531e-01
5.086442232131958008e-01
4.862542450428009033e-01
5.244571566581726074e-01
5.100926756858825684e-01
5.677898526191711426e-01
5.856895446777343750e-01
5.542019009590148926e-01
4.779645800590515137e-01
4.627876281738281250e-01
5.613244175910949707e-01
5.070078372955322266e-01
5.201842784881591797e-01
4.345171749591827393e-01
5.087926983833312988e-01
5.600557327270507812e-01
5.272093415260314941e-01
4.975910484790802002e-01
4.682094454765319824e-01
5.500688552856445312e-01
4.603282511234283447e-01
5.630144476890563965e-01
5.258586406707763672e-01
4.736242592334747314e-01
5.197803974151611328e-01
4.798509180545806885e-01
4.999437332153320312e-01
4.844061434268951416e-01
4.835739433765411377e-01
5.235962271690368652e-01
4.434457123279571533e-01
5.524654984474182129e-01
5.242373943328857422e-01
4.879555404186248779e-01
4.765278697013854980e-01
5.401619672775268555e-01
4.224783480167388916e-01
4.808058440685272217e-01
5.075097680091857910e-01
4.354687035083770752e-01
4.930719137191772461e-01
4.739073812961578369e-01
4.610223472118377686e-01
4.678996205329895020e-01
5.344525575637817383e-01
4.885183274745941162e-01
4.400972723960876465e-01
3.685182631015777588e-01
4.484226405620574951e-01
4.507160782814025879e-01
4.850850701332092285e-01
5.089417695999145508e-01
4.593540132045745850e-01
4.676205515861511230e-01
5.023616552352905273e-01
4.427646994590759277e-01
4.603037238121032715e-01
4.759176075458526611e-01
4.387281835079193115e-01
4.315176308155059814e-01
4.985511898994445801e-01
4.815459847450256348e-01
5.033518075942993164e-01
4.508611559867858887e-01
4.567854404449462891e-01
4.356056451797485352e-01
4.522604048252105713e-01
4.119107127189636230e-01
4.101285338401794434e-01
4.098199605941772461e-01
4.611962139606475830e-01
4.407665729522705078e-01
4.193940460681915283e-01
4.057655930519104004e-01
4.141062498092651367e-01
4.234190583229064941e-01
4.612285494804382324e-01
4.380624890327453613e-01
4.626190066337585449e-01
4.568641781806945801e-01
4.378220736980438232e-01
4.615111947059631348e-01
4.731643497943878174e-01
4.446987509727478027e-01
3.967242836952209473e-01
4.465325176715850830e-01
4.570208787918090820e-01
4.891468286514282227e-01
4.121761918067932129e-01
3.696590662002563477e-01
4.654909372329711914e-01
4.338723719120025635e-01
4.525739550590515137e-01
4.022234678268432617e-01
3.919560611248016357e-01
4.256674647331237793e-01
4.238423109054565430e-01
4.444192647933959961e-01
3.893264234066009521e-01
3.985165357589721680e-01
4.065562188625335693e-01
4.210873246192932129e-01
3.429727554321289062e-01
4.619536399841308594e-01
4.262164235115051270e-01
3.877177536487579346e-01
3.874874413013458252e-01
4.333545863628387451e-01
3.538651168346405029e-01
3.898168206214904785e-01
4.189487695693969727e-01
3.783552646636962891e-01
4.072357714176177979e-01
4.390497803688049316e-01
4.349091649055480957e-01
4.113211631774902344e-01
3.781338930130004883e-01
4.007604122161865234e-01
4.312804937362670898e-01
3.429581522941589355e-01
3.473556041717529297e-01
4.299171566963195801e-01
4.323289394378662109e-01
3.570620417594909668e-01
3.744642734527587891e-01
3.670856952667236328e-01
3.990847468376159668e-01
3.491963744163513184e-01
3.531856834888458252e-01
3.582876026630401611e-01
3.762082457542419434e-01
3.553637564182281494e-01
3.795074522495269775e-01
4.009773433208465576e-01
3.631566464900970459e-01
3.885974287986755371e-01
3.597432971000671387e-01
3.264386951923370361e-01
3.055315613746643066e-01
4.463113248348236084e-01
3.611463308334350586e-01
4.352157711982727051e-01
4.031061530113220215e-01
4.290279746055603027e-01
4.272506237030029297e-01
3.363862633705139160e-01
3.751663267612457275e-01
3.704751431941986084e-01
3.867850899696350098e-01
3.481774628162384033e-01
3.697972893714904785e-01
3.268324732780456543e-01
3.348390460014343262e-01
3.314449191093444824e-01
3.734671175479888916e-01
3.247227966785430908e-01
3.241270482540130615e-01
2.878504693508148193e-01
3.617287576198577881e-01
3.050162792205810547e-01
3.537771403789520264e-01
3.476711511611938477e-01
3.699811995029449463e-01
3.321154117584228516e-01
3.844840824604034424e-01
3.544287681579589844e-01
3.204213082790374756e-01
3.859538733959197998e-01
3.915753662586212158e-01
3.989082574844360352e-01
3.275519311428070068e-01
3.701904416084289551e-01
3.663339018821716309e-01
3.594351410865783691e-01
3.490980565547943115e-01
3.330523669719696045e-01
2.846872210502624512e-01
3.714894354343414307e-01
3.091058731079101562e-01
3.092231750488281250e-01
3.689399957656860352e-01
