6.998264789581298828e-01
6.898395419120788574e-01
6.936942934989929199e-01
7.031633853912353516e-01
6.978351473808288574e-01
6.930906176567077637e-01
6.922943592071533203e-01
6.937371492385864258e-01
6.914094686508178711e-01
6.946904063224792480e-01
6.937114596366882324e-01
6.914953589439392090e-01
6.906585693359375000e-01
6.946274638175964355e-01
6.946389079093933105e-01
6.928778290748596191e-01
6.936750411987304688e-01
6.919673085212707520e-01
6.943147778511047363e-01
6.946203708648681641e-01
6.962653398513793945e-01
6.949047446250915527e-01
6.976478695869445801e-01
6.989160776138305664e-01
6.893436908721923828e-01
6.965910196304321289e-01
6.960061192512512207e-01
6.926295161247253418e-01
6.908129453659057617e-01
6.924086213111877441e-01
6.942547559738159180e-01
6.928605437278747559e-01
6.935853958129882812e-01
6.911863684654235840e-01
6.908819675445556641e-01
6.932046413421630859e-01
6.906588673591613770e-01
6.955987811088562012e-01
6.892970800399780273e-01
6.887799501419067383e-01
6.937608718872070312e-01
6.883578300476074219e-01
6.933620572090148926e-01
6.905562877655029297e-01
6.905776858329772949e-01
6.894224286079406738e-01
6.889858245849609375e-01
6.918734908103942871e-01
6.935100555419921875e-01
6.933326721191406250e-01
6.941633224487304688e-01
6.916204094886779785e-01
6.924818754196166992e-01
6.908620595932006836e-01
6.916632056236267090e-01
6.916101574897766113e-01
6.880925893783569336e-01
6.940606832504272461e-01
6.886212229728698730e-01
6.898524165153503418e-01
6.913313269615173340e-01
6.914308667182922363e-01
6.913728713989257812e-01
6.912105083465576172e-01
6.885246038436889648e-01
6.837003231048583984e-01
6.900206804275512695e-01
6.865416765213012695e-01
6.875879168510437012e-01
6.952878236770629883e-01
6.901996135711669922e-01
6.865823268890380859e-01
6.929310560226440430e-01
6.874202489852905273e-01
6.875673532485961914e-01
6.893715858459472656e-01
6.853341460227966309e-01
6.903641223907470703e-01
6.987195611000061035e-01
6.901333332061767578e-01
6.881646513938903809e-01
6.960009932518005371e-01
6.893204450607299805e-01
6.867962479591369629e-01
6.933324337005615234e-01
6.917312741279602051e-01
6.897315382957458496e-01
6.881521940231323242e-01
6.908261775970458984e-01
6.880600452423095703e-01
6.858782768249511719e-01
6.940276622772216797e-01
6.899910569190979004e-01
6.866771578788757324e-01
6.881799697875976562e-01
6.880627870559692383e-01
6.950171589851379395e-01
6.850264668464660645e-01
6.855344176292419434e-01
6.874698400497436523e-01
6.910438537597656250e-01
6.872805953025817871e-01
6.894004940986633301e-01
6.853069663047790527e-01
6.884145140647888184e-01
6.792983412742614746e-01
6.849008202552795410e-01
6.890672445297241211e-01
6.967653632164001465e-01
6.885232329368591309e-01
6.912962198257446289e-01
6.839764118194580078e-01
6.798796653747558594e-01
6.834808588027954102e-01
6.851536035537719727e-01
6.921587586402893066e-01
6.800568699836730957e-01
6.869801282882690430e-01
6.894459128379821777e-01
6.933411359786987305e-01
6.882883310317993164e-01
6.879891157150268555e-01
6.850861907005310059e-01
6.884828805923461914e-01
6.814091205596923828e-01
6.817792654037475586e-01
6.812598705291748047e-01
6.833647489547729492e-01
6.879219412803649902e-01
6.849498748779296875e-01
6.881409883499145508e-01
6.848137974739074707e-01
6.873321533203125000e-01
6.811122298240661621e-01
6.872421503067016602e-01
6.786920428276062012e-01
6.817065477371215820e-01
6.869162321090698242e-01
6.921305060386657715e-01
6.888778805732727051e-01
6.823421716690063477e-01
6.686882376670837402e-01
6.889107823371887207e-01
6.949131488800048828e-01
7.093873023986816406e-01
6.774970293045043945e-01
6.940677762031555176e-01
6.862476468086242676e-01
6.918101906776428223e-01
6.747021675109863281e-01
6.788451671600341797e-01
6.792821884155273438e-01
6.808378696441650391e-01
6.846257448196411133e-01
6.796857118606567383e-01
6.842362284660339355e-01
6.838189363479614258e-01
6.743099689483642578e-01
6.871833205223083496e-01
6.865578889846801758e-01
6.779236793518066406e-01
6.806243062019348145e-01
6.870635151863098145e-01
6.779243946075439453e-01
6.808190345764160156e-01
6.776825189590454102e-01
6.900486350059509277e-01
6.775411963462829590e-01
6.869753599166870117e-01
6.711882948875427246e-01
6.827747821807861328e-01
6.747127175331115723e-01
6.812396049499511719e-01
6.839131712913513184e-01
6.693931818008422852e-01
6.796856522560119629e-01
6.696579456329345703e-01
6.628993153572082520e-01
6.776672005653381348e-01
6.748589873313903809e-01
6.768484115600585938e-01
6.845238208770751953e-01
6.793481111526489258e-01
6.752011775970458984e-01
6.730902791023254395e-01
6.724429130554199219e-01
6.782179474830627441e-01
6.834472417831420898e-01
6.674772500991821289e-01
6.796118021011352539e-01
6.847010254859924316e-01
6.652280092239379883e-01
6.786355376243591309e-01
6.833037734031677246e-01
6.771689653396606445e-01
6.868662238121032715e-01
6.748293638229370117e-01
6.650576591491699219e-01
6.803902387619018555e-01
6.851579546928405762e-01
6.782546043395996094e-01
6.714840531349182129e-01
6.708545088768005371e-01
6.723718047142028809e-01
6.637099385261535645e-01
6.677926182746887207e-01
6.696520447731018066e-01
6.789538264274597168e-01
6.529903411865234375e-01
6.827617883682250977e-01
6.765968799591064453e-01
6.544928550720214844e-01
6.554310917854309082e-01
6.886164546012878418e-01
6.673379540443420410e-01
6.602004766464233398e-01
6.621440052986145020e-01
6.558380126953125000e-01
6.745352745056152344e-01
6.790915727615356445e-01
6.612964868545532227e-01
6.796332597732543945e-01
6.730350255966186523e-01
6.691328287124633789e-01
6.721423864364624023e-01
6.799334883689880371e-01
6.707581281661987305e-01
6.788091063499450684e-01
6.784175038337707520e-01
6.755133271217346191e-01
6.663275957107543945e-01
6.676888465881347656e-01
6.730949878692626953e-01
6.767699718475341797e-01
6.649458408355712891e-01
6.645352840423583984e-01
6.486372351646423340e-01
6.712018847465515137e-01
6.659907698631286621e-01
6.593471169471740723e-01
6.763050556182861328e-01
6.663078069686889648e-01
6.707563996315002441e-01
6.499469876289367676e-01
6.430314779281616211e-01
6.608693599700927734e-01
6.837232112884521484e-01
6.780660748481750488e-01
6.700655221939086914e-01
6.778950691223144531e-01
6.610592007637023926e-01
6.512504816055297852e-01
6.440472602844238281e-01
6.537426710128784180e-01
6.742467880249023438e-01
6.697996854782104492e-01
6.489931941032409668e-01
6.556997299194335938e-01
6.605747938156127930e-01
6.557024121284484863e-01
6.718831658363342285e-01
6.821778416633605957e-01
6.474078297615051270e-01
6.358376145362854004e-01
6.522280573844909668e-01
6.626036167144775391e-01
6.693349480628967285e-01
6.483908295631408691e-01
6.676021814346313477e-01
6.327666044235229492e-01
6.546137332916259766e-01
6.320717930793762207e-01
6.710689663887023926e-01
6.378644108772277832e-01
6.782560348510742188e-01
6.623329520225524902e-01
6.567140221595764160e-01
6.697002053260803223e-01
6.491702795028686523e-01
6.596570014953613281e-01
6.703014969825744629e-01
6.441245675086975098e-01
6.664296388626098633e-01
6.537685394287109375e-01
6.528167724609375000e-01
6.454056501388549805e-01
6.315562725067138672e-01
6.445555090904235840e-01
6.699621677398681641e-01
6.711344122886657715e-01
6.535283923149108887e-01
6.625115871429443359e-01
6.665110588073730469e-01
6.429010629653930664e-01
6.317857503890991211e-01
6.631461977958679199e-01
6.708658933639526367e-01
6.374279856681823730e-01
6.473248600959777832e-01
6.402277350425720215e-01
6.384062767028808594e-01
6.551176309585571289e-01
6.380154490470886230e-01
6.590229272842407227e-01
6.413477659225463867e-01
6.392160654067993164e-01
6.396121382713317871e-01
6.303830146789550781e-01
6.459151506423950195e-01
6.870212554931640625e-01
6.242405772209167480e-01
6.486328840255737305e-01
6.103522181510925293e-01
6.436894536018371582e-01
6.191050410270690918e-01
6.786174178123474121e-01
6.467107534408569336e-01
6.563211083412170410e-01
6.629585623741149902e-01
6.618781685829162598e-01
6.186917424201965332e-01
6.656845808029174805e-01
6.289005279541015625e-01
6.028115749359130859e-01
6.259112358093261719e-01
6.503527164459228516e-01
6.417632102966308594e-01
6.435754299163818359e-01
6.330463290214538574e-01
6.598765850067138672e-01
6.322950124740600586e-01
6.508823633193969727e-01
6.871580481529235840e-01
6.338161826133728027e-01
6.396019458770751953e-01
6.303592920303344727e-01
6.451485157012939453e-01
6.675785183906555176e-01
6.067162752151489258e-01
6.423867940902709961e-01
6.484832167625427246e-01
6.162972450256347656e-01
6.427705883979797363e-01
6.225286126136779785e-01
6.189763545989990234e-01
6.173504590988159180e-01
6.288278698921203613e-01
6.247162818908691406e-01
6.106472015380859375e-01
6.276730895042419434e-01
6.168724894523620605e-01
6.434197425842285156e-01
6.339275836944580078e-01
6.468525528907775879e-01
6.475427150726318359e-01
6.633252501487731934e-01
6.416593194007873535e-01
6.208736896514892578e-01
6.161082983016967773e-01
6.698710918426513672e-01
6.281167268753051758e-01
6.228621006011962891e-01
6.408407092094421387e-01
6.248692274093627930e-01
6.238002777099609375e-01
6.620397567749023438e-01
6.275275349617004395e-01
6.110965013504028320e-01
6.006605029106140137e-01
6.584293842315673828e-01
6.083575487136840820e-01
5.975397229194641113e-01
6.262490749359130859e-01
5.933868885040283203e-01
6.099092364311218262e-01
6.551076769828796387e-01
6.158745288848876953e-01
6.283795237541198730e-01
6.157352924346923828e-01
6.220566630363464355e-01
6.061421632766723633e-01
5.680489540100097656e-01
6.333488225936889648e-01
6.176538467407226562e-01
6.154989600181579590e-01
6.423432826995849609e-01
6.353608369827270508e-01
6.198915839195251465e-01
5.918848514556884766e-01
5.869131088256835938e-01
6.263191699981689453e-01
6.136896610260009766e-01
6.464713811874389648e-01
6.098154783248901367e-01
6.210050582885742188e-01
5.797654986381530762e-01
5.630497932434082031e-01
5.833550691604614258e-01
6.688643693923950195e-01
6.255520582199096680e-01
5.955237150192260742e-01
6.185332536697387695e-01
5.923209190368652344e-01
6.097362041473388672e-01
5.924693346023559570e-01
5.831215977668762207e-01
6.017777919769287109e-01
6.049402356147766113e-01
6.337129473686218262e-01
5.679097175598144531e-01
6.446679234504699707e-01
5.639714002609252930e-01
5.880352258682250977e-01
6.133519411087036133e-01
5.986596345901489258e-01
5.580552220344543457e-01
6.246974468231201172e-01
5.497512817382812500e-01
5.744620561599731445e-01
5.920028686523437500e-01
6.270130276679992676e-01
5.955837368965148926e-01
6.069412827491760254e-01
5.641801357269287109e-01
6.104902029037475586e-01
6.135190725326538086e-01
6.102272272109985352e-01
5.683698058128356934e-01
6.028533577919006348e-01
5.942704081535339355e-01
5.729807019233703613e-01
6.114608645439147949e-01
6.209968924522399902e-01
5.521690845489501953e-01
5.834030508995056152e-01
5.667428374290466309e-01
5.953332781791687012e-01
5.817179083824157715e-01
5.795845389366149902e-01
5.208272337913513184e-01
5.809153318405151367e-01
5.962817072868347168e-01
5.771585702896118164e-01
5.843212604522705078e-01
5.938537120819091797e-01
6.026277542114257812e-01
5.947550535202026367e-01
6.274925470352172852e-01
5.613688230514526367e-01
5.452804565429687500e-01
5.637090802192687988e-01
5.713870525360107422e-01
5.916585922241210938e-01
5.700567364692687988e-01
5.888448357582092285e-01
5.924893021583557129e-01
5.697108507156372070e-01
5.509600639343261719e-01
5.795099139213562012e-01
5.579364299774169922e-01
5.707788467407226562e-01
5.664339661598205566e-01
6.083936691284179688e-01
5.750979781150817871e-01
5.321283340454101562e-01
5.230726003646850586e-01
5.470982789993286133e-01
5.757184028625488281e-01
5.498081445693969727e-01
5.375728011131286621e-01
5.340704321861267090e-01
5.656363964080810547e-01
5.679630637168884277e-01
5.675731897354125977e-01
5.574149489402770996e-01
5.941550731658935547e-01
5.207709670066833496e-01
5.373136401176452637e-01
5.911875963211059570e-01
5.835358500480651855e-01
5.340656042098999023e-01
5.797554850578308105e-01
5.405857563018798828e-01
6.140787601470947266e-01
5.417457222938537598e-01
5.249153971672058105e-01
5.644395947456359863e-01
5.871275067329406738e-01
5.423309206962585449e-01
5.365291833877563477e-01
5.601413846015930176e-01
5.322160124778747559e-01
6.421137452125549316e-01
5.064964294433593750e-01
5.412990450859069824e-01
5.303510427474975586e-01
5.539280176162719727e-01
5.470662713050842285e-01
5.058364868164062500e-01
5.080169439315795898e-01
5.275467634201049805e-01
5.141912698745727539e-01
5.429264903068542480e-01
5.600970983505249023e-01
5.164900422096252441e-01
5.872516036033630371e-01
5.125441551208496094e-01
5.343437194824218750e-01
5.495823025703430176e-01
5.598084926605224609e-01
5.349046587944030762e-01
5.404021739959716797e-01
5.671837329864501953e-01
5.807666778564453125e-01
5.641383528709411621e-01
5.660849809646606445e-01
5.167908668518066406e-01
5.350431203842163086e-01
5.763575434684753418e-01
5.237841606140136719e-01
5.113354921340942383e-01
5.301937460899353027e-01
5.145586133003234863e-01
5.590848922729492188e-01
4.867260158061981201e-01
5.462384223937988281e-01
5.066065192222595215e-01
5.233016014099121094e-01
4.918811321258544922e-01
5.057244300842285156e-01
5.305379629135131836e-01
4.978117644786834717e-01
5.395141243934631348e-01
4.667686522006988525e-01
4.876407384872436523e-01
5.736468434333801270e-01
4.701285660266876221e-01
4.868168532848358154e-01
4.950471222400665283e-01
5.255631208419799805e-01
5.282045006752014160e-01
4.984061121940612793e-01
4.895487129688262939e-01
4.762451648712158203e-01
4.825235307216644287e-01
5.071022510528564453e-01
4.773703217506408691e-01
5.477921962738037109e-01
4.818338751792907715e-01
5.684072375297546387e-01
4.491477608680725098e-01
5.570266246795654297e-01
4.328033328056335449e-01
4.884124398231506348e-01
4.714325070381164551e-01
4.958521425724029541e-01
5.253845453262329102e-01
4.829902648925781250e-01
4.840532243251800537e-01
4.633882641792297363e-01
5.151797533035278320e-01
4.378848373889923096e-01
5.391034483909606934e-01
4.724670052528381348e-01
4.642154276371002197e-01
5.028997659683227539e-01
5.138978958129882812e-01
4.672189354896545410e-01
4.869593083858489990e-01
4.776892662048339844e-01
4.221957921981811523e-01
5.084615945816040039e-01
4.421975016593933105e-01
4.929597377777099609e-01
4.730373024940490723e-01
4.868814051151275635e-01
5.042534470558166504e-01
3.997264504432678223e-01
4.908383190631866455e-01
5.152715444564819336e-01
4.132908284664154053e-01
4.620963633060455322e-01
4.499065876007080078e-01
4.262310266494750977e-01
4.674577713012695312e-01
4.634411931037902832e-01
4.289111793041229248e-01
4.270680248737335205e-01
4.630405008792877197e-01
4.115159511566162109e-01
5.221049785614013672e-01
4.786311984062194824e-01
4.300665855407714844e-01
4.497953057289123535e-01
4.409035444259643555e-01
4.605644047260284424e-01
4.557173252105712891e-01
4.266716837882995605e-01
5.095782279968261719e-01
4.652150869369506836e-01
4.777003228664398193e-01
4.114598035812377930e-01
4.582584500312805176e-01
4.424661993980407715e-01
4.954587519168853760e-01
4.755018949508666992e-01
4.181246757507324219e-01
4.609869122505187988e-01
4.888018071651458740e-01
3.897743821144104004e-01
3.933269679546356201e-01
4.465460777282714844e-01
3.842391371726989746e-01
3.648575246334075928e-01
4.058825075626373291e-01
4.690136611461639404e-01
4.604532420635223389e-01
4.157553017139434814e-01
4.185767173767089844e-01
4.333930909633636475e-01
4.283090233802795410e-01
4.430665671825408936e-01
3.748841285705566406e-01
4.315976500511169434e-01
4.590791463851928711e-01
4.272964596748352051e-01
4.760248363018035889e-01
4.665912389755249023e-01
4.216797351837158203e-01
4.015701413154602051e-01
4.212326109409332275e-01
3.926912844181060791e-01
4.624396562576293945e-01
4.513906240463256836e-01
4.412695765495300293e-01
3.857007622718811035e-01
4.122881591320037842e-01
4.531806111335754395e-01
