1.642360439300537100e+00
8.055257177352905806e-01
6.653905272483825462e-01
6.203446602821349742e-01
4.382200133800506769e-01
2.062448334693908758e-01
3.611947619915008567e-01
2.113251380622387099e-02
3.656985699199140176e-03
1.315304279327392592e-02
7.901635766029358604e-03
1.722247996367514203e-03
1.018928647041320718e-02
7.168416641652583868e-03
2.105491268634796242e-01
1.336301964521408037e-01
9.752561748027802069e-02
5.683210361748933931e-03
4.563864201307296642e-02
2.990445673465728926e-02
1.536633051931858042e-02
8.467498421669005654e-03
6.860680049285292938e-03
5.159915417432785201e-02
3.771813839673995861e-02
3.132811248302459772e-02
1.574147561565041389e-02
1.298467665910720860e-02
1.510647684335708618e-02
1.281847376376390362e-03
2.167471598833799196e-02
1.027075886726379339e-02
2.784067131578922116e-03
