1.229312276840210050e+00
2.068667478561401207e+00
6.727592253684997470e-01
6.612185049057006658e-01
5.998199653625487793e-01
4.955457162857055398e-01
2.408604055643081554e-01
6.518978729844093767e-02
5.868023503571748872e-02
3.032164387404918861e-03
5.450473444361705368e-03
1.772832730785012213e-04
5.303912702947855343e-04
3.370454642176627935e-01
1.559229689836502120e-01
1.386733099818229613e-02
1.091573569178581199e-01
1.746722445241175557e-03
5.779638320207595992e-02
6.059902943670749872e-03
1.004206769168376930e-02
7.726457476615905540e-02
7.156838774681091413e-03
1.357429766654968395e-01
8.675476461648941318e-02
3.699987903237342973e-02
7.739854842424392922e-02
2.158054456114769093e-02
8.180414721369742848e-02
1.307828575372695958e-02
4.707511560991406267e-03
1.857341125607490581e-02
8.556142777204513161e-02
1.857763797044753931e-02
8.599026873707771995e-03
7.127483189105987375e-03
2.325544757768511703e-03
4.752398356795310870e-03
4.737397059798240974e-03
1.822704076766967860e-03
6.430141925811767856e-03
2.054116772487759451e-03
4.455685116350650843e-02
