7.357173395156860751e-01
4.230196976661682484e+00
7.637171792984008833e-01
6.898139095306397017e-01
6.483231949806212979e-01
5.588016986846924272e-01
3.726092123985290661e-01
1.918857797980308422e-01
3.607532203197479082e-02
1.021200238168239599e-01
3.878349876031279755e-03
7.829189271433278918e-04
3.351223291829228280e-03
2.706655964255333044e-02
3.062919735908508148e-02
1.204360559582710322e-01
4.242069276049733467e-02
1.213407658040523487e-02
1.186156463623046914e-01
4.186958014965057318e-02
2.205808398127555858e-01
3.649598486721515600e-02
5.809334248304367371e-02
1.986379046924412195e-02
5.937350183725356723e-02
4.706172388046980098e-02
4.849773719906806842e-03
3.550588376820087641e-03
2.265735855326056567e-03
5.727794026024639502e-03
8.822390087880194057e-04
2.454299153760075482e-03
6.067045615054666996e-04
1.583490490913391086e-02
4.601535469293594610e-02
7.374695483595133244e-03
4.529791116714477345e-02
9.735431298613548071e-03
1.288004711270332274e-02
1.585419024340808470e-03
6.620572875253856286e-03
1.722092671319842491e-02
1.210290500894188907e-03
6.069429758936166833e-03
1.542997974902391399e-03
