1.172914161682128809e+00
1.486163730621337997e+00
7.100156545639038086e-01
6.806232404708861816e-01
6.443286991119384632e-01
5.655378222465514693e-01
4.168604457378387584e-01
1.719100302457809426e-01
3.771577164530753867e-02
3.449973438866436176e-02
3.345111114904284443e-03
2.195205893367528985e-02
5.329142662230879545e-04
2.528764352202415508e-02
1.507154931314289535e-02
3.777262777322903248e-02
1.154470956698060019e-01
1.589818237721919991e-01
1.434201860427856412e-01
6.293619364500045721e-02
2.694007694721221868e-02
5.521763019263744438e-02
2.656354561448097396e-02
2.170016989111900330e-02
1.411335781216621447e-02
4.552569631487131049e-03
6.486459523439407245e-03
2.128033656626939982e-03
5.523279057815671383e-03
2.359417749568819972e-02
4.902526456862688238e-04
6.529690325260162007e-03
1.478815162554383226e-03
7.067668810486793171e-03
7.346812332980335019e-04
4.023500885814428052e-03
5.350399632006883933e-03
8.743514120578766346e-04
1.157571598887443577e-03
6.853552290704101151e-04
2.522304584272205981e-04
2.963383823633193928e-02
6.105436777696013340e-02
9.731375332921743133e-04
2.454081058502197155e-02
7.950754836201667786e-03
1.109950386453420002e-03
7.017769478261470448e-03
1.054289861931465575e-03
8.785724546760320577e-04
4.871482569724321435e-03
1.906336285173892975e-03
7.353918924927711764e-03
2.480378840118646839e-04
5.644681863486766815e-03
5.108344935579225109e-03
6.307826489210129062e-02
3.426540398504585071e-04
2.312139481306076105e-02
1.529953322140499908e-02
1.539668723940849221e-02
2.630199249833822198e-03
