1.444391403198242108e+00
1.289656248092651447e+00
6.760869073867797896e-01
6.238267254829407138e-01
4.907697963714599543e-01
2.971966469287872226e-01
1.439375042915344294e-01
9.109908074140549150e-02
1.531043089926242828e-02
5.972661554813384760e-02
1.578613593708723742e-02
1.828182991594076191e-03
3.843640983104705533e-02
9.425952304154635100e-03
4.070766687393188171e-02
3.242213845252990556e-02
1.486868411302566572e-03
1.304346650838851887e-02
2.649065941572189414e-02
5.530914418399333898e-02
1.481415450572967467e-02
3.133277427405118960e-03
6.153421878814697293e-02
1.477313434705138269e-02
5.297124534845352312e-02
7.367443740367889127e-02
2.197963293641805663e-02
4.129069391638040543e-03
7.605651989579200432e-03
2.401811704039573739e-02
2.878000315278768373e-02
3.425282631069421959e-03
1.673332792706787612e-03
8.557200543582438659e-03
1.890050619840621862e-03
8.582856953144073903e-03
1.573624869342893275e-03
1.359974830411374552e-03
1.700154449790716119e-03
8.241467084735632290e-04
4.127789456397294721e-03
1.921078586019575531e-04
9.783621355891227236e-03
2.296157679811585556e-03
3.396626817993819627e-03
7.088958658277988564e-04
1.425806035258574437e-03
1.439250315306708251e-03
1.026676815003156606e-02
5.919349826872349202e-03
3.150872401893138868e-03
