1.165656709028885407e+00
6.920460303589948126e-01
6.706321172150812027e-01
5.933585468320407008e-01
4.724667298079158195e-01
3.072231611306516230e-01
2.179697658526804083e-01
1.592495820244740345e-01
1.346681233492237895e-01
9.807140005996804744e-02
7.872294232598808783e-02
7.649242153616184203e-02
5.775745427292600792e-02
8.027941808039781857e-02
8.420776672253496575e-02
6.575253907490770378e-02
6.182243274953653361e-02
6.221186396521033446e-02
4.233738058266900417e-02
4.738838246964455214e-02
4.430715227701889636e-02
3.408940281754571644e-02
4.996451925806746214e-02
4.940715234736377248e-02
3.259636842678879237e-02
4.461501416087564759e-02
4.293235886735205509e-02
2.753703061695154941e-02
3.278981913026781519e-02
4.360942831740340087e-02
3.066744449039473033e-02
2.783938497466744919e-02
2.106729263098316637e-02
2.109405039837964138e-02
3.160887356235813489e-02
5.629707749230668939e-02
