1.078113227176417777e+00
6.845587262581163124e-01
6.504349147206694992e-01
5.025777862343344671e-01
3.425804246362658123e-01
2.658757169955093813e-01
1.788273518184907429e-01
1.399085524416715520e-01
1.146232786124732339e-01
1.002279643445145446e-01
9.652910895522628931e-02
9.921324583212258463e-02
6.814693624912708525e-02
6.063726575774901900e-02
4.799773153095635014e-02
6.885441530537957100e-02
5.414083624642170717e-02
4.331943618666079382e-02
4.831778289156308387e-02
6.384219399788501614e-02
5.614597915140159129e-02
3.852219791268908511e-02
3.423695707876562438e-02
4.735878825860889013e-02
3.543049059031477821e-02
4.484889433629402761e-02
3.765412634618897636e-02
2.710234371218652252e-02
3.465198449059013475e-02
5.553154065415302071e-02
5.521728268959644192e-02
3.373002872634824761e-02
3.688013071208855881e-02
2.195276896089808083e-02
3.606029448433609869e-02
4.032170778540141581e-02
4.102126598927790385e-02
3.007392182506840941e-02
3.006262315532676546e-02
1.991646566293117301e-02
