1.083351410377164870e+00
6.935732817313220444e-01
6.938461458556780537e-01
6.928260576747663491e-01
6.916041726364313691e-01
6.920144473473857083e-01
6.893170961147736531e-01
6.896832291600240028e-01
6.899206681870391211e-01
6.866258762143663263e-01
6.860144631454162534e-01
6.873624395845119306e-01
6.836937360876188530e-01
6.863980654494580280e-01
6.831919425310015725e-01
6.820491753354721576e-01
6.805289089275124992e-01
6.791020299538367277e-01
6.797763236087526195e-01
6.762939571784043480e-01
6.749545201282932672e-01
6.722146845239354018e-01
6.677528836789935474e-01
6.678194633133541780e-01
6.650609065099089001e-01
6.655979083991070411e-01
6.536956653464207623e-01
6.574491110147095974e-01
6.519129457695149732e-01
6.431822125885171548e-01
6.555072608571516080e-01
6.501004486313145536e-01
6.381549332215026293e-01
6.406191744268378008e-01
6.335224042824354473e-01
