9.588265108363250855e-01
6.944340234470678386e-01
6.940555310404650236e-01
6.937886098567619397e-01
6.920897993021499772e-01
6.929358378554271169e-01
6.916827282481032846e-01
6.887393973678771486e-01
6.883948655004221706e-01
6.859127900499474295e-01
6.849741770053660028e-01
6.886825939472541735e-01
6.851849679579304908e-01
6.843780510847526921e-01
6.821782992147596980e-01
6.857785823937995184e-01
6.789819976794214673e-01
6.794934559463808865e-01
6.781707629965907369e-01
6.752159269961420796e-01
6.710145558907076868e-01
6.686184705274501594e-01
6.648868659549632687e-01
6.620789942342735213e-01
6.594863983111842742e-01
6.424956230464897722e-01
6.483522779131297709e-01
6.377921607931843484e-01
6.363722767426058802e-01
6.267556694379717852e-01
6.218810524795523875e-01
6.030745716617889052e-01
5.910606687154366101e-01
5.928233839919331283e-01
5.665501594284589881e-01
5.547076995675648270e-01
