1.110613762458446008e+00
6.934800702140864193e-01
6.913230241623514738e-01
6.900690821665251828e-01
6.885313876226095697e-01
6.855505681089690828e-01
6.865667118800906632e-01
6.837269637107590281e-01
6.856305521045273910e-01
6.788036562229283755e-01
6.797256265488001992e-01
6.751965204238115081e-01
6.681360617753381304e-01
6.686760483958494872e-01
6.628685512039087513e-01
6.589255207522939362e-01
6.508637120825357947e-01
6.418549516522751297e-01
6.375214543609297735e-01
6.263042158029210604e-01
6.124971691208497271e-01
6.016861444059481423e-01
