1.021971010689239456e+00
6.934324078607779773e-01
6.922633465851838475e-01
6.932358423426461247e-01
6.913329260588145786e-01
6.885553211936670248e-01
6.885562998718326444e-01
6.876233580997382910e-01
6.937520867807852598e-01
6.870534594473941548e-01
6.816461884939829519e-01
6.820613223995620755e-01
6.799139147571270358e-01
6.787018387854309998e-01
6.757838584597979370e-01
6.716163196124818047e-01
6.691440852834840136e-01
6.633232253225089803e-01
6.690600086676179448e-01
6.596433532131193989e-01
6.541392889775047292e-01
6.530892011137264808e-01
6.552106107896416010e-01
6.378840463109033410e-01
