9.944215458338588887e-01
6.936679641384163597e-01
6.943446976996748843e-01
6.940795362821067238e-01
6.925982958170631143e-01
6.940127844044025052e-01
6.902899651497627076e-01
6.910536404766856045e-01
6.876660525038162941e-01
6.852550807123498622e-01
6.843888211794078025e-01
6.829397313756009336e-01
6.819399588139783974e-01
6.772514306718876442e-01
6.758167660013023603e-01
6.740983352854043043e-01
6.699283944502040233e-01
6.686769950140633023e-01
6.656647392533701080e-01
6.629193667772507181e-01
6.565740862327719141e-01
6.545514192977354151e-01
6.373355886290781314e-01
6.392215256810090951e-01
6.340646520924574370e-01
6.249184784376518031e-01
6.172630506431865394e-01
6.082129733671871596e-01
