7.597634792327880859e-01
7.269330024719238281e-01
6.919287443161010742e-01
7.341021299362182617e-01
7.068788409233093262e-01
7.479930520057678223e-01
6.899731755256652832e-01
6.741076111793518066e-01
7.197392582893371582e-01
6.852256655693054199e-01
7.186494469642639160e-01
7.225889563560485840e-01
7.157226800918579102e-01
6.945872306823730469e-01
7.091779112815856934e-01
6.986177563667297363e-01
6.912049055099487305e-01
7.004435658454895020e-01
6.962280273437500000e-01
7.387049198150634766e-01
7.554872035980224609e-01
7.040641307830810547e-01
