7.362828850746154785e-01
6.991152763366699219e-01
7.354829311370849609e-01
7.115587592124938965e-01
7.096773386001586914e-01
6.640391349792480469e-01
6.931855678558349609e-01
7.070598602294921875e-01
7.068129181861877441e-01
7.293044924736022949e-01
7.048521637916564941e-01
7.055531144142150879e-01
6.914390921592712402e-01
6.840605735778808594e-01
7.122986316680908203e-01
7.499243021011352539e-01
7.078525424003601074e-01
6.852299571037292480e-01
6.952417492866516113e-01
6.802405714988708496e-01
6.779364943504333496e-01
6.326776146888732910e-01
7.004976868629455566e-01
6.889747381210327148e-01
7.222734689712524414e-01
7.076752781867980957e-01
7.481684088706970215e-01
6.900122761726379395e-01
