7.270879149436950684e-01
6.848781704902648926e-01
7.134841680526733398e-01
8.609935045242309570e-01
7.476521134376525879e-01
7.780600190162658691e-01
6.833764314651489258e-01
6.852630972862243652e-01
7.107980847358703613e-01
6.972047686576843262e-01
7.022172212600708008e-01
6.981753110885620117e-01
6.940298080444335938e-01
6.927697062492370605e-01
6.982706785202026367e-01
7.052036523818969727e-01
6.900518536567687988e-01
7.353997230529785156e-01
7.449594736099243164e-01
7.272103428840637207e-01
6.835429072380065918e-01
8.137245178222656250e-01
7.039988636970520020e-01
7.572246193885803223e-01
6.903453469276428223e-01
