7.758447527885437012e-01
6.339287161827087402e-01
7.064732909202575684e-01
6.994575858116149902e-01
7.220345139503479004e-01
7.321128249168395996e-01
7.093247175216674805e-01
6.920695304870605469e-01
7.026795744895935059e-01
7.478494644165039062e-01
6.914751529693603516e-01
7.456276416778564453e-01
6.974095702171325684e-01
6.808638572692871094e-01
7.040834426879882812e-01
6.885678172111511230e-01
7.198359966278076172e-01
7.009274363517761230e-01
6.984719038009643555e-01
7.263627052307128906e-01
7.012858986854553223e-01
7.137415409088134766e-01
7.204621434211730957e-01
7.025794386863708496e-01
7.181822657585144043e-01
7.138947844505310059e-01
7.059481739997863770e-01
6.874630451202392578e-01
7.382795214653015137e-01
6.919932365417480469e-01
6.992359161376953125e-01
7.038902044296264648e-01
