7.336401939392089844e-01
6.949887275695800781e-01
7.141040563583374023e-01
7.301663160324096680e-01
6.975986361503601074e-01
7.076470255851745605e-01
6.900081038475036621e-01
7.008232474327087402e-01
6.892268657684326172e-01
7.123976945877075195e-01
7.050815224647521973e-01
7.467128634452819824e-01
7.162587642669677734e-01
7.120959758758544922e-01
6.945987343788146973e-01
7.187157869338989258e-01
6.532078981399536133e-01
6.980949044227600098e-01
6.854009032249450684e-01
6.945615410804748535e-01
6.989836692810058594e-01
6.815621852874755859e-01
7.044000625610351562e-01
7.600446343421936035e-01
6.819792985916137695e-01
6.898005604743957520e-01
7.187889814376831055e-01
6.946917772293090820e-01
7.695407271385192871e-01
7.414265871047973633e-01
7.068689465522766113e-01
6.901611685752868652e-01
6.991880536079406738e-01
6.990982294082641602e-01
6.789477467536926270e-01
6.804079413414001465e-01
7.152824401855468750e-01
7.103420495986938477e-01
7.100768685340881348e-01
6.993557810783386230e-01
6.909142732620239258e-01
6.886626482009887695e-01
6.885402798652648926e-01
6.986935138702392578e-01
6.892797946929931641e-01
7.148304581642150879e-01
7.573473453521728516e-01
7.519930601119995117e-01
7.019279003143310547e-01
7.075523138046264648e-01
7.559537887573242188e-01
6.980962753295898438e-01
6.583272218704223633e-01
7.165367007255554199e-01
6.998526453971862793e-01
7.197531461715698242e-01
7.005099654197692871e-01
7.321864366531372070e-01
7.283124327659606934e-01
6.786761879920959473e-01
