1.025987148284912109e+00
1.043421745300292969e+00
8.896510601043701172e-01
8.935868144035339355e-01
8.124604821205139160e-01
7.845040559768676758e-01
1.031829357147216797e+00
8.222824931144714355e-01
7.218166589736938477e-01
8.427846431732177734e-01
8.663974404335021973e-01
8.323822617530822754e-01
8.309711813926696777e-01
7.977309823036193848e-01
8.605808019638061523e-01
7.500554919242858887e-01
7.951829433441162109e-01
6.685009598731994629e-01
7.939105629920959473e-01
8.182600736618041992e-01
6.879057884216308594e-01
8.265984058380126953e-01
8.542485833168029785e-01
7.638483643531799316e-01
7.947760820388793945e-01
6.892350316047668457e-01
8.082899451255798340e-01
8.763768076896667480e-01
7.832044363021850586e-01
6.338788866996765137e-01
9.813488125801086426e-01
7.650083303451538086e-01
9.445026516914367676e-01
