1.303268432617187500e+00
9.248267412185668945e-01
9.119207859039306641e-01
8.567473888397216797e-01
7.646169066429138184e-01
9.206584095954895020e-01
8.921685814857482910e-01
8.071120381355285645e-01
1.092548370361328125e+00
8.208125233650207520e-01
7.896074652671813965e-01
8.372105956077575684e-01
8.765232563018798828e-01
8.036678433418273926e-01
9.620658755302429199e-01
7.667723298072814941e-01
8.180029988288879395e-01
8.076462149620056152e-01
8.218344449996948242e-01
7.776495814323425293e-01
8.266952633857727051e-01
8.257030248641967773e-01
1.054521799087524414e+00
8.913246989250183105e-01
7.532509565353393555e-01
8.717036843299865723e-01
7.795327305793762207e-01
7.931944131851196289e-01
7.726554870605468750e-01
7.890328764915466309e-01
7.599896192550659180e-01
7.346232533454895020e-01
6.901654005050659180e-01
7.391260266304016113e-01
7.516083121299743652e-01
7.691009044647216797e-01
8.924661278724670410e-01
7.746528387069702148e-01
8.959157466888427734e-01
8.323609828948974609e-01
7.893458604812622070e-01
8.794968724250793457e-01
7.381923198699951172e-01
8.260812759399414062e-01
7.326782941818237305e-01
7.176224589347839355e-01
7.060624361038208008e-01
7.637457251548767090e-01
