1.127907514572143555e+00
7.986227869987487793e-01
8.298786878585815430e-01
8.783786296844482422e-01
7.214552164077758789e-01
8.484907150268554688e-01
9.200592041015625000e-01
9.037423133850097656e-01
8.014115691184997559e-01
7.771177291870117188e-01
9.387978315353393555e-01
8.686909079551696777e-01
9.324548244476318359e-01
7.784039378166198730e-01
9.835846424102783203e-01
7.749866843223571777e-01
7.467154860496520996e-01
8.872026801109313965e-01
9.617154598236083984e-01
8.244639039039611816e-01
7.783681750297546387e-01
6.952864527702331543e-01
7.506997585296630859e-01
7.650261521339416504e-01
7.700588703155517578e-01
8.066483736038208008e-01
8.789420127868652344e-01
8.737338781356811523e-01
8.063504099845886230e-01
7.948279976844787598e-01
7.576482295989990234e-01
8.180586695671081543e-01
7.682542204856872559e-01
8.301289677619934082e-01
7.816004157066345215e-01
8.365184068679809570e-01
8.525565266609191895e-01
8.351103067398071289e-01
8.202388286590576172e-01
7.775273919105529785e-01
7.746789455413818359e-01
8.332314491271972656e-01
7.530159354209899902e-01
8.109757304191589355e-01
7.852506041526794434e-01
8.720309734344482422e-01
7.877960801124572754e-01
8.731791377067565918e-01
7.722285985946655273e-01
8.180736303329467773e-01
