1.197996973991394043e+00
9.778885841369628906e-01
8.013448715209960938e-01
6.725403070449829102e-01
8.516856431961059570e-01
7.432725429534912109e-01
8.785763382911682129e-01
8.091281652450561523e-01
8.085491657257080078e-01
8.790732622146606445e-01
7.094736099243164062e-01
7.484906315803527832e-01
7.020181417465209961e-01
7.604272961616516113e-01
7.896827459335327148e-01
9.546755552291870117e-01
7.359876632690429688e-01
7.926532030105590820e-01
8.909956812858581543e-01
7.896349430084228516e-01
8.396577239036560059e-01
7.795468568801879883e-01
8.434149622917175293e-01
8.909687995910644531e-01
9.322638511657714844e-01
9.148221015930175781e-01
7.955796718597412109e-01
8.003669381141662598e-01
7.853636145591735840e-01
8.391804695129394531e-01
8.091229796409606934e-01
8.168667554855346680e-01
6.995919346809387207e-01
7.894527912139892578e-01
8.440701365470886230e-01
8.036423921585083008e-01
8.351971507072448730e-01
8.528091907501220703e-01
8.853144049644470215e-01
7.712435126304626465e-01
7.891560196876525879e-01
7.663727402687072754e-01
7.767001986503601074e-01
8.115795850753784180e-01
8.903073072433471680e-01
7.350670099258422852e-01
8.001948595046997070e-01
7.787615656852722168e-01
7.565464973449707031e-01
7.171232104301452637e-01
