1.168957710266113281e+00
9.458191394805908203e-01
7.476747632026672363e-01
8.131324648857116699e-01
7.423787117004394531e-01
7.033157944679260254e-01
7.272717952728271484e-01
7.474913597106933594e-01
8.560795187950134277e-01
7.490602135658264160e-01
8.454470634460449219e-01
8.677256703376770020e-01
7.811785936355590820e-01
9.065771698951721191e-01
7.989201545715332031e-01
7.746532559394836426e-01
8.637198209762573242e-01
8.860284090042114258e-01
7.539039850234985352e-01
9.552972912788391113e-01
7.745707631111145020e-01
9.267564415931701660e-01
9.337799549102783203e-01
7.654539942741394043e-01
7.193505167961120605e-01
7.565326690673828125e-01
7.777513265609741211e-01
8.231106400489807129e-01
9.326578378677368164e-01
8.050483465194702148e-01
7.608348727226257324e-01
7.511581182479858398e-01
7.640512585639953613e-01
9.383347034454345703e-01
8.048561215400695801e-01
6.969569325447082520e-01
9.213005900382995605e-01
7.017338275909423828e-01
8.193478584289550781e-01
9.433451294898986816e-01
9.475797414779663086e-01
7.989327311515808105e-01
8.230211734771728516e-01
7.833954691886901855e-01
7.778437137603759766e-01
7.317834496498107910e-01
7.372373938560485840e-01
7.577691078186035156e-01
7.909992337226867676e-01
8.110545277595520020e-01
