1.033976202328456884e+00
6.936305083919304115e-01
6.916086238398894137e-01
6.862868916866315949e-01
6.832435493176299834e-01
6.794350012984292642e-01
6.769073259708418000e-01
6.691178242094281137e-01
6.690752801227894953e-01
6.719506391079352881e-01
6.604194687901909777e-01
6.558033998915765439e-01
6.426777864072102942e-01
6.440739448566892289e-01
6.346766399442131945e-01
6.213867759948706881e-01
6.108365715974020116e-01
6.079444472293398238e-01
5.925818396916567865e-01
5.836919302012733013e-01
5.736839179292880786e-01
5.592325726466779168e-01
5.613848581248989111e-01
5.362302392416032903e-01
5.360361042689951727e-01
5.206528314144538427e-01
5.066570348707075677e-01
4.880654064258210800e-01
4.875670069313700061e-01
4.649384562879699256e-01
4.471650152076226403e-01
