1.146230900519077833e+00
6.907383772974358127e-01
6.868375749991904033e-01
6.805862699563197671e-01
6.730788480836189525e-01
6.665926741490567631e-01
6.622009243898001607e-01
6.469529843264254509e-01
6.397871928528374719e-01
6.182314268887004749e-01
5.997498712611905036e-01
5.813429858452072718e-01
5.630000849789537076e-01
5.400293719954192273e-01
5.358049196171460471e-01
4.930833817062434954e-01
4.693154666834302713e-01
4.627724867755221849e-01
4.283398977533087737e-01
4.111526153325169575e-01
3.873158538038857235e-01
3.712910090729909518e-01
3.552186882060958117e-01
