9.142123529060021125e-01
6.911640419033205918e-01
6.857118353753144380e-01
6.843177540255985791e-01
6.769285964029848612e-01
6.693572080768652732e-01
6.640934930036946904e-01
6.555706802680087986e-01
6.434168384633187632e-01
6.396390782354839377e-01
6.219812817402630145e-01
6.041689582768344779e-01
6.027203947337471668e-01
5.826277950055720467e-01
5.656493564951208253e-01
5.572519296136827505e-01
5.370576510633872092e-01
5.189417112298374546e-01
5.060616184812073426e-01
4.885009917936676826e-01
4.670539821849999385e-01
4.577262053897646621e-01
4.340817833063773667e-01
4.328109964534421206e-01
4.111042506333121849e-01
4.006101912670815279e-01
3.892749787674088524e-01
3.687749422763949014e-01
3.473663944945753479e-01
3.551010846048879843e-01
3.208222413955782448e-01
3.229652161292488333e-01
3.139653196460991391e-01
3.101074918389243873e-01
2.911888242136676519e-01
2.771730635538522391e-01
2.615024338678838545e-01
