9.133300191816399183e-01
6.934880130016806143e-01
6.891477452378449442e-01
6.853041212289652240e-01
6.831814896737382625e-01
6.764026537795094773e-01
6.754178883094942298e-01
6.657069588180591913e-01
6.591007137491882162e-01
6.521163904542274237e-01
6.413746509491979886e-01
6.298372334754364088e-01
6.244639289234146240e-01
6.084147994137277804e-01
5.930784949112833937e-01
5.868228162965312134e-01
5.736251283943309964e-01
5.709207480793597744e-01
5.480021567443349451e-01
5.380377897276206189e-01
5.111465265381074374e-01
4.936008620216364995e-01
