9.868106671633027904e-01
6.921155181220022268e-01
6.893184495831898850e-01
6.871972974109222809e-01
6.863153964211138325e-01
6.778538250226264772e-01
6.703650484543912658e-01
6.652829139528179114e-01
6.625925023367034150e-01
6.462503984357492737e-01
6.383663250078950302e-01
6.306659921364715649e-01
6.229391488816302669e-01
6.147531389757745490e-01
5.954185076962408285e-01
5.901372302359346733e-01
5.738175475879698784e-01
5.704644852440470260e-01
5.469468985510349546e-01
5.331620211435427192e-01
5.147610312080953543e-01
5.069741507138121328e-01
