3.170692958533760097e-01
8.768167449533945113e-03
7.995026607811454508e-03
7.995316683500995961e-03
8.004150940477849918e-03
8.062392450869086680e-03
7.995120254158971304e-03
8.031660105288032994e-03
8.014411467313763138e-03
8.013632190227508792e-03
7.999069036543366568e-03
8.027737607061864386e-03
7.996169354021552544e-03
8.000278875231740805e-03
8.007388694584376826e-03
7.970271489024164172e-03
7.996811740100381524e-03
7.992906233668325283e-03
7.981812395155423595e-03
7.986186861991878203e-03
7.970388829708106165e-03
7.972240694612263770e-03
7.951714071631442449e-03
7.955682763457296025e-03
7.964398863166575679e-03
7.945988148450848151e-03
7.960039530694485235e-03
7.954257503151890979e-03
7.944342122226956057e-03
7.945037934184068923e-03
