3.264770971782507969e-01
7.920322430133814456e-03
7.963295242190363693e-03
8.533960096538065893e-03
7.962449371069674903e-03
7.970171456038951247e-03
7.970508341491211457e-03
7.973380783200268926e-03
7.988740935921669409e-03
7.988525274395948464e-03
7.990645475685599630e-03
7.995312906056640384e-03
8.012490496039380294e-03
7.985146421939131461e-03
7.989986683428288924e-03
7.976451446115966071e-03
7.982098603248595145e-03
7.976534192264071385e-03
7.947206117957831065e-03
7.941177104413504537e-03
7.962191411852831760e-03
7.961022263765344525e-03
7.942417190968985644e-03
7.943891773372886364e-03
7.959162643551813063e-03
7.934167467057695253e-03
7.940125806629659902e-03
7.931664318591363089e-03
7.936664377152917796e-03
7.931949880719189189e-03
7.931332787871362908e-03
7.918723803758617730e-03
7.932658230513332798e-03
7.919462674111135345e-03
7.915524163097145335e-03
7.916363485157488014e-03
7.907283268868933387e-03
7.915312173962595066e-03
7.906056581437587161e-03
7.909334681183094809e-03
7.904321075230830856e-03
7.904314266145221271e-03
7.902706225216377459e-03
7.907715544849633349e-03
7.902431145310409230e-03
7.898955490440132121e-03
7.902498131990436797e-03
7.904877853393554865e-03
7.896660850197073991e-03
7.900913137197497146e-03
7.895765663683407612e-03
7.896725061535833992e-03
7.901188006997112920e-03
7.894639234244828566e-03
7.903103920817370134e-03
7.901591290533548084e-03
7.893704845756287572e-03
