3.188373209401961228e-01
8.050083935260772885e-03
8.524688681960100253e-03
7.936528052389615201e-03
7.967169314622884677e-03
7.971786834299559796e-03
7.998516102135186379e-03
7.982865215837959064e-03
7.994462984800337554e-03
7.995744520425809160e-03
7.984118852019314594e-03
7.971423378586769623e-03
7.974532371759421312e-03
7.986300422251240913e-03
7.971334601938719414e-03
7.963680382072926139e-03
7.962593343853947500e-03
7.969258838891985289e-03
7.946380574256176749e-03
7.959107616543772620e-03
7.941033202409738395e-03
7.947171947360047450e-03
7.936640810221428158e-03
7.941063433140523389e-03
7.940852075815203054e-03
7.922103716433037679e-03
7.944119264185421289e-03
7.947010418027637690e-03
7.926693420112129393e-03
7.923384677618742697e-03
7.919591464102256756e-03
7.920558518171312568e-03
7.920633488893512320e-03
7.921358366310591106e-03
7.914527745544906387e-03
7.911769622564306451e-03
7.903786644339567263e-03
