3.207660057961934652e-01
9.025373776257039279e-03
7.962726308405379191e-03
7.972141654044381451e-03
7.990010827779768857e-03
8.016119832545515536e-03
7.989367983490227448e-03
8.039218331873413184e-03
8.025788280367847707e-03
8.028420081734648217e-03
7.997243641316886115e-03
8.001884496211999348e-03
7.976824393868441748e-03
8.007758198678494033e-03
7.995254537463188788e-03
7.990689925104368582e-03
8.001486025750643299e-03
7.969015736132860697e-03
7.999462327361104089e-03
7.975646355748183813e-03
7.959794285893436599e-03
7.973169796168797993e-03
7.951864098012429230e-03
7.948429042100907740e-03
7.942364700138567282e-03
7.984593378007411729e-03
7.958867767453201361e-03
7.937421999871723671e-03
7.960298074781888347e-03
7.956326024979355066e-03
7.933471328020094693e-03
7.937525147944693785e-03
7.942295219004153611e-03
7.947243498265740835e-03
7.928529968857766716e-03
7.929207985103131628e-03
7.933547069132318788e-03
7.931826509535309239e-03
7.920571148395531488e-03
7.917028392106296650e-03
7.918875748664148603e-03
7.916871728003016181e-03
7.912996071577074395e-03
7.914502324908968128e-03
7.909298673272129390e-03
7.910105647146703153e-03
7.910256794095040650e-03
7.915749759227036844e-03
7.909907512366776486e-03
7.910423117876059368e-03
7.904381664842375851e-03
7.909448872506615047e-03
7.907235677540296742e-03
7.910285677015776312e-03
7.913244703412050662e-03
7.901956856250761177e-03
7.903897680342197515e-03
7.896818992495533568e-03
7.904540636390460992e-03
7.910101179778581890e-03
7.898850734531876958e-03
7.903644286096092597e-03
7.906450264155854071e-03
7.905521756410594306e-03
7.906907325983043855e-03
7.901380001008503559e-03
7.907713812589648589e-03
7.904728556424383754e-03
7.901851213723408429e-03
7.898635616898538533e-03
7.904256045073262960e-03
7.906774733960630214e-03
7.908718472719204404e-03
7.898809811472895515e-03
7.899922168254851218e-03
7.905258250236522552e-03
7.901546913385397441e-03
7.906904339790344488e-03
7.906023222208026155e-03
7.903854651749139121e-03
7.906249782443041524e-03
7.902292662113907101e-03
7.904050393402584085e-03
7.899438975006348174e-03
7.901736336946484085e-03
7.905289068073041367e-03
7.903042513132096589e-03
