3.139315069228410526e-01
8.133012242615223278e-03
8.310807459056364019e-03
8.163481400907035210e-03
7.970679683983317512e-03
8.008498468995100747e-03
8.005094504356382104e-03
8.024600126594304272e-03
8.023286081850518683e-03
8.031873889267449745e-03
7.983504003286370082e-03
8.002517490088938840e-03
8.014820424467323026e-03
8.008555081486699867e-03
7.980253484845154996e-03
7.969607196748253186e-03
7.994160559028381033e-03
7.951455384492871203e-03
7.961254601925597113e-03
7.975991301238539305e-03
7.938961295783508385e-03
7.962199978530417818e-03
7.937884634733204450e-03
7.935872860252855127e-03
7.950091694295408767e-03
7.957988506555553621e-03
7.933750565350047856e-03
7.926543930172917293e-03
7.945106110721826195e-03
7.921110373735421387e-03
7.940426350384955853e-03
7.921022190153599249e-03
7.936325808614504498e-03
7.923554855585110759e-03
7.927218168228876774e-03
7.921208566427237474e-03
7.907887336611759896e-03
7.901639848947527092e-03
7.905966573208574738e-03
7.914266566187143706e-03
7.903839271515606182e-03
7.908114627003658137e-03
7.905403655767436963e-03
7.900948029011494247e-03
7.899648941308245326e-03
7.901838397979744216e-03
7.903270439803596753e-03
