7.299597770166931232e-01
6.941985873393834439e-01
6.935126396850599395e-01
6.936604096167733324e-01
6.931540162055263021e-01
6.932528773200119510e-01
6.927697153264156249e-01
6.927183372378152848e-01
6.928657972227825201e-01
6.929600838218017422e-01
6.928230678958678945e-01
6.928777821263953918e-01
6.924860873342169043e-01
6.932159222846425717e-01
6.928269850096426818e-01
6.922565348633585858e-01
6.926173105613847580e-01
6.924018634230554303e-01
6.920184148845299754e-01
6.922910343598299709e-01
6.923176441412556281e-01
6.920968955934834188e-01
6.919528671710413192e-01
6.925226214867505892e-01
6.923622875857843306e-01
6.918933603912186259e-01
6.924269070669913928e-01
6.915848794536387789e-01
6.921557237310170807e-01
6.922121378058744279e-01
6.923489078115904194e-01
6.917743130515014993e-01
6.921107357103052360e-01
6.924246027668554682e-01
6.912994726067538398e-01
6.916134560392172004e-01
6.915534223226939003e-01
6.922926272360941935e-01
6.912242339936743862e-01
6.917631622757626220e-01
6.916670453155516762e-01
6.910429361737179255e-01
6.914162598586790498e-01
6.917656115189896315e-01
6.916774619550215553e-01
6.921422421303301542e-01
6.915550701288563085e-01
6.918406912425415500e-01
6.915089554292883633e-01
6.917192540502803411e-01
6.912798619718997228e-01
6.914255437829683881e-01
6.912929475547358038e-01
6.917531780082434301e-01
6.913791351124888296e-01
6.915395506237739243e-01
6.914082078371968088e-01
6.921068612463026071e-01
6.913708866673458076e-01
6.916188283803270664e-01
6.916769982732886568e-01
6.914307122311963427e-01
6.916735594814392707e-01
6.912230657672748801e-01
6.915938823355123333e-01
6.911223074576287040e-01
6.910557809454903611e-01
6.917116051333314086e-01
6.914429120499799852e-01
6.914011946858359403e-01
6.912530914855110620e-01
6.916895485100672536e-01
6.909809362365747498e-01
6.913587223468142806e-01
6.917523864588204230e-01
6.913264941289999355e-01
6.914076302757748982e-01
6.908518000083715416e-01
6.910441911779446889e-01
6.913192149125673147e-01
6.915326927245847299e-01
6.917659958272791565e-01
6.912952631883776400e-01
