7.109723614582978968e-01
6.934303231689311620e-01
6.935012519797264519e-01
6.934877222084241399e-01
6.934853987360507510e-01
6.932902291510333326e-01
6.934509046479089278e-01
6.932916739598417033e-01
6.932157639222590317e-01
6.933760810780208450e-01
6.931732899960467709e-01
6.936297829688683469e-01
6.933955813705645621e-01
6.935153735731166558e-01
6.932765962995197651e-01
6.933784736152702743e-01
6.933811061175452206e-01
6.932746381775203304e-01
6.933181468805670322e-01
6.933729617174859694e-01
6.933970397861556334e-01
