7.196638735207149251e-01
6.933920477467000465e-01
6.933285720613154846e-01
6.932662272951257698e-01
6.933142101882684427e-01
6.932760598505720573e-01
6.934550663572419671e-01
6.932301420220400301e-01
6.935919172146833844e-01
6.933872270516675540e-01
6.933691130814687575e-01
6.933381673068955697e-01
6.932561768095887311e-01
6.933801846328890850e-01
6.935464507164379455e-01
6.932932634899824365e-01
6.933709775144979437e-01
6.933029147028522132e-01
6.931861238006044035e-01
6.932792618447674027e-01
6.932018797597054860e-01
