7.319329996811879679e-01
6.959308789643312565e-01
6.934875422759907426e-01
6.937005052366818081e-01
6.935093764251166748e-01
6.933745519473626384e-01
6.932950203043305448e-01
6.934422786287031126e-01
6.933930102236283144e-01
6.932351710357385066e-01
6.933128024172062753e-01
6.932670599324308736e-01
6.934750706759814642e-01
6.932239077711739306e-01
6.933356784399612449e-01
6.933649965430979112e-01
6.938430067375689347e-01
6.933911635754450575e-01
6.933220944814393327e-01
6.933050948055599072e-01
6.934900637064613793e-01
6.933094769416373593e-01
6.932625229020854540e-01
6.932720644953200839e-01
