7.730054915645079294e-01
6.935769218842455786e-01
6.933768439394052407e-01
6.934403232362107428e-01
6.932863379528456660e-01
6.933914119033083301e-01
6.933882647806576260e-01
6.936952356388089713e-01
6.935123497405250026e-01
6.933896826294680960e-01
6.933489154838290425e-01
6.932762547051780633e-01
6.932732211445149506e-01
6.933129382810383490e-01
6.933275325298567937e-01
6.933249493982464040e-01
6.934137367377480876e-01
6.933207439414105222e-01
6.933659588332329315e-01
6.932975425757039734e-01
6.933826875611435181e-01
6.932639140734202510e-01
6.932784552401952682e-01
6.934198170923036031e-01
6.932926629697827581e-01
6.933167202161729659e-01
