6.931630373001098633e-01
6.930989027023315430e-01
6.935307979583740234e-01
6.929005384445190430e-01
6.933587789535522461e-01
6.932449340820312500e-01
6.930989623069763184e-01
6.929590702056884766e-01
6.940499544143676758e-01
6.929244399070739746e-01
6.937342882156372070e-01
6.931591033935546875e-01
6.932672262191772461e-01
6.928652524948120117e-01
6.934956312179565430e-01
6.936935186386108398e-01
6.934511661529541016e-01
6.935421824455261230e-01
6.934138536453247070e-01
6.933216452598571777e-01
6.926440596580505371e-01
6.927777528762817383e-01
6.941596865653991699e-01
6.939415931701660156e-01
6.925686597824096680e-01
6.938135027885437012e-01
6.928463578224182129e-01
6.922374963760375977e-01
6.938400268554687500e-01
6.940012574195861816e-01
6.922312378883361816e-01
6.940909028053283691e-01
6.923326253890991211e-01
6.921727061271667480e-01
6.930212974548339844e-01
6.920102238655090332e-01
6.929833889007568359e-01
6.908855438232421875e-01
6.920467615127563477e-01
6.927833557128906250e-01
6.906173229217529297e-01
6.944943070411682129e-01
6.940500736236572266e-01
6.935989856719970703e-01
6.924862861633300781e-01
6.923066377639770508e-01
6.930246949195861816e-01
6.927312016487121582e-01
6.914515495300292969e-01
6.934196352958679199e-01
6.928219795227050781e-01
6.929997205734252930e-01
6.922564506530761719e-01
6.940318346023559570e-01
6.927377581596374512e-01
6.917266845703125000e-01
6.926556825637817383e-01
6.892191171646118164e-01
6.928213834762573242e-01
6.912146806716918945e-01
6.889413595199584961e-01
6.899952292442321777e-01
6.873292326927185059e-01
6.864700317382812500e-01
6.882045865058898926e-01
6.862558722496032715e-01
6.961033344268798828e-01
6.934422254562377930e-01
6.884366869926452637e-01
6.903401017189025879e-01
6.947872638702392578e-01
7.020522356033325195e-01
6.956842541694641113e-01
6.907042860984802246e-01
6.916900873184204102e-01
6.880442500114440918e-01
6.859244704246520996e-01
6.921032667160034180e-01
6.827232837677001953e-01
6.865373849868774414e-01
6.905923485755920410e-01
6.897938251495361328e-01
6.848695278167724609e-01
6.954673528671264648e-01
6.885878443717956543e-01
6.920017004013061523e-01
6.943100094795227051e-01
6.775527000427246094e-01
6.730447411537170410e-01
6.948842406272888184e-01
6.716660261154174805e-01
6.755260229110717773e-01
6.814874410629272461e-01
6.758260130882263184e-01
6.710479855537414551e-01
6.628419756889343262e-01
6.842696666717529297e-01
6.849739551544189453e-01
6.800166368484497070e-01
6.883825063705444336e-01
6.698731780052185059e-01
6.946360468864440918e-01
6.701238751411437988e-01
6.849220991134643555e-01
6.412191987037658691e-01
6.850266456604003906e-01
6.860223412513732910e-01
6.853434443473815918e-01
6.757533550262451172e-01
6.909502148628234863e-01
6.777106523513793945e-01
6.985464692115783691e-01
6.835055351257324219e-01
6.761954426765441895e-01
6.748656034469604492e-01
6.835769414901733398e-01
6.579436063766479492e-01
6.506395339965820312e-01
6.553039550781250000e-01
6.796646714210510254e-01
6.873852014541625977e-01
6.569302678108215332e-01
6.657021641731262207e-01
6.538268923759460449e-01
6.629669666290283203e-01
6.858810186386108398e-01
6.731932759284973145e-01
6.882206797599792480e-01
6.750732064247131348e-01
6.676695942878723145e-01
6.881746649742126465e-01
6.609273552894592285e-01
6.580891013145446777e-01
6.747623682022094727e-01
6.526170969009399414e-01
6.962740421295166016e-01
6.831302642822265625e-01
7.006236314773559570e-01
6.470800638198852539e-01
6.849483251571655273e-01
6.729277372360229492e-01
6.818341016769409180e-01
6.645553112030029297e-01
6.993705630302429199e-01
6.781243085861206055e-01
6.680670976638793945e-01
6.598622202873229980e-01
6.683641672134399414e-01
6.549642086029052734e-01
6.552039384841918945e-01
7.037504911422729492e-01
6.755948066711425781e-01
6.789325475692749023e-01
6.659632921218872070e-01
6.582847833633422852e-01
6.642780303955078125e-01
6.436389684677124023e-01
6.583408117294311523e-01
6.397473812103271484e-01
6.770398616790771484e-01
6.454635262489318848e-01
6.585090160369873047e-01
6.510085463523864746e-01
6.515740752220153809e-01
6.693627238273620605e-01
6.335499882698059082e-01
6.995164155960083008e-01
6.548946499824523926e-01
6.648773550987243652e-01
6.488388776779174805e-01
6.352173089981079102e-01
6.373886466026306152e-01
6.770952343940734863e-01
6.834869980812072754e-01
6.631178855895996094e-01
6.332058906555175781e-01
6.593446731567382812e-01
6.299381256103515625e-01
6.310845017433166504e-01
6.647213697433471680e-01
6.482142806053161621e-01
6.476189494132995605e-01
6.491544246673583984e-01
6.349118947982788086e-01
6.440423727035522461e-01
6.360048055648803711e-01
6.426913738250732422e-01
6.744217872619628906e-01
6.341918706893920898e-01
6.933079957962036133e-01
6.921271681785583496e-01
6.789290904998779297e-01
6.225582957267761230e-01
6.314505338668823242e-01
6.666230559349060059e-01
6.238445639610290527e-01
6.394148468971252441e-01
6.217137575149536133e-01
6.251217126846313477e-01
6.500993967056274414e-01
6.393755078315734863e-01
7.053338289260864258e-01
6.966670155525207520e-01
7.094706296920776367e-01
6.243739724159240723e-01
6.503487825393676758e-01
6.375738382339477539e-01
6.407965421676635742e-01
6.097764372825622559e-01
6.361223459243774414e-01
6.200408339500427246e-01
6.115996837615966797e-01
6.637935042381286621e-01
5.968128442764282227e-01
6.080542802810668945e-01
6.777689456939697266e-01
6.336880922317504883e-01
6.426259279251098633e-01
6.420506238937377930e-01
6.148830056190490723e-01
6.519355773925781250e-01
