6.930872201919555664e-01
6.928275227546691895e-01
6.926996707916259766e-01
6.932545900344848633e-01
6.916218996047973633e-01
6.876651644706726074e-01
6.919925808906555176e-01
6.956868767738342285e-01
6.915234327316284180e-01
6.985552906990051270e-01
6.915030479431152344e-01
6.938423514366149902e-01
6.952147483825683594e-01
6.965590715408325195e-01
6.930459141731262207e-01
6.933531761169433594e-01
6.932650208473205566e-01
6.919007301330566406e-01
6.954274177551269531e-01
6.917684078216552734e-01
6.936519145965576172e-01
6.951184272766113281e-01
6.909638643264770508e-01
6.947064399719238281e-01
6.940798759460449219e-01
6.944807767868041992e-01
6.929728984832763672e-01
6.930894851684570312e-01
6.926374435424804688e-01
6.915417313575744629e-01
6.929881572723388672e-01
6.931076645851135254e-01
6.886845231056213379e-01
6.898313760757446289e-01
6.901823878288269043e-01
6.962527036666870117e-01
6.864417791366577148e-01
6.956642270088195801e-01
6.902183294296264648e-01
6.925575733184814453e-01
6.974097490310668945e-01
6.894271373748779297e-01
6.890738010406494141e-01
6.959818005561828613e-01
6.955106258392333984e-01
6.946166157722473145e-01
6.930094361305236816e-01
6.954323649406433105e-01
7.002320289611816406e-01
6.948564052581787109e-01
6.917414069175720215e-01
6.908798217773437500e-01
6.959136724472045898e-01
6.944671869277954102e-01
6.928454041481018066e-01
6.928595304489135742e-01
6.920788288116455078e-01
6.926436424255371094e-01
6.919719576835632324e-01
6.899280548095703125e-01
6.958969235420227051e-01
6.937506198883056641e-01
6.926022768020629883e-01
6.909524202346801758e-01
6.935329437255859375e-01
6.906778812408447266e-01
6.913955211639404297e-01
6.934213042259216309e-01
6.915764212608337402e-01
6.917052268981933594e-01
6.917646527290344238e-01
6.929432153701782227e-01
6.899439096450805664e-01
6.903309822082519531e-01
6.938845515251159668e-01
6.908742189407348633e-01
6.909234523773193359e-01
6.907681226730346680e-01
6.910194754600524902e-01
6.918889880180358887e-01
6.919394135475158691e-01
6.879829168319702148e-01
6.919722557067871094e-01
6.901401281356811523e-01
6.890723109245300293e-01
6.927350163459777832e-01
6.953644752502441406e-01
6.854802966117858887e-01
6.885705590248107910e-01
6.911494135856628418e-01
6.891527175903320312e-01
6.857524514198303223e-01
6.867533326148986816e-01
6.855031847953796387e-01
6.867184042930603027e-01
6.848233938217163086e-01
6.846960186958312988e-01
6.793920993804931641e-01
6.887708902359008789e-01
6.870663166046142578e-01
6.877482533454895020e-01
6.828159093856811523e-01
6.887320876121520996e-01
6.787971854209899902e-01
6.781600117683410645e-01
6.861174106597900391e-01
6.941146850585937500e-01
6.731993556022644043e-01
6.859260201454162598e-01
6.775622367858886719e-01
6.792272329330444336e-01
6.785929203033447266e-01
6.802169084548950195e-01
6.818960905075073242e-01
6.870153546333312988e-01
6.984771490097045898e-01
6.949993371963500977e-01
6.861876249313354492e-01
6.834009289741516113e-01
6.820464134216308594e-01
6.849994659423828125e-01
6.787462830543518066e-01
6.666296720504760742e-01
6.905472278594970703e-01
6.598637104034423828e-01
6.868147253990173340e-01
6.740090250968933105e-01
6.910451054573059082e-01
6.857229471206665039e-01
6.733437180519104004e-01
6.790630817413330078e-01
6.581028699874877930e-01
6.569336652755737305e-01
6.899563670158386230e-01
6.903464794158935547e-01
6.757535338401794434e-01
6.682007312774658203e-01
6.731869578361511230e-01
6.970181465148925781e-01
6.788290739059448242e-01
6.757291555404663086e-01
6.722341179847717285e-01
6.781846284866333008e-01
6.697628498077392578e-01
6.617785692214965820e-01
6.689123511314392090e-01
6.751303672790527344e-01
6.484547853469848633e-01
6.713752746582031250e-01
6.796368956565856934e-01
6.731293201446533203e-01
6.618397235870361328e-01
6.642338633537292480e-01
6.727774739265441895e-01
6.810159683227539062e-01
6.753352284431457520e-01
6.577331423759460449e-01
6.528992652893066406e-01
6.827719211578369141e-01
6.750507950782775879e-01
6.555519104003906250e-01
6.702242493629455566e-01
6.400513648986816406e-01
6.797403097152709961e-01
6.688637733459472656e-01
6.788547039031982422e-01
6.769080758094787598e-01
6.727958917617797852e-01
6.942514181137084961e-01
6.672269701957702637e-01
6.660364866256713867e-01
6.663221120834350586e-01
6.803115606307983398e-01
6.815346479415893555e-01
6.469877958297729492e-01
6.631599664688110352e-01
6.697118282318115234e-01
6.559254527091979980e-01
6.733839511871337891e-01
6.656193137168884277e-01
6.749274730682373047e-01
6.581591367721557617e-01
6.536554694175720215e-01
6.494011282920837402e-01
6.545177102088928223e-01
6.364618539810180664e-01
6.552831530570983887e-01
6.498985290527343750e-01
6.895272135734558105e-01
6.588739752769470215e-01
6.735150218009948730e-01
6.743897199630737305e-01
6.505656838417053223e-01
6.745789051055908203e-01
6.762045025825500488e-01
6.581775546073913574e-01
6.492105126380920410e-01
6.606293916702270508e-01
6.568314433097839355e-01
6.413436532020568848e-01
6.735390424728393555e-01
6.502244472503662109e-01
6.524899005889892578e-01
6.436910033226013184e-01
6.443517208099365234e-01
6.464809775352478027e-01
6.620976924896240234e-01
6.189375519752502441e-01
6.668381690979003906e-01
6.602983474731445312e-01
6.666845083236694336e-01
6.552112102508544922e-01
6.585934162139892578e-01
6.456474661827087402e-01
6.062803268432617188e-01
6.597228646278381348e-01
6.381765604019165039e-01
6.654798984527587891e-01
6.589255928993225098e-01
6.320933699607849121e-01
6.507235169410705566e-01
