6.931995749473571777e-01
6.933633089065551758e-01
6.933730840682983398e-01
6.931961774826049805e-01
6.931428909301757812e-01
6.931548118591308594e-01
6.932806372642517090e-01
6.930631995201110840e-01
6.917493939399719238e-01
6.936888098716735840e-01
6.927919387817382812e-01
6.930931806564331055e-01
6.972740888595581055e-01
6.930022239685058594e-01
6.937683820724487305e-01
6.937995553016662598e-01
6.939092874526977539e-01
6.933828592300415039e-01
6.930561065673828125e-01
6.929070353507995605e-01
6.929448843002319336e-01
6.938129663467407227e-01
6.931461095809936523e-01
6.933308839797973633e-01
6.922330260276794434e-01
6.922153234481811523e-01
6.932938098907470703e-01
6.931986212730407715e-01
6.944942474365234375e-01
6.927009224891662598e-01
6.932701468467712402e-01
6.923308372497558594e-01
6.925539970397949219e-01
6.925182342529296875e-01
6.927343010902404785e-01
6.929424405097961426e-01
6.930676102638244629e-01
6.926758885383605957e-01
6.931965351104736328e-01
6.922141909599304199e-01
6.924749016761779785e-01
6.917556524276733398e-01
6.941683888435363770e-01
6.920309066772460938e-01
6.922288537025451660e-01
6.948498487472534180e-01
6.927575469017028809e-01
6.927757263183593750e-01
6.919564008712768555e-01
6.925642490386962891e-01
6.916903853416442871e-01
6.919765472412109375e-01
6.939152479171752930e-01
6.924088597297668457e-01
6.927773952484130859e-01
6.925204396247863770e-01
6.923387646675109863e-01
6.911380887031555176e-01
6.919975876808166504e-01
6.903406977653503418e-01
6.897895336151123047e-01
6.878930926322937012e-01
7.002784013748168945e-01
6.942757368087768555e-01
6.932688355445861816e-01
6.926010847091674805e-01
6.914523839950561523e-01
6.915565133094787598e-01
6.929231286048889160e-01
6.903987526893615723e-01
6.903916597366333008e-01
6.909273266792297363e-01
6.909929513931274414e-01
6.928821802139282227e-01
6.923165917396545410e-01
6.907737851142883301e-01
6.911928057670593262e-01
6.929751038551330566e-01
6.913928389549255371e-01
6.898449063301086426e-01
6.924698948860168457e-01
6.885128021240234375e-01
6.911105513572692871e-01
6.878872513771057129e-01
6.873666644096374512e-01
6.859893798828125000e-01
6.847100257873535156e-01
6.827619671821594238e-01
6.836748719215393066e-01
6.872575879096984863e-01
6.939836740493774414e-01
6.763620972633361816e-01
6.949290037155151367e-01
6.878634095191955566e-01
6.768158674240112305e-01
6.865099668502807617e-01
6.847270131111145020e-01
6.784089803695678711e-01
6.857316493988037109e-01
6.749880313873291016e-01
6.895051002502441406e-01
6.860141754150390625e-01
6.692354083061218262e-01
6.791943907737731934e-01
6.810646057128906250e-01
6.901280283927917480e-01
6.843405365943908691e-01
6.769322156906127930e-01
6.764431595802307129e-01
6.850358247756958008e-01
6.789915561676025391e-01
6.911104321479797363e-01
6.811275482177734375e-01
6.859628558158874512e-01
6.897954344749450684e-01
6.689739227294921875e-01
6.665253043174743652e-01
6.718627810478210449e-01
6.752336621284484863e-01
6.787609457969665527e-01
6.795211434364318848e-01
6.896501183509826660e-01
6.613819599151611328e-01
6.681704521179199219e-01
6.737715005874633789e-01
6.767237186431884766e-01
6.588315367698669434e-01
6.656082868576049805e-01
6.664351820945739746e-01
6.733989119529724121e-01
6.651048660278320312e-01
6.837823390960693359e-01
6.752516627311706543e-01
6.855500936508178711e-01
6.667134165763854980e-01
6.795073747634887695e-01
6.810688376426696777e-01
6.782252192497253418e-01
6.778941750526428223e-01
6.489074230194091797e-01
6.790373921394348145e-01
6.640117764472961426e-01
6.909646987915039062e-01
6.781105995178222656e-01
6.593190431594848633e-01
6.471002697944641113e-01
6.656641364097595215e-01
6.517551541328430176e-01
7.006396055221557617e-01
6.468976140022277832e-01
6.481994390487670898e-01
6.652058362960815430e-01
6.569226384162902832e-01
6.401013731956481934e-01
6.248074173927307129e-01
6.906718015670776367e-01
6.545875668525695801e-01
6.744509935379028320e-01
6.764672398567199707e-01
6.575770974159240723e-01
6.579436659812927246e-01
6.437325477600097656e-01
6.594824790954589844e-01
6.497038602828979492e-01
7.277800440788269043e-01
6.519662737846374512e-01
6.682409644126892090e-01
6.592202782630920410e-01
6.730498075485229492e-01
6.510072946548461914e-01
6.871448159217834473e-01
6.838728785514831543e-01
6.423779726028442383e-01
6.654462218284606934e-01
6.301437616348266602e-01
6.559703946113586426e-01
6.139594316482543945e-01
6.442224979400634766e-01
6.573171019554138184e-01
6.606568694114685059e-01
6.518867611885070801e-01
6.495878100395202637e-01
6.524995565414428711e-01
6.888057589530944824e-01
6.657104492187500000e-01
6.765503287315368652e-01
6.377150416374206543e-01
6.705276370048522949e-01
6.733347177505493164e-01
6.536234617233276367e-01
6.439739465713500977e-01
6.598764061927795410e-01
6.502879858016967773e-01
6.626168489456176758e-01
6.687492132186889648e-01
6.196748614311218262e-01
6.371990442276000977e-01
6.425949931144714355e-01
6.455788612365722656e-01
6.161652207374572754e-01
6.742438077926635742e-01
6.466537714004516602e-01
6.837908029556274414e-01
6.091889142990112305e-01
6.545358300209045410e-01
6.236700415611267090e-01
6.150391101837158203e-01
6.072365641593933105e-01
6.444543004035949707e-01
6.396799087524414062e-01
6.355166435241699219e-01
6.056100130081176758e-01
6.642661690711975098e-01
6.461245417594909668e-01
6.441287398338317871e-01
6.760435104370117188e-01
6.894069910049438477e-01
6.382839083671569824e-01
6.593834757804870605e-01
6.500919461250305176e-01
6.319451928138732910e-01
