6.931757926940917969e-01
6.914176940917968750e-01
6.924476623535156250e-01
6.958622336387634277e-01
6.908858418464660645e-01
6.910390853881835938e-01
6.971435546875000000e-01
6.931844949722290039e-01
6.939004659652709961e-01
6.943446993827819824e-01
6.899800300598144531e-01
6.946477890014648438e-01
6.951913833618164062e-01
6.934099197387695312e-01
6.934058070182800293e-01
6.923648715019226074e-01
6.943459510803222656e-01
6.926431655883789062e-01
6.929291486740112305e-01
6.923080086708068848e-01
6.931080818176269531e-01
6.945728063583374023e-01
6.935193538665771484e-01
6.936676502227783203e-01
6.934151649475097656e-01
6.932580471038818359e-01
6.932634711265563965e-01
6.935663819313049316e-01
6.932175159454345703e-01
6.926366090774536133e-01
6.937924027442932129e-01
6.927266120910644531e-01
6.928696632385253906e-01
6.926674842834472656e-01
6.921346783638000488e-01
6.929780840873718262e-01
6.937309503555297852e-01
6.917443871498107910e-01
6.907356977462768555e-01
6.959706544876098633e-01
6.932389736175537109e-01
6.922211050987243652e-01
6.924356222152709961e-01
6.917518377304077148e-01
6.924268603324890137e-01
6.924842596054077148e-01
6.933009028434753418e-01
6.910293698310852051e-01
6.932792067527770996e-01
6.934649944305419922e-01
6.955076456069946289e-01
6.931143999099731445e-01
6.925698518753051758e-01
6.923013925552368164e-01
6.924064159393310547e-01
6.937997341156005859e-01
6.924362182617187500e-01
6.901977062225341797e-01
6.950596570968627930e-01
6.916696429252624512e-01
6.900528669357299805e-01
6.900209784507751465e-01
6.889153122901916504e-01
6.933612227439880371e-01
6.975556015968322754e-01
6.893211603164672852e-01
6.874020695686340332e-01
6.924535036087036133e-01
6.926524639129638672e-01
6.920760869979858398e-01
6.915606856346130371e-01
6.915333867073059082e-01
6.935461163520812988e-01
6.906184554100036621e-01
6.902875304222106934e-01
6.875487565994262695e-01
6.958490014076232910e-01
6.921842694282531738e-01
6.930152177810668945e-01
6.926379799842834473e-01
6.908034086227416992e-01
6.940379142761230469e-01
6.902075409889221191e-01
6.906074285507202148e-01
6.884557604789733887e-01
6.903091073036193848e-01
6.935727596282958984e-01
6.873490810394287109e-01
6.962164640426635742e-01
6.895976066589355469e-01
6.877061724662780762e-01
6.926740407943725586e-01
6.913209557533264160e-01
6.868554949760437012e-01
6.912527084350585938e-01
6.848124265670776367e-01
6.909953355789184570e-01
6.871756911277770996e-01
6.871411204338073730e-01
6.810923814773559570e-01
6.839824914932250977e-01
6.858349442481994629e-01
6.884570121765136719e-01
6.864154934883117676e-01
6.840469241142272949e-01
6.876480579376220703e-01
6.820414662361145020e-01
6.867523789405822754e-01
6.860915422439575195e-01
6.774762272834777832e-01
6.845644116401672363e-01
6.738794445991516113e-01
6.756665110588073730e-01
6.752104759216308594e-01
6.937054395675659180e-01
6.919912099838256836e-01
6.649460792541503906e-01
6.764454245567321777e-01
6.753770112991333008e-01
6.604372262954711914e-01
6.763772368431091309e-01
6.747824549674987793e-01
6.814281940460205078e-01
6.517959833145141602e-01
6.901930570602416992e-01
6.812180280685424805e-01
6.933177709579467773e-01
6.686852574348449707e-01
6.671167016029357910e-01
6.784748435020446777e-01
6.729375720024108887e-01
6.794750094413757324e-01
6.859589815139770508e-01
6.923284530639648438e-01
6.630854010581970215e-01
6.781376600265502930e-01
6.815805435180664062e-01
6.912460923194885254e-01
6.588265299797058105e-01
6.865382790565490723e-01
6.647931337356567383e-01
6.744198799133300781e-01
6.725461483001708984e-01
6.724973917007446289e-01
6.873257756233215332e-01
6.588114500045776367e-01
6.651383638381958008e-01
6.683917641639709473e-01
6.455981731414794922e-01
6.896322965621948242e-01
6.690340638160705566e-01
6.846467256546020508e-01
6.433397531509399414e-01
6.736966371536254883e-01
6.741785407066345215e-01
6.407318711280822754e-01
6.937823295593261719e-01
6.692655682563781738e-01
6.959568262100219727e-01
6.761726140975952148e-01
6.697959303855895996e-01
6.695865392684936523e-01
6.716631054878234863e-01
6.642938256263732910e-01
6.442566514015197754e-01
6.443635225296020508e-01
6.440587043762207031e-01
6.759583353996276855e-01
6.555247902870178223e-01
6.593874096870422363e-01
6.868223547935485840e-01
6.651675105094909668e-01
6.725273132324218750e-01
6.423765420913696289e-01
6.595803499221801758e-01
6.441754698753356934e-01
6.553396582603454590e-01
6.696299910545349121e-01
6.470221877098083496e-01
6.575961709022521973e-01
6.547396183013916016e-01
6.292489767074584961e-01
6.396023631095886230e-01
6.702450513839721680e-01
6.155175566673278809e-01
6.740702390670776367e-01
6.375430226325988770e-01
6.481311321258544922e-01
6.587513685226440430e-01
6.340271234512329102e-01
6.583696007728576660e-01
6.317131519317626953e-01
6.673715114593505859e-01
6.532326936721801758e-01
6.659241914749145508e-01
6.765841841697692871e-01
6.396940946578979492e-01
6.662726402282714844e-01
6.965704560279846191e-01
6.530753374099731445e-01
6.738945245742797852e-01
6.389085054397583008e-01
6.836298704147338867e-01
6.324788331985473633e-01
6.582221984863281250e-01
6.586803793907165527e-01
6.189502477645874023e-01
6.556884050369262695e-01
6.226310729980468750e-01
6.063680648803710938e-01
6.417800188064575195e-01
6.422613859176635742e-01
6.460467576980590820e-01
6.145351529121398926e-01
6.093011498451232910e-01
6.375008821487426758e-01
6.104677915573120117e-01
6.447719931602478027e-01
6.663667559623718262e-01
6.652774810791015625e-01
6.239954829216003418e-01
