6.931529045104980469e-01
6.934241652488708496e-01
6.931333541870117188e-01
6.927005052566528320e-01
6.936112642288208008e-01
6.928455233573913574e-01
6.953849196434020996e-01
6.933299303054809570e-01
6.924229860305786133e-01
6.927973628044128418e-01
6.936559081077575684e-01
6.932274699211120605e-01
6.924962997436523438e-01
6.933985352516174316e-01
6.934669017791748047e-01
6.927142143249511719e-01
6.927499771118164062e-01
6.939197778701782227e-01
6.928098797798156738e-01
6.935158967971801758e-01
6.927354931831359863e-01
6.937822103500366211e-01
6.927223205566406250e-01
6.937442421913146973e-01
6.936758756637573242e-01
6.933761239051818848e-01
6.931207180023193359e-01
6.934474110603332520e-01
6.930189132690429688e-01
6.925193071365356445e-01
6.917703747749328613e-01
6.927942037582397461e-01
6.932069063186645508e-01
6.929588317871093750e-01
6.934637427330017090e-01
6.923109292984008789e-01
6.928652524948120117e-01
6.925352215766906738e-01
6.929654479026794434e-01
6.925992965698242188e-01
6.928859353065490723e-01
6.923846006393432617e-01
6.928437352180480957e-01
6.927004456520080566e-01
6.929535865783691406e-01
6.924612522125244141e-01
6.926432847976684570e-01
6.926990747451782227e-01
6.927604079246520996e-01
6.922867894172668457e-01
6.925157904624938965e-01
6.919447779655456543e-01
6.898827552795410156e-01
6.924017667770385742e-01
6.936603188514709473e-01
6.915186047554016113e-01
6.902597546577453613e-01
6.971135139465332031e-01
6.924430727958679199e-01
6.926153302192687988e-01
6.919213533401489258e-01
6.894187927246093750e-01
6.930425763130187988e-01
6.898242235183715820e-01
6.928231716156005859e-01
6.890854835510253906e-01
6.906471252441406250e-01
6.895147562026977539e-01
6.901309490203857422e-01
6.909139156341552734e-01
6.924881935119628906e-01
6.913387179374694824e-01
6.859134435653686523e-01
6.958268284797668457e-01
6.886916160583496094e-01
6.918748617172241211e-01
6.839612722396850586e-01
6.896985769271850586e-01
6.906677484512329102e-01
6.941273212432861328e-01
6.866692304611206055e-01
6.877223253250122070e-01
6.932214498519897461e-01
6.850190162658691406e-01
6.870443820953369141e-01
6.910474896430969238e-01
6.831983327865600586e-01
6.768177151679992676e-01
6.927689909934997559e-01
6.761595010757446289e-01
6.713356971740722656e-01
6.914851069450378418e-01
6.706148982048034668e-01
7.201320528984069824e-01
6.870312690734863281e-01
6.969639658927917480e-01
6.824984550476074219e-01
6.830880641937255859e-01
6.882435083389282227e-01
6.701125502586364746e-01
6.759508848190307617e-01
6.959082484245300293e-01
6.794543862342834473e-01
6.709882020950317383e-01
6.711106896400451660e-01
6.817963123321533203e-01
6.834394335746765137e-01
6.875241398811340332e-01
6.916400194168090820e-01
6.794481873512268066e-01
6.729556322097778320e-01
6.828668117523193359e-01
6.906388401985168457e-01
6.716099977493286133e-01
6.745266914367675781e-01
6.754544973373413086e-01
6.742291450500488281e-01
6.596955657005310059e-01
6.806421279907226562e-01
6.749287247657775879e-01
6.751932501792907715e-01
6.627209782600402832e-01
6.466522216796875000e-01
6.824586391448974609e-01
6.680694222450256348e-01
6.748485565185546875e-01
6.671077609062194824e-01
6.464701294898986816e-01
6.536353826522827148e-01
6.780428290367126465e-01
6.742720603942871094e-01
6.826939582824707031e-01
6.380361914634704590e-01
6.694338321685791016e-01
7.300093173980712891e-01
6.732022166252136230e-01
6.567265987396240234e-01
6.903823614120483398e-01
6.833415031433105469e-01
6.647324562072753906e-01
6.478705406188964844e-01
6.638827919960021973e-01
7.017877101898193359e-01
6.534045934677124023e-01
6.868314743041992188e-01
6.637346148490905762e-01
6.522915363311767578e-01
6.332167387008666992e-01
6.429162621498107910e-01
6.279921531677246094e-01
6.675364971160888672e-01
6.995996832847595215e-01
6.745346188545227051e-01
6.274973750114440918e-01
6.777994632720947266e-01
6.459549665451049805e-01
6.459043622016906738e-01
6.257321834564208984e-01
6.510479450225830078e-01
6.498995423316955566e-01
6.743035912513732910e-01
6.913216710090637207e-01
6.702541708946228027e-01
6.936908960342407227e-01
6.556985974311828613e-01
6.656334996223449707e-01
6.269501447677612305e-01
6.724564433097839355e-01
6.569627523422241211e-01
6.975789070129394531e-01
6.623050570487976074e-01
6.609492301940917969e-01
6.936519145965576172e-01
6.427333950996398926e-01
6.402468681335449219e-01
6.264917254447937012e-01
7.130660414695739746e-01
6.308910846710205078e-01
6.740429401397705078e-01
6.656637191772460938e-01
6.069085597991943359e-01
6.251775026321411133e-01
6.135539412498474121e-01
6.430101394653320312e-01
6.635472774505615234e-01
6.711557507514953613e-01
6.416959166526794434e-01
6.787701249122619629e-01
6.477071046829223633e-01
6.912653446197509766e-01
6.341828107833862305e-01
6.328052878379821777e-01
6.293308734893798828e-01
6.700900793075561523e-01
6.410170197486877441e-01
6.688364148139953613e-01
6.293818354606628418e-01
6.613028049468994141e-01
6.530886292457580566e-01
6.580266952514648438e-01
6.665831804275512695e-01
6.202542185783386230e-01
6.547358632087707520e-01
6.054883003234863281e-01
6.265565752983093262e-01
6.143554449081420898e-01
6.387366652488708496e-01
6.485933065414428711e-01
6.057316064834594727e-01
6.678198575973510742e-01
6.384979486465454102e-01
6.090154051780700684e-01
6.207803487777709961e-01
6.402926445007324219e-01
6.412627100944519043e-01
6.198254823684692383e-01
6.257795691490173340e-01
6.249817609786987305e-01
6.183716654777526855e-01
6.365070939064025879e-01
6.245838403701782227e-01
