2.449749603271484499e+00
9.994951009750365767e-01
6.845968413352966353e-01
6.905210661888122603e-01
6.845947766304015802e-01
6.953036308288573775e-01
6.795179605484008567e-01
6.736307621002197710e-01
6.736081123352051225e-01
6.961321854591369096e-01
6.809642052650451971e-01
6.632757568359375355e-01
6.678326106071472701e-01
6.529227828979492498e-01
6.973581457138061657e-01
6.632326316833495605e-01
6.605300569534301447e-01
6.656609368324279963e-01
6.472180914878845615e-01
6.465574550628662154e-01
6.340580844879150080e-01
6.456402134895324885e-01
6.334269237518310725e-01
6.491838788986206144e-01
6.442001152038574485e-01
6.280408024787902388e-01
6.089653372764587402e-01
6.381011629104613725e-01
6.291428875923156250e-01
6.063401031494141113e-01
6.167698574066161621e-01
5.874107074737549006e-01
5.938924670219420943e-01
5.494405460357666415e-01
5.931568622589111772e-01
6.090372848510742232e-01
5.903446483612060369e-01
5.862250137329101385e-01
5.883239841461181951e-01
5.779845070838928178e-01
5.686183643341063965e-01
5.429333782196045233e-01
6.284024977684020685e-01
5.702441310882568892e-01
