1.577067718505859473e+00
3.417866997718811195e+00
7.112104701995849432e-01
6.891248226165771484e-01
6.955909729003906250e-01
6.904420161247253329e-01
6.867368173599243120e-01
6.839748287200927424e-01
6.767581415176391335e-01
6.855456733703613192e-01
6.814739513397216619e-01
6.791656684875487793e-01
6.700382900238036621e-01
6.682257652282714844e-01
6.722999262809753462e-01
6.709301853179931996e-01
6.631057906150817916e-01
6.633144879341125177e-01
6.615732073783874290e-01
6.613927388191223056e-01
6.384048938751221147e-01
6.511833167076110929e-01
6.111219668388366832e-01
6.597885656356811124e-01
6.574064612388610396e-01
6.039792418479918990e-01
6.042258358001708629e-01
6.112003207206726518e-01
6.296431517601013272e-01
