1.932567787170410112e+00
1.683163545131683314e+00
8.538527989387512118e-01
6.950941109657287065e-01
6.982265734672545854e-01
6.915616059303283381e-01
6.886478900909424050e-01
6.855495738983153897e-01
7.081046652793884233e-01
6.924038839340209694e-01
6.802064275741577237e-01
6.839963245391845748e-01
6.792514204978943315e-01
6.799264907836913840e-01
6.789168143272399369e-01
6.750962924957275568e-01
6.831109642982482466e-01
6.755134367942809970e-01
6.758335971832275524e-01
6.456740689277649103e-01
6.252323007583617809e-01
6.565867757797241300e-01
6.765838003158569647e-01
6.473118758201599210e-01
6.467428874969481933e-01
6.322142672538757502e-01
6.284288430213927912e-01
6.263436508178711337e-01
6.519040369987487704e-01
6.226753473281860796e-01
6.199606418609618919e-01
6.030751752853393821e-01
6.121401834487915083e-01
5.957062458992004039e-01
5.975504374504089222e-01
5.718641257286072310e-01
5.946777939796448198e-01
6.097138476371765092e-01
6.095593452453613725e-01
5.842833423614501864e-01
5.842206835746764915e-01
5.977640986442566140e-01
5.595324420928955433e-01
5.831513929367065918e-01
5.567227911949157448e-01
5.874475002288818137e-01
5.763970136642455611e-01
5.447847437858581721e-01
5.548570013046264515e-01
4.955902934074402078e-01
5.106820321083068714e-01
