1.639581537246704190e+00
4.001138792037964187e+00
6.949695038795471458e-01
6.958868622779845747e-01
6.882603263854980558e-01
6.853826022148132857e-01
6.807760024070739213e-01
7.461716437339782626e-01
6.754137730598449574e-01
6.641202616691589400e-01
6.859317564964294567e-01
6.675193881988525924e-01
6.482513689994812145e-01
6.555439090728759632e-01
6.693018364906311302e-01
6.442698383331298961e-01
6.409392046928406028e-01
6.102374196052551270e-01
6.321554756164551314e-01
6.189655160903930753e-01
6.298728299140929909e-01
6.147299361228942827e-01
5.864898848533630638e-01
6.239246392250060724e-01
5.987421035766601340e-01
5.863507604598998668e-01
6.017343425750731889e-01
6.433512878417968484e-01
6.007098865509032937e-01
5.868138575553893954e-01
