1.017251830101013166e+00
5.099569559097290039e+00
7.347814273834228915e-01
7.103377366065979359e-01
6.909300541877746449e-01
6.988172817230224876e-01
6.902945709228515137e-01
7.081246852874756303e-01
6.943995952606201172e-01
7.022131252288817960e-01
6.909792613983154475e-01
6.870940899848938521e-01
6.860442566871642889e-01
6.981820917129516468e-01
6.714075565338134544e-01
6.876908779144287331e-01
6.803172588348388450e-01
6.766889858245849210e-01
6.757257914543152166e-01
6.678031849861144620e-01
6.619208812713622825e-01
6.588002252578735174e-01
6.476434421539306596e-01
6.498245573043823775e-01
6.583380508422851385e-01
6.619783234596252619e-01
6.619098567962646840e-01
