1.195109461196928402e+00
7.408680329175179047e-01
7.312980805772080206e-01
7.178912949523221787e-01
7.041220482052311658e-01
6.976723220282310400e-01
6.940874525673165207e-01
6.923271635833607718e-01
6.924974498121975186e-01
6.903091300964873112e-01
6.871901233839897705e-01
6.864212684693510313e-01
6.858382636538541410e-01
6.843762091810712267e-01
6.833477894745723091e-01
6.833333126686630399e-01
6.841976826829407887e-01
6.817423777046700550e-01
6.805342766721892422e-01
6.794123011785380140e-01
6.801908468500807992e-01
6.788753581267216175e-01
6.820980323714318505e-01
