1.195743532566606149e+00
7.412360233034480661e-01
7.298647414851441306e-01
7.152531009441545073e-01
7.030567922994813701e-01
6.971013789878667266e-01
6.929688845482203652e-01
6.906053042593062186e-01
6.892237162544712081e-01
6.882495377784250135e-01
6.860002405029128614e-01
6.852262208975109514e-01
6.823950505696849689e-01
6.816311935157579605e-01
6.815069595206667552e-01
6.813430916573604001e-01
6.803892905091319943e-01
6.800428156195015283e-01
6.796254152161512740e-01
6.778787927170535355e-01
6.774587254468559250e-01
6.766938752303329752e-01
6.784477002135832491e-01
6.770616807660556624e-01
6.755351598515900724e-01
