1.195513703621061907e+00
7.426069458822139868e-01
7.315448783520186460e-01
7.184092455878975381e-01
7.060340947265666411e-01
6.999390271615231196e-01
6.951443326661018718e-01
6.926583971490295477e-01
6.903080266497175765e-01
6.890352607938921015e-01
6.872599800924190649e-01
6.853362091334859185e-01
6.842126808757046375e-01
6.828022223332211871e-01
6.817156253529268461e-01
6.803450513507670605e-01
6.822232421101078748e-01
6.804526585848806874e-01
6.799690047727209308e-01
6.789527374852422081e-01
6.774920299932530865e-01
6.770102825908153044e-01
6.760982601685345816e-01
