8.088356220223604787e-01
7.550765904054118627e-01
7.214293597121396173e-01
7.143477053826170486e-01
7.059751927431739960e-01
7.023222529001044157e-01
7.046358301418103043e-01
7.020166886364358483e-01
6.974156547149583663e-01
6.978816049115804665e-01
6.955552790425252319e-01
6.916949672261247795e-01
6.910132576692757933e-01
6.889428854765676791e-01
6.866960522598833938e-01
6.862633233158437207e-01
6.841840995581884854e-01
6.824681254135144259e-01
6.815590136793241438e-01
6.778178127934788577e-01
6.762091636916724990e-01
6.750279527718058281e-01
6.767834573579443180e-01
6.747558579892972697e-01
6.729576954175958692e-01
6.739444166081939303e-01
