8.083432650650256290e-01
7.534134972202302105e-01
7.218875168394596198e-01
7.125331441766374896e-01
7.071758786233067751e-01
7.038978936877420267e-01
7.025463124056920972e-01
7.020976296462929644e-01
7.024519772365175330e-01
7.000479743819245648e-01
6.985614605808335709e-01
6.993027986018449660e-01
6.973282127900839455e-01
6.943866937600041700e-01
6.950734605971736757e-01
6.945161053806162554e-01
6.928899501317097309e-01
6.912934412264869488e-01
6.921921348785402550e-01
6.889680536616085149e-01
6.861915383169322480e-01
6.855072159822822586e-01
