6.931602954864501953e-01
7.127656340599060059e-01
6.981309652328491211e-01
7.086123228073120117e-01
6.990257501602172852e-01
7.005070447921752930e-01
6.975584626197814941e-01
6.846550703048706055e-01
6.934733986854553223e-01
6.989710927009582520e-01
6.946695446968078613e-01
6.918223500251770020e-01
6.836277246475219727e-01
6.975849866867065430e-01
6.846018433570861816e-01
6.969288587570190430e-01
6.987950205802917480e-01
6.949017643928527832e-01
7.117515206336975098e-01
6.919760704040527344e-01
6.921507716178894043e-01
6.947437524795532227e-01
6.842025518417358398e-01
6.908363103866577148e-01
7.002706527709960938e-01
6.945512890815734863e-01
7.015384435653686523e-01
6.955348253250122070e-01
6.887467503547668457e-01
6.895532608032226562e-01
6.980050802230834961e-01
7.045140862464904785e-01
6.946415901184082031e-01
6.928607225418090820e-01
6.896834373474121094e-01
7.008826732635498047e-01
7.079510688781738281e-01
6.918689012527465820e-01
6.928229331970214844e-01
6.941123008728027344e-01
6.966422200202941895e-01
6.933659315109252930e-01
7.006711959838867188e-01
6.927800774574279785e-01
7.064636945724487305e-01
7.101038694381713867e-01
6.941269636154174805e-01
6.947215199470520020e-01
6.959935426712036133e-01
6.954526305198669434e-01
6.967450380325317383e-01
6.956282854080200195e-01
6.952378749847412109e-01
6.972858309745788574e-01
6.878357529640197754e-01
6.874365806579589844e-01
7.006103396415710449e-01
6.853873133659362793e-01
6.814528107643127441e-01
6.910517215728759766e-01
6.904852390289306641e-01
7.076317071914672852e-01
7.037839889526367188e-01
6.980046033859252930e-01
7.016001939773559570e-01
6.925566792488098145e-01
6.974629759788513184e-01
6.962019205093383789e-01
6.925274133682250977e-01
6.906377077102661133e-01
6.965757012367248535e-01
6.962193250656127930e-01
6.932699084281921387e-01
6.935281157493591309e-01
6.914505958557128906e-01
6.933388710021972656e-01
6.938148140907287598e-01
6.929056644439697266e-01
6.924667358398437500e-01
6.940472126007080078e-01
6.929154396057128906e-01
6.916180849075317383e-01
6.896802783012390137e-01
6.885197758674621582e-01
6.942605376243591309e-01
6.954882740974426270e-01
6.905581951141357422e-01
6.992172598838806152e-01
6.959140896797180176e-01
6.900689601898193359e-01
6.931701898574829102e-01
6.947489380836486816e-01
6.949532628059387207e-01
6.990606784820556641e-01
6.909452676773071289e-01
6.947962045669555664e-01
6.921373605728149414e-01
6.949627399444580078e-01
6.930701732635498047e-01
6.942332983016967773e-01
6.920932531356811523e-01
6.904837489128112793e-01
6.904547810554504395e-01
7.009271383285522461e-01
6.915987730026245117e-01
6.960970163345336914e-01
6.895367503166198730e-01
6.829410791397094727e-01
6.821587681770324707e-01
6.992230415344238281e-01
7.188793420791625977e-01
6.802761554718017578e-01
7.021169662475585938e-01
7.030616402626037598e-01
6.948885917663574219e-01
6.966758966445922852e-01
6.992097496986389160e-01
6.964443922042846680e-01
6.919571161270141602e-01
6.961930990219116211e-01
6.932644844055175781e-01
6.986651420593261719e-01
6.922058463096618652e-01
6.952784061431884766e-01
6.979103684425354004e-01
6.956378221511840820e-01
6.926943063735961914e-01
6.882240772247314453e-01
6.968721151351928711e-01
6.981353759765625000e-01
6.938173770904541016e-01
6.905177831649780273e-01
6.943324208259582520e-01
6.902978420257568359e-01
6.890664100646972656e-01
6.993628144264221191e-01
6.965523362159729004e-01
6.948847770690917969e-01
6.968157887458801270e-01
6.959961652755737305e-01
6.953418850898742676e-01
6.904784440994262695e-01
6.935203671455383301e-01
6.927877664566040039e-01
6.956799030303955078e-01
7.073354721069335938e-01
6.865109205245971680e-01
7.057785987854003906e-01
7.132421731948852539e-01
6.982470750808715820e-01
6.895501613616943359e-01
6.965268850326538086e-01
7.007576227188110352e-01
7.034178376197814941e-01
7.020633220672607422e-01
6.928566098213195801e-01
6.864006519317626953e-01
6.952438354492187500e-01
6.941111683845520020e-01
6.986139416694641113e-01
6.932216286659240723e-01
6.903703212738037109e-01
7.001291513442993164e-01
7.017857432365417480e-01
6.853952407836914062e-01
6.941211819648742676e-01
6.952426433563232422e-01
7.089489698410034180e-01
7.077412605285644531e-01
6.906524896621704102e-01
6.964699029922485352e-01
6.897065639495849609e-01
6.973799467086791992e-01
7.002142071723937988e-01
6.755232214927673340e-01
6.759601235389709473e-01
7.196461558341979980e-01
6.993323564529418945e-01
7.002800703048706055e-01
7.045673727989196777e-01
6.934422254562377930e-01
6.940492391586303711e-01
6.900362968444824219e-01
7.016301751136779785e-01
6.933897137641906738e-01
7.028199434280395508e-01
7.066358327865600586e-01
6.887981891632080078e-01
6.993200778961181641e-01
6.963577866554260254e-01
6.852021217346191406e-01
6.927211284637451172e-01
6.922682523727416992e-01
6.935837268829345703e-01
6.962421536445617676e-01
6.971901655197143555e-01
6.931580305099487305e-01
6.916087865829467773e-01
6.891043186187744141e-01
6.990008950233459473e-01
6.882956624031066895e-01
6.958640217781066895e-01
6.990364193916320801e-01
6.999369263648986816e-01
6.855814456939697266e-01
6.957633495330810547e-01
6.928246021270751953e-01
6.899220347404479980e-01
6.916463375091552734e-01
6.917229294776916504e-01
6.953127384185791016e-01
6.879831552505493164e-01
6.904857158660888672e-01
6.910449266433715820e-01
6.935594677925109863e-01
6.923968791961669922e-01
6.921247243881225586e-01
6.926694512367248535e-01
7.011492848396301270e-01
6.898406744003295898e-01
6.902583241462707520e-01
6.953182220458984375e-01
6.887332201004028320e-01
6.958041191101074219e-01
6.993440389633178711e-01
6.860825419425964355e-01
6.934971213340759277e-01
6.926727890968322754e-01
6.922926306724548340e-01
6.910024285316467285e-01
6.946653127670288086e-01
6.902043223381042480e-01
6.883995532989501953e-01
6.935066580772399902e-01
6.931979060173034668e-01
6.959017515182495117e-01
6.882757544517517090e-01
6.938828229904174805e-01
6.947177052497863770e-01
6.939894556999206543e-01
6.974010467529296875e-01
7.043993473052978516e-01
6.908460855484008789e-01
7.003092169761657715e-01
6.937438249588012695e-01
7.037775516510009766e-01
6.961777210235595703e-01
6.884073019027709961e-01
6.928477287292480469e-01
6.955758333206176758e-01
6.951709389686584473e-01
6.963372826576232910e-01
6.934199929237365723e-01
6.921969056129455566e-01
6.912345290184020996e-01
6.898726820945739746e-01
6.927425265312194824e-01
6.946543455123901367e-01
6.931334137916564941e-01
6.917784810066223145e-01
6.890266537666320801e-01
6.950764060020446777e-01
7.016175389289855957e-01
6.959639787673950195e-01
6.993213295936584473e-01
6.919683814048767090e-01
7.019748091697692871e-01
6.997578144073486328e-01
6.819413304328918457e-01
6.881475448608398438e-01
6.902791857719421387e-01
6.929425001144409180e-01
6.945693492889404297e-01
7.010477781295776367e-01
6.957413554191589355e-01
6.911333799362182617e-01
6.941425204277038574e-01
6.899272203445434570e-01
6.952995061874389648e-01
6.915243268013000488e-01
6.982946395874023438e-01
6.887500286102294922e-01
6.964917778968811035e-01
6.970049142837524414e-01
6.836782693862915039e-01
6.896972656250000000e-01
6.847270727157592773e-01
6.890879869461059570e-01
6.997913718223571777e-01
6.787949800491333008e-01
6.883631944656372070e-01
6.967317461967468262e-01
6.913545727729797363e-01
6.960389614105224609e-01
6.944912075996398926e-01
7.137298583984375000e-01
7.120707035064697266e-01
6.948474645614624023e-01
6.764194965362548828e-01
6.905772686004638672e-01
6.914912462234497070e-01
7.108075618743896484e-01
6.963343620300292969e-01
6.949462890625000000e-01
6.918589472770690918e-01
6.929944157600402832e-01
6.898452043533325195e-01
6.935933232307434082e-01
6.941916942596435547e-01
6.906483769416809082e-01
6.894943118095397949e-01
6.915110349655151367e-01
6.877758502960205078e-01
6.992052197456359863e-01
6.905774474143981934e-01
6.967008113861083984e-01
6.974475383758544922e-01
6.930140852928161621e-01
6.920160055160522461e-01
6.908421516418457031e-01
6.907333731651306152e-01
6.896368265151977539e-01
6.926173567771911621e-01
6.932419538497924805e-01
6.955804824829101562e-01
6.894792318344116211e-01
6.981188654899597168e-01
6.922523975372314453e-01
6.930035352706909180e-01
6.940532922744750977e-01
6.950494647026062012e-01
6.953415274620056152e-01
6.920092105865478516e-01
6.997028589248657227e-01
6.893720626831054688e-01
6.950988769531250000e-01
6.901667714118957520e-01
6.886851191520690918e-01
6.930522322654724121e-01
6.936905384063720703e-01
6.894525289535522461e-01
6.942172050476074219e-01
7.129920721054077148e-01
6.955794095993041992e-01
6.872813701629638672e-01
7.008281946182250977e-01
6.916985511779785156e-01
6.936999559402465820e-01
7.025008797645568848e-01
6.879821419715881348e-01
6.912458539009094238e-01
6.957578659057617188e-01
6.938281059265136719e-01
6.958460807800292969e-01
6.962451934814453125e-01
6.946180462837219238e-01
6.893926262855529785e-01
6.957797408103942871e-01
6.918986439704895020e-01
6.906578540802001953e-01
6.896091103553771973e-01
6.912845969200134277e-01
6.891222000122070312e-01
6.915542483329772949e-01
6.984815597534179688e-01
6.906889677047729492e-01
6.903296113014221191e-01
6.960455775260925293e-01
7.019320726394653320e-01
6.913658380508422852e-01
6.849184036254882812e-01
7.024846076965332031e-01
6.943687200546264648e-01
6.921042203903198242e-01
6.935986280441284180e-01
6.950352191925048828e-01
6.971522569656372070e-01
6.969508528709411621e-01
6.948581337928771973e-01
6.930155754089355469e-01
7.120140194892883301e-01
6.861223578453063965e-01
6.974180340766906738e-01
6.894152164459228516e-01
6.832470297813415527e-01
6.910996437072753906e-01
7.006381750106811523e-01
6.950941085815429688e-01
6.898348927497863770e-01
7.090008258819580078e-01
6.903575658798217773e-01
6.881793141365051270e-01
6.987795233726501465e-01
6.944630146026611328e-01
7.033098936080932617e-01
6.989184617996215820e-01
6.985381841659545898e-01
7.045704722404479980e-01
7.052245140075683594e-01
6.952315568923950195e-01
6.808636188507080078e-01
7.134690284729003906e-01
7.065790891647338867e-01
7.295554876327514648e-01
6.867991685867309570e-01
6.990870833396911621e-01
7.036763429641723633e-01
6.937976479530334473e-01
6.972953081130981445e-01
6.917317509651184082e-01
6.859008669853210449e-01
6.922138333320617676e-01
6.881791353225708008e-01
6.943985223770141602e-01
6.867975592613220215e-01
6.806858181953430176e-01
6.943850517272949219e-01
6.874741911888122559e-01
6.895344853401184082e-01
6.916133165359497070e-01
6.934734582901000977e-01
6.847483515739440918e-01
6.930598616600036621e-01
6.904699206352233887e-01
6.964445114135742188e-01
6.967559456825256348e-01
7.039417028427124023e-01
7.081202864646911621e-01
7.006968855857849121e-01
7.044011950492858887e-01
6.919461488723754883e-01
6.950940489768981934e-01
6.844545006752014160e-01
6.945647001266479492e-01
6.932215690612792969e-01
6.926878094673156738e-01
6.820778250694274902e-01
6.982232928276062012e-01
6.900092363357543945e-01
6.966344118118286133e-01
6.936933398246765137e-01
6.962800621986389160e-01
6.903634071350097656e-01
6.888338327407836914e-01
6.819828748703002930e-01
7.002515196800231934e-01
7.050852775573730469e-01
7.006435990333557129e-01
6.825165748596191406e-01
7.003657221794128418e-01
6.918048262596130371e-01
6.909712553024291992e-01
6.935111880302429199e-01
6.953932642936706543e-01
7.115381956100463867e-01
7.027336955070495605e-01
6.994819045066833496e-01
7.025107145309448242e-01
7.009691596031188965e-01
6.904546618461608887e-01
6.908214092254638672e-01
6.963875889778137207e-01
6.876273751258850098e-01
6.925938725471496582e-01
6.984499692916870117e-01
7.025636434555053711e-01
6.937308311462402344e-01
6.880727410316467285e-01
6.930173635482788086e-01
6.982153654098510742e-01
6.983212232589721680e-01
6.898710131645202637e-01
6.950771808624267578e-01
6.928536891937255859e-01
6.907644271850585938e-01
6.943582892417907715e-01
6.982808113098144531e-01
7.027482390403747559e-01
6.982923746109008789e-01
6.904433965682983398e-01
6.911042928695678711e-01
6.909912824630737305e-01
6.925505995750427246e-01
6.847440600395202637e-01
7.034875154495239258e-01
6.846500635147094727e-01
6.964467763900756836e-01
6.891370415687561035e-01
6.983060836791992188e-01
6.963350772857666016e-01
7.017924189567565918e-01
6.905220746994018555e-01
7.031517624855041504e-01
6.829899549484252930e-01
7.018832564353942871e-01
6.988716125488281250e-01
6.957949399948120117e-01
7.023629546165466309e-01
6.968958973884582520e-01
6.910289525985717773e-01
6.887013316154479980e-01
6.979382038116455078e-01
6.919086575508117676e-01
6.919560432434082031e-01
6.911270022392272949e-01
6.936489939689636230e-01
6.952463984489440918e-01
6.943703293800354004e-01
6.893788576126098633e-01
6.934725046157836914e-01
7.000058293342590332e-01
6.946744918823242188e-01
6.979578137397766113e-01
6.972837448120117188e-01
6.898540258407592773e-01
6.929025650024414062e-01
7.014382481575012207e-01
7.050185799598693848e-01
6.896356344223022461e-01
6.890744566917419434e-01
6.949619054794311523e-01
6.772784590721130371e-01
6.928434967994689941e-01
7.024960517883300781e-01
6.906433105468750000e-01
6.988411545753479004e-01
6.859139204025268555e-01
6.901660561561584473e-01
6.928450465202331543e-01
6.856018304824829102e-01
6.991134285926818848e-01
6.959906816482543945e-01
6.993197202682495117e-01
6.909192204475402832e-01
7.000688314437866211e-01
6.886506080627441406e-01
6.980710029602050781e-01
6.906916499137878418e-01
7.020860910415649414e-01
6.912043094635009766e-01
6.897962689399719238e-01
6.922349929809570312e-01
6.942608952522277832e-01
6.923783421516418457e-01
6.913823485374450684e-01
6.939205527305603027e-01
6.962018013000488281e-01
6.925540566444396973e-01
6.942141652107238770e-01
6.979058980941772461e-01
6.949116587638854980e-01
6.920517086982727051e-01
6.916975975036621094e-01
6.933140754699707031e-01
6.906723380088806152e-01
6.919571757316589355e-01
6.956475377082824707e-01
6.929479837417602539e-01
6.974723339080810547e-01
6.903948187828063965e-01
6.878784298896789551e-01
6.922065019607543945e-01
6.996219754219055176e-01
6.927322745323181152e-01
7.007636427879333496e-01
6.953788995742797852e-01
6.999310851097106934e-01
6.916962265968322754e-01
6.957876682281494141e-01
6.930220127105712891e-01
6.925395131111145020e-01
6.922538280487060547e-01
6.988705396652221680e-01
6.946244239807128906e-01
7.070074677467346191e-01
6.996335983276367188e-01
6.957609653472900391e-01
6.969922780990600586e-01
6.964943408966064453e-01
6.939894556999206543e-01
6.993572711944580078e-01
6.928257942199707031e-01
6.972662210464477539e-01
6.894106864929199219e-01
6.923077106475830078e-01
6.915383338928222656e-01
6.940510869026184082e-01
6.940344572067260742e-01
6.940183639526367188e-01
6.840462684631347656e-01
6.933334469795227051e-01
6.958138942718505859e-01
6.965429186820983887e-01
7.056229710578918457e-01
6.818044185638427734e-01
6.996844410896301270e-01
6.957878470420837402e-01
6.947051286697387695e-01
6.916280388832092285e-01
6.952136158943176270e-01
6.941081285476684570e-01
6.895931363105773926e-01
6.950170993804931641e-01
6.912926435470581055e-01
6.945189833641052246e-01
6.947195529937744141e-01
6.897422075271606445e-01
6.972821950912475586e-01
6.906636953353881836e-01
6.916155219078063965e-01
6.978924870491027832e-01
6.955512166023254395e-01
6.854938864707946777e-01
6.929580569267272949e-01
6.947064995765686035e-01
6.940945982933044434e-01
6.933283805847167969e-01
7.004844546318054199e-01
6.894376277923583984e-01
7.059726715087890625e-01
6.941600441932678223e-01
7.037063837051391602e-01
6.866698265075683594e-01
6.970146298408508301e-01
6.938902735710144043e-01
6.952768564224243164e-01
6.837775707244873047e-01
6.791812181472778320e-01
6.876931786537170410e-01
6.972330212593078613e-01
6.974541544914245605e-01
6.766476035118103027e-01
6.889343261718750000e-01
7.148120403289794922e-01
7.234570980072021484e-01
7.154865860939025879e-01
6.756519079208374023e-01
6.819909811019897461e-01
7.104288935661315918e-01
6.909615993499755859e-01
6.810191869735717773e-01
6.871452331542968750e-01
6.950231790542602539e-01
6.883635520935058594e-01
6.893272399902343750e-01
6.987349987030029297e-01
6.954339146614074707e-01
6.936696171760559082e-01
6.907212734222412109e-01
6.787552833557128906e-01
7.041271328926086426e-01
6.971660256385803223e-01
7.004951834678649902e-01
6.908245086669921875e-01
6.943863630294799805e-01
6.929544210433959961e-01
6.938042044639587402e-01
6.808279752731323242e-01
6.917735934257507324e-01
6.942980289459228516e-01
7.014868259429931641e-01
6.997174024581909180e-01
6.983470320701599121e-01
6.814476847648620605e-01
6.983316540718078613e-01
6.958336234092712402e-01
7.082399129867553711e-01
6.917392015457153320e-01
6.949194073677062988e-01
6.967695951461791992e-01
6.916031837463378906e-01
6.979601383209228516e-01
6.859933733940124512e-01
6.993483304977416992e-01
6.925199031829833984e-01
6.929605603218078613e-01
6.908469200134277344e-01
6.926444768905639648e-01
6.888525485992431641e-01
6.938884258270263672e-01
7.056280374526977539e-01
6.919618248939514160e-01
6.728676557540893555e-01
6.978408098220825195e-01
7.022761106491088867e-01
7.005388140678405762e-01
7.071437239646911621e-01
7.011243104934692383e-01
7.050083875656127930e-01
6.916922926902770996e-01
6.918359994888305664e-01
6.953247785568237305e-01
6.932600140571594238e-01
6.876561641693115234e-01
7.036991715431213379e-01
6.917847990989685059e-01
6.928072571754455566e-01
6.928530335426330566e-01
6.943387985229492188e-01
6.825340986251831055e-01
6.729798913002014160e-01
7.051636576652526855e-01
6.762181520462036133e-01
6.966781616210937500e-01
7.010784745216369629e-01
7.090679407119750977e-01
7.099644541740417480e-01
6.983413100242614746e-01
6.983773708343505859e-01
7.064851522445678711e-01
7.167273759841918945e-01
6.941547989845275879e-01
6.908870339393615723e-01
6.842289566993713379e-01
6.952708363533020020e-01
6.974805593490600586e-01
6.924721002578735352e-01
6.905363798141479492e-01
6.937632560729980469e-01
6.856933832168579102e-01
7.005544900894165039e-01
6.971408128738403320e-01
7.080883979797363281e-01
6.904722452163696289e-01
6.972255706787109375e-01
7.005309462547302246e-01
6.847206354141235352e-01
6.907140016555786133e-01
6.970451474189758301e-01
6.958916187286376953e-01
6.948732137680053711e-01
6.946532726287841797e-01
7.031643390655517578e-01
7.071062326431274414e-01
6.982797384262084961e-01
6.979734301567077637e-01
6.885463595390319824e-01
6.867457032203674316e-01
6.939352750778198242e-01
6.945564746856689453e-01
6.887828111648559570e-01
6.931834220886230469e-01
6.938981413841247559e-01
6.803835630416870117e-01
6.864362359046936035e-01
6.990234255790710449e-01
6.938601136207580566e-01
6.999684572219848633e-01
7.051841020584106445e-01
6.961576938629150391e-01
6.905474662780761719e-01
6.984666585922241211e-01
6.913477182388305664e-01
7.010655403137207031e-01
6.923409700393676758e-01
6.849139332771301270e-01
6.946299672126770020e-01
6.848996877670288086e-01
6.996183395385742188e-01
7.215351462364196777e-01
6.900409460067749023e-01
7.063394784927368164e-01
7.137258648872375488e-01
6.912809014320373535e-01
6.873287558555603027e-01
6.935518980026245117e-01
6.971235275268554688e-01
6.927364468574523926e-01
6.940563917160034180e-01
6.985188722610473633e-01
6.925014257431030273e-01
6.965466737747192383e-01
7.065149545669555664e-01
6.884424090385437012e-01
6.906794309616088867e-01
6.955104470252990723e-01
6.844718456268310547e-01
6.934031248092651367e-01
6.920148730278015137e-01
6.885286569595336914e-01
6.912719607353210449e-01
6.857554316520690918e-01
7.180262804031372070e-01
6.860802769660949707e-01
6.960473656654357910e-01
6.894034743309020996e-01
6.892826557159423828e-01
6.888924837112426758e-01
6.900789141654968262e-01
6.978092789649963379e-01
6.898015737533569336e-01
6.999025344848632812e-01
6.903658509254455566e-01
6.911387443542480469e-01
6.964246034622192383e-01
6.933783292770385742e-01
6.948824524879455566e-01
6.911579370498657227e-01
6.950635910034179688e-01
6.955090761184692383e-01
6.983020901679992676e-01
6.955447196960449219e-01
6.961410045623779297e-01
6.962441205978393555e-01
6.906492710113525391e-01
6.931608319282531738e-01
6.941675543785095215e-01
6.899519562721252441e-01
6.904536485671997070e-01
6.916908025741577148e-01
6.916633844375610352e-01
6.921850442886352539e-01
6.919335126876831055e-01
6.913830637931823730e-01
6.895154714584350586e-01
6.835233569145202637e-01
6.840094923973083496e-01
6.810519695281982422e-01
7.139945626258850098e-01
6.987683773040771484e-01
7.052617669105529785e-01
6.880368590354919434e-01
7.078756093978881836e-01
7.240467667579650879e-01
6.976751089096069336e-01
6.820248961448669434e-01
7.037476301193237305e-01
6.913951039314270020e-01
6.898399591445922852e-01
6.922386884689331055e-01
6.865645647048950195e-01
6.959456205368041992e-01
6.966240406036376953e-01
6.863460540771484375e-01
6.938530206680297852e-01
6.963387727737426758e-01
6.959030628204345703e-01
6.763926148414611816e-01
6.908797621726989746e-01
6.931255459785461426e-01
6.896376609802246094e-01
6.850497722625732422e-01
7.099501490592956543e-01
6.990446448326110840e-01
6.888083219528198242e-01
6.923973560333251953e-01
7.004278898239135742e-01
6.895500421524047852e-01
6.940129995346069336e-01
6.995670795440673828e-01
6.907873749732971191e-01
6.974759101867675781e-01
6.992881298065185547e-01
6.999893784523010254e-01
6.984663009643554688e-01
6.755731105804443359e-01
6.952927112579345703e-01
6.919383406639099121e-01
6.882377862930297852e-01
6.920660138130187988e-01
7.006053924560546875e-01
6.920103430747985840e-01
6.883476376533508301e-01
6.783045530319213867e-01
6.930277347564697266e-01
6.908518075942993164e-01
7.024471759796142578e-01
7.117649912834167480e-01
7.044796943664550781e-01
7.139828205108642578e-01
6.927670836448669434e-01
6.952441334724426270e-01
6.943877339363098145e-01
6.963653564453125000e-01
7.009725570678710938e-01
6.910651326179504395e-01
7.055942416191101074e-01
6.928193569183349609e-01
6.944444179534912109e-01
6.994057893753051758e-01
6.953876018524169922e-01
6.926027536392211914e-01
6.931459903717041016e-01
6.960985660552978516e-01
6.907862424850463867e-01
6.901281476020812988e-01
6.923481225967407227e-01
6.903569102287292480e-01
6.948506832122802734e-01
6.938811540603637695e-01
6.909676790237426758e-01
6.918560862541198730e-01
6.990072727203369141e-01
6.941763758659362793e-01
6.993820667266845703e-01
6.973657011985778809e-01
6.943815946578979492e-01
6.942135691642761230e-01
6.989082098007202148e-01
6.919780373573303223e-01
6.876668930053710938e-01
6.930878162384033203e-01
6.947158575057983398e-01
6.983369588851928711e-01
6.986636519432067871e-01
6.990302801132202148e-01
6.869761943817138672e-01
6.973262429237365723e-01
6.943845748901367188e-01
6.982392072677612305e-01
6.979477405548095703e-01
6.982309818267822266e-01
6.956869959831237793e-01
6.903600692749023438e-01
6.928583383560180664e-01
6.949452161788940430e-01
6.941270828247070312e-01
6.969721317291259766e-01
6.908947229385375977e-01
6.942750215530395508e-01
6.903358101844787598e-01
6.961801648139953613e-01
6.918359994888305664e-01
6.915724277496337891e-01
6.888170242309570312e-01
6.951157450675964355e-01
6.883522272109985352e-01
6.858628392219543457e-01
6.969687938690185547e-01
6.846855878829956055e-01
6.898521780967712402e-01
6.940443515777587891e-01
6.944410800933837891e-01
6.964853405952453613e-01
7.061845064163208008e-01
6.850716471672058105e-01
7.014876008033752441e-01
6.959183216094970703e-01
6.890567541122436523e-01
6.812341809272766113e-01
6.871214509010314941e-01
6.959289312362670898e-01
6.920618414878845215e-01
6.973584890365600586e-01
6.883523464202880859e-01
7.063248753547668457e-01
7.001799345016479492e-01
6.912080645561218262e-01
6.841713786125183105e-01
6.884531974792480469e-01
6.938163042068481445e-01
6.929857134819030762e-01
6.921709775924682617e-01
6.957119703292846680e-01
6.931554079055786133e-01
6.895412802696228027e-01
6.875897645950317383e-01
6.946389079093933105e-01
6.958601474761962891e-01
6.923274993896484375e-01
6.882343292236328125e-01
6.903876066207885742e-01
7.000358700752258301e-01
6.884501576423645020e-01
6.920428276062011719e-01
6.890999674797058105e-01
6.924495697021484375e-01
6.946081519126892090e-01
7.000258564949035645e-01
6.845223903656005859e-01
6.952876448631286621e-01
7.065739035606384277e-01
6.962255835533142090e-01
6.978560090065002441e-01
7.014833092689514160e-01
6.947594285011291504e-01
6.930061578750610352e-01
6.934317350387573242e-01
6.922666430473327637e-01
6.954395174980163574e-01
6.874621510505676270e-01
6.948167681694030762e-01
6.971399784088134766e-01
6.876227855682373047e-01
6.991115808486938477e-01
7.067068219184875488e-01
6.966233849525451660e-01
6.937506794929504395e-01
6.875409483909606934e-01
7.006175518035888672e-01
6.923252344131469727e-01
6.885084509849548340e-01
6.897948980331420898e-01
6.934268474578857422e-01
7.025692462921142578e-01
6.909751892089843750e-01
6.925580501556396484e-01
6.926546096801757812e-01
6.935852766036987305e-01
6.939324140548706055e-01
6.898775696754455566e-01
6.890032291412353516e-01
6.960498690605163574e-01
6.914429664611816406e-01
6.964465379714965820e-01
6.991617679595947266e-01
6.895991563796997070e-01
6.978726983070373535e-01
6.971254348754882812e-01
6.936830282211303711e-01
6.971795558929443359e-01
6.955378055572509766e-01
6.997202634811401367e-01
6.939436793327331543e-01
6.959990859031677246e-01
6.963347196578979492e-01
6.921855807304382324e-01
6.927201747894287109e-01
6.956390738487243652e-01
6.927006840705871582e-01
7.009343504905700684e-01
7.099256515502929688e-01
6.872881054878234863e-01
6.956962347030639648e-01
6.994923949241638184e-01
6.942832469940185547e-01
7.029500007629394531e-01
7.053366899490356445e-01
6.965984106063842773e-01
6.966817975044250488e-01
6.971586942672729492e-01
6.907340288162231445e-01
6.942875385284423828e-01
6.906150579452514648e-01
6.941658854484558105e-01
6.896601319313049316e-01
6.976938843727111816e-01
6.971356868743896484e-01
6.957049965858459473e-01
6.915337443351745605e-01
6.880642175674438477e-01
6.926867961883544922e-01
6.903249621391296387e-01
6.925050616264343262e-01
6.895105242729187012e-01
6.886970400810241699e-01
6.893597841262817383e-01
6.898103952407836914e-01
6.926828622817993164e-01
6.993063092231750488e-01
6.994084119796752930e-01
6.862832307815551758e-01
6.937410831451416016e-01
6.938769221305847168e-01
7.013646364212036133e-01
6.958488225936889648e-01
6.891041994094848633e-01
6.908829212188720703e-01
6.994107961654663086e-01
6.866896152496337891e-01
6.940163969993591309e-01
6.893520355224609375e-01
6.947048902511596680e-01
6.968244314193725586e-01
6.862384080886840820e-01
6.787438392639160156e-01
7.069475650787353516e-01
6.900891065597534180e-01
7.071359157562255859e-01
6.948758959770202637e-01
6.970599889755249023e-01
6.976130008697509766e-01
6.946740150451660156e-01
6.813690662384033203e-01
6.852619051933288574e-01
7.115918397903442383e-01
7.061226367950439453e-01
6.777070164680480957e-01
6.904125809669494629e-01
6.863968372344970703e-01
6.994585990905761719e-01
7.087202072143554688e-01
6.997853517532348633e-01
6.970562934875488281e-01
7.014889121055603027e-01
6.883296370506286621e-01
7.020013928413391113e-01
6.888389587402343750e-01
6.939822435379028320e-01
6.895606517791748047e-01
6.933182477951049805e-01
6.865203380584716797e-01
6.914463639259338379e-01
6.936743855476379395e-01
6.894624233245849609e-01
6.912560462951660156e-01
7.015165686607360840e-01
6.872880458831787109e-01
6.954162716865539551e-01
6.990805864334106445e-01
6.922938227653503418e-01
6.769315600395202637e-01
6.943136453628540039e-01
6.857457160949707031e-01
6.900123357772827148e-01
6.668456196784973145e-01
7.531153559684753418e-01
7.008416652679443359e-01
7.108331322669982910e-01
6.997858285903930664e-01
7.009750008583068848e-01
6.923426389694213867e-01
6.941154003143310547e-01
6.940046548843383789e-01
6.973653435707092285e-01
6.904258131980895996e-01
6.945397853851318359e-01
7.019580602645874023e-01
6.956199407577514648e-01
6.867912411689758301e-01
6.809339523315429688e-01
7.009278535842895508e-01
7.007408142089843750e-01
6.984617114067077637e-01
6.912133693695068359e-01
6.908507943153381348e-01
6.950225830078125000e-01
6.977234482765197754e-01
6.866838335990905762e-01
7.010920047760009766e-01
6.956923604011535645e-01
6.969512701034545898e-01
6.943130493164062500e-01
6.916431188583374023e-01
6.857124567031860352e-01
6.889501214027404785e-01
6.958832740783691406e-01
6.935477256774902344e-01
6.897874474525451660e-01
6.911737322807312012e-01
6.914610266685485840e-01
6.882455348968505859e-01
6.970651149749755859e-01
6.949103474617004395e-01
6.958622336387634277e-01
6.958753466606140137e-01
6.945740580558776855e-01
7.050619125366210938e-01
6.976839900016784668e-01
6.975491046905517578e-01
6.991189122200012207e-01
6.937429904937744141e-01
6.981505751609802246e-01
7.024946808815002441e-01
6.935652494430541992e-01
6.888898611068725586e-01
6.990863084793090820e-01
6.919319033622741699e-01
6.922053694725036621e-01
7.128211259841918945e-01
6.951888799667358398e-01
7.041660547256469727e-01
6.906499266624450684e-01
6.968404650688171387e-01
6.977626085281372070e-01
6.890277862548828125e-01
6.923746466636657715e-01
6.927121877670288086e-01
6.986429691314697266e-01
6.995806097984313965e-01
6.956268548965454102e-01
6.911106109619140625e-01
6.913323402404785156e-01
6.936554908752441406e-01
6.985562443733215332e-01
6.930814385414123535e-01
6.936720609664916992e-01
6.912071108818054199e-01
6.959514021873474121e-01
6.919430494308471680e-01
6.927817463874816895e-01
6.879196166992187500e-01
6.899431943893432617e-01
6.990570425987243652e-01
6.963754296302795410e-01
6.815017461776733398e-01
7.005159854888916016e-01
6.834638118743896484e-01
6.814250946044921875e-01
7.068862318992614746e-01
6.870365738868713379e-01
6.943143010139465332e-01
6.942852735519409180e-01
6.986771821975708008e-01
6.995002031326293945e-01
6.955178976058959961e-01
7.021424174308776855e-01
7.008330225944519043e-01
6.900953054428100586e-01
6.981637477874755859e-01
6.938694715499877930e-01
6.922243237495422363e-01
6.890128254890441895e-01
6.885015964508056641e-01
6.939099431037902832e-01
6.893987059593200684e-01
6.926572322845458984e-01
6.845624446868896484e-01
7.015755772590637207e-01
6.995959281921386719e-01
6.862898468971252441e-01
6.745415925979614258e-01
7.038757801055908203e-01
7.048853039741516113e-01
6.950324773788452148e-01
7.027300000190734863e-01
7.052195668220520020e-01
6.980121135711669922e-01
7.163656949996948242e-01
6.978626251220703125e-01
6.870397329330444336e-01
6.874244809150695801e-01
6.946115493774414062e-01
6.908691525459289551e-01
6.911236643791198730e-01
6.953145265579223633e-01
6.941215991973876953e-01
6.937149763107299805e-01
6.940778493881225586e-01
6.907488107681274414e-01
6.940563321113586426e-01
6.927512884140014648e-01
6.938476562500000000e-01
6.890749335289001465e-01
6.955947279930114746e-01
6.915541291236877441e-01
7.020092010498046875e-01
6.882691979408264160e-01
6.923763155937194824e-01
6.887030601501464844e-01
6.816527843475341797e-01
6.923164725303649902e-01
6.917797327041625977e-01
6.952013969421386719e-01
6.904231905937194824e-01
7.062599062919616699e-01
7.113161683082580566e-01
7.044101953506469727e-01
6.913946866989135742e-01
7.040128707885742188e-01
6.870405077934265137e-01
6.975480318069458008e-01
6.965126395225524902e-01
6.906313896179199219e-01
6.963954567909240723e-01
6.949032545089721680e-01
6.950573921203613281e-01
6.944644451141357422e-01
6.947673559188842773e-01
6.904139518737792969e-01
6.880393028259277344e-01
6.976901888847351074e-01
6.806372404098510742e-01
6.977552175521850586e-01
7.124478220939636230e-01
7.144249677658081055e-01
6.871068477630615234e-01
6.901091337203979492e-01
7.013223767280578613e-01
6.997103095054626465e-01
6.949476003646850586e-01
6.875792741775512695e-01
6.933166384696960449e-01
6.970593333244323730e-01
6.918224692344665527e-01
6.990020871162414551e-01
6.938347816467285156e-01
6.915634870529174805e-01
6.969360709190368652e-01
6.959800720214843750e-01
6.922507286071777344e-01
6.868625879287719727e-01
6.962276697158813477e-01
6.986103653907775879e-01
6.998270750045776367e-01
6.926183700561523438e-01
6.908212900161743164e-01
6.911284327507019043e-01
6.912782192230224609e-01
7.016498446464538574e-01
6.960737109184265137e-01
6.925171613693237305e-01
6.922458410263061523e-01
6.944310069084167480e-01
6.929138898849487305e-01
6.952729821205139160e-01
6.994672417640686035e-01
6.929219365119934082e-01
6.894202828407287598e-01
6.879239082336425781e-01
6.866954565048217773e-01
7.007243037223815918e-01
6.891536116600036621e-01
7.002798318862915039e-01
6.871351003646850586e-01
6.968013644218444824e-01
6.793240308761596680e-01
6.985669136047363281e-01
7.039331793785095215e-01
7.005230188369750977e-01
6.900519132614135742e-01
6.912772059440612793e-01
6.908221244812011719e-01
6.869944334030151367e-01
6.941503882408142090e-01
6.938731670379638672e-01
6.946581006050109863e-01
6.874763965606689453e-01
6.967099308967590332e-01
6.872106790542602539e-01
7.025266885757446289e-01
6.984153985977172852e-01
6.941189765930175781e-01
6.897629499435424805e-01
6.914488673210144043e-01
6.946310997009277344e-01
6.983771920204162598e-01
6.923903226852416992e-01
6.929217576980590820e-01
6.930113434791564941e-01
6.928110122680664062e-01
6.907727122306823730e-01
6.939073204994201660e-01
7.006906867027282715e-01
6.984980702400207520e-01
6.960129737854003906e-01
6.909484863281250000e-01
6.922966241836547852e-01
6.949633359909057617e-01
6.931347846984863281e-01
6.944788694381713867e-01
6.937814950942993164e-01
6.925294995307922363e-01
6.969347000122070312e-01
6.871120929718017578e-01
6.940711140632629395e-01
6.984868049621582031e-01
6.876127123832702637e-01
6.969969868659973145e-01
6.971463561058044434e-01
6.932227611541748047e-01
6.902197599411010742e-01
6.960927248001098633e-01
6.989545226097106934e-01
6.986582279205322266e-01
6.895059347152709961e-01
6.979747414588928223e-01
6.896178722381591797e-01
6.967185735702514648e-01
6.906618475914001465e-01
6.963980197906494141e-01
6.924902200698852539e-01
6.940864324569702148e-01
6.934207081794738770e-01
6.947922110557556152e-01
6.992590427398681641e-01
6.925715208053588867e-01
6.930337548255920410e-01
6.936361193656921387e-01
6.909574866294860840e-01
6.896335482597351074e-01
6.873274445533752441e-01
6.918683648109436035e-01
6.857312321662902832e-01
6.952215433120727539e-01
6.952657103538513184e-01
6.994327902793884277e-01
6.804827451705932617e-01
7.172127962112426758e-01
7.009386420249938965e-01
7.001725435256958008e-01
6.916352510452270508e-01
6.904942989349365234e-01
6.937603354454040527e-01
7.031626701354980469e-01
6.956064701080322266e-01
6.898376345634460449e-01
6.902061700820922852e-01
6.922003626823425293e-01
6.926140189170837402e-01
6.949259042739868164e-01
6.819582581520080566e-01
6.953203082084655762e-01
6.903523802757263184e-01
6.976581811904907227e-01
6.903413534164428711e-01
6.878659129142761230e-01
6.905707716941833496e-01
7.157813310623168945e-01
6.947895288467407227e-01
6.921469569206237793e-01
6.823525428771972656e-01
6.972198486328125000e-01
6.915716528892517090e-01
6.963258981704711914e-01
6.947566270828247070e-01
6.992403268814086914e-01
6.910631060600280762e-01
6.962937116622924805e-01
6.911171674728393555e-01
6.921210289001464844e-01
6.919801831245422363e-01
6.945036053657531738e-01
6.906993985176086426e-01
6.917789578437805176e-01
6.871740221977233887e-01
6.918992996215820312e-01
6.894166469573974609e-01
7.038192749023437500e-01
6.823128461837768555e-01
6.844285726547241211e-01
6.968355774879455566e-01
6.972527503967285156e-01
6.913960576057434082e-01
7.128841876983642578e-01
7.015237212181091309e-01
6.907724738121032715e-01
6.888102889060974121e-01
6.995180249214172363e-01
6.951270103454589844e-01
6.950269937515258789e-01
6.868200898170471191e-01
6.934949159622192383e-01
6.890931129455566406e-01
6.966842412948608398e-01
6.962074041366577148e-01
6.959358453750610352e-01
6.933218836784362793e-01
6.961973905563354492e-01
6.903772354125976562e-01
6.916180849075317383e-01
6.985955238342285156e-01
6.997224092483520508e-01
7.211863994598388672e-01
6.944639682769775391e-01
6.840502619743347168e-01
7.021676301956176758e-01
7.068508863449096680e-01
7.003253698348999023e-01
6.956187486648559570e-01
6.956136822700500488e-01
6.956205368041992188e-01
6.963886618614196777e-01
6.924335956573486328e-01
6.911946535110473633e-01
6.910346746444702148e-01
6.948321461677551270e-01
6.909607052803039551e-01
6.960052251815795898e-01
6.932610869407653809e-01
6.920355558395385742e-01
6.907935142517089844e-01
6.894178986549377441e-01
6.948879361152648926e-01
6.941270232200622559e-01
6.820828318595886230e-01
6.871277093887329102e-01
6.938849687576293945e-01
6.954613924026489258e-01
7.106570601463317871e-01
6.903547048568725586e-01
7.037367224693298340e-01
6.926524639129638672e-01
6.865783333778381348e-01
6.997754573822021484e-01
6.919324398040771484e-01
6.970969438552856445e-01
6.938223242759704590e-01
6.885755062103271484e-01
6.994191408157348633e-01
6.853234171867370605e-01
6.961024999618530273e-01
6.943779587745666504e-01
6.964948177337646484e-01
6.890557408332824707e-01
6.858410835266113281e-01
6.990526914596557617e-01
6.975604891777038574e-01
6.976572275161743164e-01
6.958776712417602539e-01
6.879976987838745117e-01
6.871607899665832520e-01
6.885436773300170898e-01
6.912683248519897461e-01
6.892050504684448242e-01
6.980732083320617676e-01
6.886252760887145996e-01
6.950238347053527832e-01
6.929101943969726562e-01
6.990005970001220703e-01
6.974945068359375000e-01
6.964786052703857422e-01
6.964929103851318359e-01
6.915436983108520508e-01
6.959549188613891602e-01
6.936467289924621582e-01
6.938070654869079590e-01
6.937678456306457520e-01
6.858890056610107422e-01
6.951398849487304688e-01
6.936211585998535156e-01
6.881104707717895508e-01
6.957852840423583984e-01
6.948183774948120117e-01
7.021319270133972168e-01
6.937423944473266602e-01
7.007800340652465820e-01
6.943635344505310059e-01
6.911920309066772461e-01
6.952359676361083984e-01
6.926954388618469238e-01
6.909810304641723633e-01
6.962600350379943848e-01
6.929876804351806641e-01
6.898424625396728516e-01
6.842649579048156738e-01
6.941182017326354980e-01
6.880726218223571777e-01
7.177231907844543457e-01
6.903471350669860840e-01
7.073699831962585449e-01
6.738212704658508301e-01
6.869166493415832520e-01
6.980518698692321777e-01
6.978510618209838867e-01
7.026738524436950684e-01
7.038034796714782715e-01
7.235088944435119629e-01
6.951999068260192871e-01
6.934157609939575195e-01
6.915627121925354004e-01
6.966027021408081055e-01
6.905596256256103516e-01
6.941903233528137207e-01
6.908230781555175781e-01
7.073768377304077148e-01
6.966772079467773438e-01
6.916599869728088379e-01
6.909920573234558105e-01
6.791765689849853516e-01
7.203547358512878418e-01
6.986700296401977539e-01
6.841611862182617188e-01
7.044543623924255371e-01
6.871175765991210938e-01
6.841986179351806641e-01
6.903696060180664062e-01
6.936417818069458008e-01
6.965697407722473145e-01
6.895072460174560547e-01
6.928219199180603027e-01
6.941413879394531250e-01
6.904323101043701172e-01
6.921430826187133789e-01
6.975107789039611816e-01
7.080720067024230957e-01
6.922597885131835938e-01
6.917178630828857422e-01
6.928448081016540527e-01
7.000064849853515625e-01
6.898500323295593262e-01
6.932166814804077148e-01
7.070496082305908203e-01
6.932804584503173828e-01
6.980010271072387695e-01
7.116410732269287109e-01
7.028815746307373047e-01
6.903958320617675781e-01
7.012956738471984863e-01
6.978712677955627441e-01
6.895179152488708496e-01
6.961092948913574219e-01
6.929979324340820312e-01
6.987054347991943359e-01
6.971592903137207031e-01
6.965219974517822266e-01
6.942827105522155762e-01
6.944184899330139160e-01
6.942594647407531738e-01
6.907831430435180664e-01
6.879695653915405273e-01
6.899437308311462402e-01
6.973023414611816406e-01
6.997221708297729492e-01
6.942493915557861328e-01
6.925560235977172852e-01
6.900532245635986328e-01
6.947886347770690918e-01
6.923854947090148926e-01
6.975144743919372559e-01
6.956079602241516113e-01
6.951894760131835938e-01
6.912549138069152832e-01
6.891552209854125977e-01
6.877449750900268555e-01
6.833320856094360352e-01
6.976251602172851562e-01
7.008434534072875977e-01
6.985439062118530273e-01
6.830442547798156738e-01
6.961624622344970703e-01
6.963079571723937988e-01
6.885106563568115234e-01
7.015706896781921387e-01
6.906017661094665527e-01
6.916757822036743164e-01
6.960178613662719727e-01
6.909253597259521484e-01
6.961108446121215820e-01
6.980330944061279297e-01
6.906611919403076172e-01
6.942948698997497559e-01
6.949026584625244141e-01
7.034434676170349121e-01
6.896884441375732422e-01
6.922897696495056152e-01
7.020232081413269043e-01
6.905813813209533691e-01
6.958336830139160156e-01
7.003242969512939453e-01
6.874588727951049805e-01
7.001168131828308105e-01
6.933228373527526855e-01
6.923908591270446777e-01
6.948174238204956055e-01
6.890691518783569336e-01
6.938784718513488770e-01
6.882996559143066406e-01
6.953153014183044434e-01
6.922100186347961426e-01
6.954658627510070801e-01
6.915382742881774902e-01
6.947684288024902344e-01
6.920809745788574219e-01
6.966349482536315918e-01
6.923224925994873047e-01
6.966285705566406250e-01
6.903789639472961426e-01
6.930699944496154785e-01
7.012894153594970703e-01
6.845343708992004395e-01
6.866546273231506348e-01
6.977578401565551758e-01
6.938900351524353027e-01
7.054749727249145508e-01
6.853958964347839355e-01
6.928706169128417969e-01
6.983350515365600586e-01
6.905931234359741211e-01
7.037763595581054688e-01
6.972849369049072266e-01
6.919981837272644043e-01
6.889169216156005859e-01
6.815404295921325684e-01
7.024742364883422852e-01
6.860563755035400391e-01
6.779936552047729492e-01
7.067342400550842285e-01
7.087553739547729492e-01
7.056006789207458496e-01
6.972221732139587402e-01
6.883633732795715332e-01
6.880007982254028320e-01
6.909425258636474609e-01
6.962634325027465820e-01
6.962047219276428223e-01
7.011234164237976074e-01
6.878955364227294922e-01
7.009777426719665527e-01
6.948137283325195312e-01
6.889837980270385742e-01
6.837599873542785645e-01
6.904669404029846191e-01
7.021334171295166016e-01
6.921168565750122070e-01
6.972321271896362305e-01
6.828967928886413574e-01
6.898033618927001953e-01
6.892101764678955078e-01
6.998518705368041992e-01
6.922052502632141113e-01
6.938483119010925293e-01
7.032303810119628906e-01
6.936507821083068848e-01
6.935127973556518555e-01
6.915202140808105469e-01
6.910917162895202637e-01
6.867636442184448242e-01
6.917457580566406250e-01
6.847546696662902832e-01
6.912641525268554688e-01
6.986721158027648926e-01
7.071668505668640137e-01
7.068567872047424316e-01
7.068024873733520508e-01
6.980677843093872070e-01
6.896283030509948730e-01
6.989042758941650391e-01
6.915059685707092285e-01
6.974572539329528809e-01
6.924955248832702637e-01
6.871564388275146484e-01
7.022229433059692383e-01
7.002500295639038086e-01
7.006614804267883301e-01
6.922456622123718262e-01
6.911780834197998047e-01
6.990445852279663086e-01
6.899100542068481445e-01
6.931284666061401367e-01
6.949357390403747559e-01
6.988642811775207520e-01
6.939256191253662109e-01
6.947722434997558594e-01
6.952490806579589844e-01
6.986181735992431641e-01
6.982394456863403320e-01
7.017478942871093750e-01
6.979935765266418457e-01
6.911041736602783203e-01
6.972737312316894531e-01
6.870545744895935059e-01
6.977344751358032227e-01
6.959887742996215820e-01
6.893137693405151367e-01
6.899930834770202637e-01
6.959190964698791504e-01
6.992107629776000977e-01
6.878658533096313477e-01
6.970709562301635742e-01
6.987568140029907227e-01
6.936851143836975098e-01
6.883985400199890137e-01
6.927126646041870117e-01
6.798771023750305176e-01
6.965987682342529297e-01
6.855455040931701660e-01
6.961303949356079102e-01
7.018471956253051758e-01
6.977791190147399902e-01
7.012789845466613770e-01
7.035250067710876465e-01
6.872822046279907227e-01
6.899007558822631836e-01
6.953696608543395996e-01
6.888360381126403809e-01
6.944271922111511230e-01
6.950442790985107422e-01
6.971871852874755859e-01
6.958849430084228516e-01
6.948822736740112305e-01
6.903894543647766113e-01
7.009803056716918945e-01
6.969921588897705078e-01
6.931867003440856934e-01
6.999323964118957520e-01
6.959136128425598145e-01
6.917203664779663086e-01
6.876754164695739746e-01
6.922361850738525391e-01
6.899237036705017090e-01
6.967524886131286621e-01
7.027365565299987793e-01
6.881651282310485840e-01
6.863405704498291016e-01
6.943236589431762695e-01
6.941810846328735352e-01
6.928994655609130859e-01
6.924753785133361816e-01
6.932744383811950684e-01
7.042157053947448730e-01
6.909353137016296387e-01
6.807996034622192383e-01
6.944294571876525879e-01
7.043058872222900391e-01
7.014752030372619629e-01
6.974002122879028320e-01
6.918334960937500000e-01
6.921974420547485352e-01
6.912814378738403320e-01
6.920649409294128418e-01
6.912362575531005859e-01
6.983835101127624512e-01
6.980577707290649414e-01
6.980515122413635254e-01
7.062051296234130859e-01
6.901393532752990723e-01
7.066214680671691895e-01
6.924915909767150879e-01
7.059361934661865234e-01
6.907199025154113770e-01
6.955102682113647461e-01
6.994650959968566895e-01
6.908454298973083496e-01
6.917986273765563965e-01
6.853486895561218262e-01
6.932984590530395508e-01
6.972897052764892578e-01
6.873768568038940430e-01
6.829971671104431152e-01
6.922066211700439453e-01
7.051637172698974609e-01
6.960609555244445801e-01
6.986675262451171875e-01
7.015421390533447266e-01
6.870737075805664062e-01
6.863303184509277344e-01
7.086981534957885742e-01
6.863745450973510742e-01
6.915289163589477539e-01
6.939275860786437988e-01
6.948902010917663574e-01
6.912102699279785156e-01
6.968817114830017090e-01
6.979112029075622559e-01
6.922182440757751465e-01
6.949770450592041016e-01
6.928280591964721680e-01
7.065618634223937988e-01
6.907702684402465820e-01
6.996927261352539062e-01
6.969716548919677734e-01
6.941941976547241211e-01
6.985780000686645508e-01
6.952105760574340820e-01
6.946422457695007324e-01
6.937999725341796875e-01
6.917135715484619141e-01
6.859887242317199707e-01
6.963088512420654297e-01
6.823334693908691406e-01
7.039988040924072266e-01
6.959840059280395508e-01
6.948279142379760742e-01
6.974742412567138672e-01
6.903941631317138672e-01
6.925073862075805664e-01
6.921157240867614746e-01
6.873363256454467773e-01
6.917963624000549316e-01
6.940364241600036621e-01
7.049093842506408691e-01
6.897809505462646484e-01
6.908069252967834473e-01
7.068668603897094727e-01
6.920972466468811035e-01
6.946223378181457520e-01
6.980590820312500000e-01
6.900125741958618164e-01
6.968281865119934082e-01
6.943747997283935547e-01
6.915720701217651367e-01
6.966789364814758301e-01
6.935722827911376953e-01
7.014080286026000977e-01
6.982246041297912598e-01
7.036764025688171387e-01
6.921979784965515137e-01
6.917449831962585449e-01
6.872578859329223633e-01
6.933348178863525391e-01
7.073913216590881348e-01
6.972005963325500488e-01
6.931721568107604980e-01
7.012776136398315430e-01
6.950741410255432129e-01
6.939096450805664062e-01
6.957744359970092773e-01
6.901562809944152832e-01
6.938625574111938477e-01
6.960699558258056641e-01
6.962689161300659180e-01
6.941430568695068359e-01
6.910237073898315430e-01
6.980534791946411133e-01
6.954260468482971191e-01
6.996328830718994141e-01
6.916059851646423340e-01
6.959754228591918945e-01
6.923835873603820801e-01
7.064861655235290527e-01
6.934531927108764648e-01
6.876879930496215820e-01
6.964032053947448730e-01
6.944692134857177734e-01
6.920786499977111816e-01
6.988892555236816406e-01
6.929754018783569336e-01
6.965414881706237793e-01
6.933759450912475586e-01
6.991297006607055664e-01
6.981149315834045410e-01
6.905749440193176270e-01
6.942104101181030273e-01
6.932858824729919434e-01
6.913231015205383301e-01
6.951101422309875488e-01
6.918640136718750000e-01
6.953685879707336426e-01
7.002134323120117188e-01
6.941524744033813477e-01
7.034266591072082520e-01
7.041629552841186523e-01
7.061979174613952637e-01
6.968884468078613281e-01
6.940523982048034668e-01
6.900523900985717773e-01
6.905133724212646484e-01
6.942378282546997070e-01
6.898148655891418457e-01
6.944744586944580078e-01
6.834010481834411621e-01
6.966431140899658203e-01
7.009757757186889648e-01
6.979550123214721680e-01
6.919424533843994141e-01
7.147913575172424316e-01
6.962337493896484375e-01
6.958056688308715820e-01
6.880114078521728516e-01
6.972550749778747559e-01
6.995865106582641602e-01
6.892768144607543945e-01
7.054659128189086914e-01
6.911795735359191895e-01
6.869925260543823242e-01
7.021506428718566895e-01
6.893947720527648926e-01
6.925293207168579102e-01
6.938871145248413086e-01
6.921494007110595703e-01
6.944416761398315430e-01
6.965813040733337402e-01
6.965408325195312500e-01
6.933950781822204590e-01
6.960543394088745117e-01
6.901705265045166016e-01
6.925690770149230957e-01
6.965448856353759766e-01
6.940858364105224609e-01
6.921607255935668945e-01
6.960681676864624023e-01
6.929638385772705078e-01
6.886622309684753418e-01
6.936714053153991699e-01
6.934233307838439941e-01
6.895557045936584473e-01
7.010996341705322266e-01
7.216305136680603027e-01
6.951659917831420898e-01
6.914178133010864258e-01
7.067943215370178223e-01
6.913538575172424316e-01
6.977932453155517578e-01
6.944602727890014648e-01
6.956948041915893555e-01
6.918457150459289551e-01
6.953626275062561035e-01
6.952337622642517090e-01
6.889444589614868164e-01
6.972551345825195312e-01
6.980456709861755371e-01
6.956063508987426758e-01
6.988927721977233887e-01
6.912883520126342773e-01
6.926096081733703613e-01
7.020505666732788086e-01
6.948527693748474121e-01
6.999371051788330078e-01
6.947414875030517578e-01
6.953523159027099609e-01
6.869606375694274902e-01
6.975006461143493652e-01
6.830231547355651855e-01
6.937081217765808105e-01
6.843023896217346191e-01
6.866829395294189453e-01
7.034507989883422852e-01
7.236069440841674805e-01
7.222725152969360352e-01
6.874009966850280762e-01
7.118118405342102051e-01
6.980504393577575684e-01
6.954843997955322266e-01
6.915784478187561035e-01
6.914448142051696777e-01
7.001097202301025391e-01
6.976891160011291504e-01
6.966035366058349609e-01
6.932303309440612793e-01
6.943494081497192383e-01
6.906634569168090820e-01
6.990081071853637695e-01
6.980774998664855957e-01
6.947547793388366699e-01
6.913564205169677734e-01
6.965600848197937012e-01
6.903450489044189453e-01
6.949190497398376465e-01
6.965774297714233398e-01
6.913304328918457031e-01
6.892543435096740723e-01
6.938942074775695801e-01
6.938989162445068359e-01
6.959412097930908203e-01
6.965813636779785156e-01
6.954338550567626953e-01
6.926406025886535645e-01
6.880378723144531250e-01
6.952770948410034180e-01
6.969697475433349609e-01
6.983608007431030273e-01
6.979607939720153809e-01
6.853244304656982422e-01
6.866090297698974609e-01
6.949391365051269531e-01
6.891140341758728027e-01
6.967937946319580078e-01
6.861118078231811523e-01
6.867907047271728516e-01
6.818869709968566895e-01
6.885324716567993164e-01
6.873112916946411133e-01
7.082248926162719727e-01
6.863452196121215820e-01
7.072179913520812988e-01
6.972222328186035156e-01
7.000303864479064941e-01
7.075935602188110352e-01
6.844829320907592773e-01
7.256987690925598145e-01
6.966778039932250977e-01
6.968090534210205078e-01
6.911845207214355469e-01
6.958731412887573242e-01
6.997929215431213379e-01
6.922025084495544434e-01
6.940799951553344727e-01
6.967689990997314453e-01
6.919982433319091797e-01
6.893057823181152344e-01
6.925904750823974609e-01
6.908079385757446289e-01
6.868018507957458496e-01
6.970199942588806152e-01
6.979388594627380371e-01
7.043144702911376953e-01
6.969776749610900879e-01
6.964604854583740234e-01
7.117530107498168945e-01
6.886988878250122070e-01
6.861621737480163574e-01
7.050579786300659180e-01
6.992978453636169434e-01
6.948968172073364258e-01
6.919528245925903320e-01
6.928771734237670898e-01
6.911156773567199707e-01
6.947783827781677246e-01
6.958215236663818359e-01
6.926785111427307129e-01
6.987486481666564941e-01
6.900203227996826172e-01
6.919447183609008789e-01
6.917690038681030273e-01
6.929055452346801758e-01
6.932266950607299805e-01
6.935999393463134766e-01
6.826608777046203613e-01
7.067658305168151855e-01
6.979590058326721191e-01
6.904285550117492676e-01
7.085915207862854004e-01
7.068984508514404297e-01
6.964329481124877930e-01
6.933657526969909668e-01
6.877148151397705078e-01
6.836484670639038086e-01
6.880498528480529785e-01
6.830554008483886719e-01
6.878799200057983398e-01
6.914212703704833984e-01
7.011201381683349609e-01
7.008705139160156250e-01
7.001671791076660156e-01
6.904959082603454590e-01
7.019602656364440918e-01
6.923353075981140137e-01
7.007418870925903320e-01
6.971187591552734375e-01
6.922888755798339844e-01
6.925101280212402344e-01
6.940697431564331055e-01
6.980849504470825195e-01
6.936436891555786133e-01
6.928658485412597656e-01
6.942993998527526855e-01
6.906305551528930664e-01
6.997002959251403809e-01
6.939399242401123047e-01
6.922208666801452637e-01
6.898267865180969238e-01
6.938500404357910156e-01
6.920595765113830566e-01
6.943054795265197754e-01
6.962592601776123047e-01
6.936005353927612305e-01
6.970406174659729004e-01
6.932090520858764648e-01
6.930902004241943359e-01
6.938576698303222656e-01
6.941879391670227051e-01
6.957255601882934570e-01
6.910325288772583008e-01
6.871129870414733887e-01
6.885591745376586914e-01
6.955062150955200195e-01
6.929309964179992676e-01
6.872158050537109375e-01
6.887968778610229492e-01
6.993736028671264648e-01
6.923978924751281738e-01
6.840586662292480469e-01
7.012029886245727539e-01
7.063894867897033691e-01
7.036490440368652344e-01
6.976482868194580078e-01
6.992369890213012695e-01
7.056490182876586914e-01
6.946288943290710449e-01
6.923872232437133789e-01
6.927738785743713379e-01
6.905820965766906738e-01
6.927740573883056641e-01
6.914994716644287109e-01
6.935964822769165039e-01
6.944588422775268555e-01
6.836505532264709473e-01
6.936368942260742188e-01
7.059090137481689453e-01
6.908866167068481445e-01
6.911484003067016602e-01
6.939284205436706543e-01
7.073051929473876953e-01
6.945223808288574219e-01
7.047468423843383789e-01
6.929454803466796875e-01
6.962141394615173340e-01
7.010056972503662109e-01
6.925721764564514160e-01
6.859026551246643066e-01
6.966561675071716309e-01
6.928459405899047852e-01
6.912606954574584961e-01
6.864852905273437500e-01
6.921586990356445312e-01
6.992048621177673340e-01
6.973025798797607422e-01
6.914744377136230469e-01
6.931329965591430664e-01
6.938714981079101562e-01
6.974356770515441895e-01
6.947112679481506348e-01
6.988892555236816406e-01
6.891252994537353516e-01
6.895540356636047363e-01
6.948432922363281250e-01
6.934123635292053223e-01
6.972166299819946289e-01
6.966185569763183594e-01
6.923811435699462891e-01
6.903732419013977051e-01
6.944053173065185547e-01
6.981753110885620117e-01
6.967371106147766113e-01
6.894730925559997559e-01
6.918478012084960938e-01
6.988466978073120117e-01
6.960620880126953125e-01
6.900223493576049805e-01
6.921470761299133301e-01
6.970240473747253418e-01
6.868249177932739258e-01
6.965299248695373535e-01
6.936828494071960449e-01
6.930227279663085938e-01
6.940968036651611328e-01
6.934572458267211914e-01
6.895893812179565430e-01
6.877962946891784668e-01
6.895524263381958008e-01
6.867734193801879883e-01
6.957511901855468750e-01
7.007842063903808594e-01
6.889691352844238281e-01
6.958809494972229004e-01
6.890459060668945312e-01
6.958038806915283203e-01
6.910380721092224121e-01
6.920177340507507324e-01
6.951160430908203125e-01
6.931878924369812012e-01
6.991497874259948730e-01
6.938147544860839844e-01
7.001026272773742676e-01
6.945140957832336426e-01
7.037408947944641113e-01
6.876068711280822754e-01
6.876003146171569824e-01
6.950632929801940918e-01
6.890864372253417969e-01
6.850835680961608887e-01
6.938495039939880371e-01
6.899749040603637695e-01
6.963043212890625000e-01
6.989102959632873535e-01
7.008521556854248047e-01
6.919445991516113281e-01
6.895015239715576172e-01
7.102283239364624023e-01
6.984876394271850586e-01
6.906977295875549316e-01
6.918178200721740723e-01
6.887952685356140137e-01
6.875020861625671387e-01
6.760928630828857422e-01
6.940168142318725586e-01
6.949233412742614746e-01
6.954503655433654785e-01
6.999019980430603027e-01
6.957234740257263184e-01
7.076681256294250488e-01
6.919883489608764648e-01
6.833819150924682617e-01
6.984996199607849121e-01
7.004063129425048828e-01
6.884626150131225586e-01
6.931889057159423828e-01
6.934593915939331055e-01
6.952553391456604004e-01
6.848621368408203125e-01
6.910865306854248047e-01
6.898377537727355957e-01
6.964413523674011230e-01
6.953409910202026367e-01
6.900239586830139160e-01
6.930316686630249023e-01
6.993330121040344238e-01
6.991671919822692871e-01
6.875280737876892090e-01
7.116354703903198242e-01
7.045703530311584473e-01
6.865424513816833496e-01
7.055544257164001465e-01
7.039663791656494141e-01
6.864382028579711914e-01
6.946334838867187500e-01
6.957911252975463867e-01
6.938232183456420898e-01
6.956526041030883789e-01
6.897746324539184570e-01
6.936886906623840332e-01
6.951807141304016113e-01
6.934701204299926758e-01
6.907560229301452637e-01
6.956477761268615723e-01
6.945476531982421875e-01
6.907697916030883789e-01
6.935926079750061035e-01
6.938636302947998047e-01
6.870506405830383301e-01
6.979191303253173828e-01
6.864997148513793945e-01
6.979351639747619629e-01
6.902281641960144043e-01
6.987129449844360352e-01
6.970939040184020996e-01
6.952869296073913574e-01
6.936520338058471680e-01
6.865271329879760742e-01
7.002967000007629395e-01
6.861876845359802246e-01
6.865614056587219238e-01
6.950073242187500000e-01
6.850969195365905762e-01
6.970483064651489258e-01
6.885473728179931641e-01
6.979483962059020996e-01
6.899632215499877930e-01
6.964190006256103516e-01
6.992081403732299805e-01
6.935845017433166504e-01
6.981759071350097656e-01
6.957733631134033203e-01
6.979746222496032715e-01
7.010157108306884766e-01
6.982366442680358887e-01
6.925221681594848633e-01
6.905642747879028320e-01
6.917139291763305664e-01
6.963184475898742676e-01
6.941398382186889648e-01
6.840001940727233887e-01
6.885458827018737793e-01
6.910718083381652832e-01
6.928629279136657715e-01
7.118623852729797363e-01
7.136096954345703125e-01
6.914846301078796387e-01
6.760617494583129883e-01
6.926074028015136719e-01
6.872293949127197266e-01
7.070423364639282227e-01
6.975024938583374023e-01
6.992959976196289062e-01
6.939238309860229492e-01
6.891751885414123535e-01
6.942642331123352051e-01
6.928324103355407715e-01
6.995284557342529297e-01
6.951990127563476562e-01
6.959229707717895508e-01
6.868555545806884766e-01
6.917341947555541992e-01
6.950993537902832031e-01
6.952211856842041016e-01
6.916872859001159668e-01
6.908802390098571777e-01
6.904352903366088867e-01
6.861228942871093750e-01
6.889266371726989746e-01
7.005785703659057617e-01
7.066766023635864258e-01
7.118796110153198242e-01
7.045625448226928711e-01
6.876121163368225098e-01
6.936074495315551758e-01
6.965557932853698730e-01
6.946481466293334961e-01
6.935464739799499512e-01
6.964563131332397461e-01
6.979237198829650879e-01
6.920409202575683594e-01
6.926574707031250000e-01
6.983064413070678711e-01
6.984513401985168457e-01
6.952619552612304688e-01
6.915404796600341797e-01
6.913942694664001465e-01
6.991587877273559570e-01
6.881514787673950195e-01
6.935670375823974609e-01
6.923218965530395508e-01
6.876291632652282715e-01
6.982142925262451172e-01
6.959633827209472656e-01
6.897144317626953125e-01
6.997483968734741211e-01
6.944236755371093750e-01
6.945953965187072754e-01
6.931133270263671875e-01
6.923905611038208008e-01
6.971784830093383789e-01
6.921682953834533691e-01
6.977874040603637695e-01
6.878728270530700684e-01
6.936327815055847168e-01
6.968363523483276367e-01
6.916737556457519531e-01
6.891825199127197266e-01
6.967403888702392578e-01
6.955679655075073242e-01
6.945755481719970703e-01
6.955517530441284180e-01
7.019560337066650391e-01
6.893457174301147461e-01
6.936059594154357910e-01
6.899963617324829102e-01
6.887153983116149902e-01
6.974000930786132812e-01
6.861540675163269043e-01
6.904814243316650391e-01
6.936869621276855469e-01
6.927897930145263672e-01
6.936070322990417480e-01
6.950389742851257324e-01
6.958824396133422852e-01
6.987162232398986816e-01
6.956903934478759766e-01
6.895154714584350586e-01
6.932801604270935059e-01
6.982353925704956055e-01
6.981264352798461914e-01
6.898221373558044434e-01
6.952380537986755371e-01
6.925406455993652344e-01
6.887629032135009766e-01
7.017604708671569824e-01
7.001358866691589355e-01
6.900908350944519043e-01
6.926925182342529297e-01
7.027412652969360352e-01
6.943705081939697266e-01
6.913971900939941406e-01
7.018219232559204102e-01
6.928445696830749512e-01
6.876183748245239258e-01
6.944169402122497559e-01
6.931838989257812500e-01
6.941065788269042969e-01
6.992959380149841309e-01
6.920817494392395020e-01
6.933569908142089844e-01
6.889726519584655762e-01
6.919241547584533691e-01
6.937170624732971191e-01
6.942738890647888184e-01
6.994358301162719727e-01
6.919271945953369141e-01
6.912049055099487305e-01
6.841540932655334473e-01
7.020745277404785156e-01
7.065384984016418457e-01
6.965292096138000488e-01
7.079579234123229980e-01
6.971526145935058594e-01
6.932691335678100586e-01
6.928396224975585938e-01
6.942360401153564453e-01
6.982263326644897461e-01
6.946507692337036133e-01
6.960855126380920410e-01
6.954465508460998535e-01
6.925806999206542969e-01
6.926954984664916992e-01
6.939922571182250977e-01
6.945197582244873047e-01
6.926472187042236328e-01
6.978923082351684570e-01
6.928030252456665039e-01
6.953802704811096191e-01
6.972268819808959961e-01
6.954088211059570312e-01
6.920155882835388184e-01
6.918566823005676270e-01
6.967326998710632324e-01
6.942805051803588867e-01
6.919407844543457031e-01
6.918863654136657715e-01
6.984131932258605957e-01
6.899866461753845215e-01
6.939874887466430664e-01
6.948248147964477539e-01
6.924135088920593262e-01
6.941158175468444824e-01
6.911947727203369141e-01
6.892770528793334961e-01
6.907786130905151367e-01
6.926275491714477539e-01
6.951525211334228516e-01
6.941188573837280273e-01
6.916668415069580078e-01
6.973046064376831055e-01
6.927027702331542969e-01
6.957686543464660645e-01
6.930115222930908203e-01
6.953620910644531250e-01
6.897901892662048340e-01
6.963982582092285156e-01
6.950940489768981934e-01
6.882058382034301758e-01
6.934757232666015625e-01
6.911494731903076172e-01
6.944904327392578125e-01
6.921546459197998047e-01
6.906597018241882324e-01
6.927889585494995117e-01
6.930940151214599609e-01
6.920145153999328613e-01
6.927872300148010254e-01
6.906955242156982422e-01
6.930749416351318359e-01
6.977745294570922852e-01
6.942693591117858887e-01
