6.953682899475097656e-01
6.900665163993835449e-01
6.980391144752502441e-01
7.008260488510131836e-01
6.950348615646362305e-01
7.047364711761474609e-01
6.873219013214111328e-01
6.934987902641296387e-01
6.973179578781127930e-01
7.128201127052307129e-01
7.019960880279541016e-01
6.965787410736083984e-01
6.858056783676147461e-01
6.922649741172790527e-01
6.963323354721069336e-01
7.027554512023925781e-01
6.919683814048767090e-01
6.860867738723754883e-01
6.930869221687316895e-01
6.960276365280151367e-01
6.751892566680908203e-01
7.024344801902770996e-01
6.997429132461547852e-01
6.979562044143676758e-01
6.938309073448181152e-01
6.934334635734558105e-01
6.979262828826904297e-01
6.920311450958251953e-01
6.989536285400390625e-01
6.930201053619384766e-01
6.893354654312133789e-01
6.951724886894226074e-01
6.943330764770507812e-01
6.906387805938720703e-01
6.962630748748779297e-01
6.937879920005798340e-01
6.959726214408874512e-01
6.939358711242675781e-01
6.959987282752990723e-01
6.898659467697143555e-01
6.879814267158508301e-01
6.880669593811035156e-01
7.021203041076660156e-01
6.952544450759887695e-01
6.956611871719360352e-01
6.963624358177185059e-01
6.898965239524841309e-01
6.995083093643188477e-01
6.988959312438964844e-01
6.898481249809265137e-01
6.914172172546386719e-01
6.881867051124572754e-01
6.928447484970092773e-01
6.996358633041381836e-01
6.986603736877441406e-01
6.913626194000244141e-01
6.903165578842163086e-01
6.885009407997131348e-01
6.920639276504516602e-01
6.976416707038879395e-01
7.000133395195007324e-01
6.901096105575561523e-01
6.922749876976013184e-01
6.919253468513488770e-01
6.952025294303894043e-01
6.993762254714965820e-01
6.870382428169250488e-01
6.835517287254333496e-01
6.945953369140625000e-01
6.963046789169311523e-01
7.067890167236328125e-01
6.866134405136108398e-01
7.129400968551635742e-01
6.943628787994384766e-01
7.136077284812927246e-01
6.874042153358459473e-01
6.995812654495239258e-01
6.905498504638671875e-01
6.924701333045959473e-01
6.902496218681335449e-01
6.916744709014892578e-01
6.913585662841796875e-01
6.959691643714904785e-01
6.926059722900390625e-01
6.946766376495361328e-01
6.919528245925903320e-01
6.936771869659423828e-01
6.952973604202270508e-01
6.946035623550415039e-01
6.908912658691406250e-01
6.937270164489746094e-01
6.938073635101318359e-01
6.911376714706420898e-01
6.944224238395690918e-01
6.939571499824523926e-01
6.936099529266357422e-01
6.937541365623474121e-01
6.932932138442993164e-01
6.941024065017700195e-01
6.879922151565551758e-01
6.913111209869384766e-01
6.878719329833984375e-01
6.991587281227111816e-01
6.966423988342285156e-01
6.967006325721740723e-01
6.976038217544555664e-01
6.925070285797119141e-01
6.925119161605834961e-01
6.853914260864257812e-01
6.948009133338928223e-01
7.038120031356811523e-01
6.934612393379211426e-01
7.039499282836914062e-01
6.989507675170898438e-01
6.926022171974182129e-01
6.912571191787719727e-01
6.967856884002685547e-01
6.937595009803771973e-01
6.936208009719848633e-01
6.947984695434570312e-01
6.966457962989807129e-01
6.965551376342773438e-01
6.931222677230834961e-01
6.963068246841430664e-01
6.953322887420654297e-01
6.914526224136352539e-01
6.930729150772094727e-01
6.988833546638488770e-01
6.925678849220275879e-01
6.993811130523681641e-01
6.934064626693725586e-01
7.007411122322082520e-01
6.903476715087890625e-01
6.892481446266174316e-01
6.925487518310546875e-01
6.962150335311889648e-01
6.904355883598327637e-01
6.948218345642089844e-01
6.920979022979736328e-01
6.890584826469421387e-01
6.835258007049560547e-01
6.709957718849182129e-01
6.968742609024047852e-01
7.140740752220153809e-01
7.081973552703857422e-01
7.122447490692138672e-01
7.007554769515991211e-01
6.928673982620239258e-01
6.906478404998779297e-01
6.911120414733886719e-01
6.952764391899108887e-01
6.978287696838378906e-01
6.683123707771301270e-01
6.938163042068481445e-01
7.329473495483398438e-01
7.031790614128112793e-01
6.810551285743713379e-01
6.917868256568908691e-01
7.085857987403869629e-01
7.011014223098754883e-01
6.944672465324401855e-01
6.931506395339965820e-01
6.961467862129211426e-01
6.899418830871582031e-01
6.954280734062194824e-01
6.899221539497375488e-01
7.009888291358947754e-01
6.918077468872070312e-01
7.024798393249511719e-01
6.971638202667236328e-01
6.921464800834655762e-01
6.888983249664306641e-01
6.886828541755676270e-01
6.994292736053466797e-01
6.903973221778869629e-01
6.905679106712341309e-01
6.967996954917907715e-01
6.866576671600341797e-01
6.921319961547851562e-01
6.920657157897949219e-01
6.866490840911865234e-01
6.968777775764465332e-01
6.931240558624267578e-01
6.928873658180236816e-01
6.929154396057128906e-01
6.924917697906494141e-01
6.964948177337646484e-01
7.021611928939819336e-01
6.960304975509643555e-01
6.965132951736450195e-01
6.922979950904846191e-01
6.925820708274841309e-01
6.922162771224975586e-01
6.964806318283081055e-01
7.010585665702819824e-01
6.924480199813842773e-01
6.908016204833984375e-01
6.954631805419921875e-01
6.919988989830017090e-01
6.947290301322937012e-01
6.964260339736938477e-01
6.915259361267089844e-01
6.977973580360412598e-01
6.918982267379760742e-01
6.939739584922790527e-01
6.950101256370544434e-01
6.906844973564147949e-01
6.958580017089843750e-01
6.983305215835571289e-01
6.953439116477966309e-01
6.861401796340942383e-01
6.974444389343261719e-01
7.008941769599914551e-01
6.957864165306091309e-01
6.939321160316467285e-01
6.968427896499633789e-01
6.932392716407775879e-01
6.826823353767395020e-01
6.911636590957641602e-01
6.995032429695129395e-01
6.948671340942382812e-01
6.915569305419921875e-01
6.923261880874633789e-01
6.979887485504150391e-01
6.904670000076293945e-01
6.939315199851989746e-01
6.918147206306457520e-01
6.935986280441284180e-01
6.913069486618041992e-01
6.896377205848693848e-01
6.954001188278198242e-01
6.937829852104187012e-01
7.005335688591003418e-01
6.851204633712768555e-01
6.714420318603515625e-01
6.888082623481750488e-01
6.986352801322937012e-01
7.133126854896545410e-01
6.733489036560058594e-01
6.984124183654785156e-01
7.035976648330688477e-01
6.937264800071716309e-01
6.949430108070373535e-01
6.963008642196655273e-01
6.916636824607849121e-01
6.943991184234619141e-01
7.009660005569458008e-01
6.981422901153564453e-01
6.936644911766052246e-01
6.907413005828857422e-01
6.934241652488708496e-01
6.781579256057739258e-01
7.065243124961853027e-01
7.194654941558837891e-01
6.854139566421508789e-01
6.942259669303894043e-01
6.937578916549682617e-01
6.891692876815795898e-01
6.968378424644470215e-01
6.899405717849731445e-01
7.052582502365112305e-01
6.945381164550781250e-01
6.926770806312561035e-01
6.936725974082946777e-01
6.840050220489501953e-01
7.236418128013610840e-01
6.832188963890075684e-01
7.125868201255798340e-01
7.051259279251098633e-01
7.333818674087524414e-01
6.926381587982177734e-01
6.904010772705078125e-01
6.960827112197875977e-01
6.989393234252929688e-01
6.855297684669494629e-01
6.962125897407531738e-01
7.042533755302429199e-01
6.929620504379272461e-01
6.988357901573181152e-01
7.054818868637084961e-01
7.099541425704956055e-01
6.947523355484008789e-01
7.000523805618286133e-01
6.918675303459167480e-01
6.944351196289062500e-01
6.933898925781250000e-01
6.963665485382080078e-01
6.938735246658325195e-01
6.910256743431091309e-01
6.875612735748291016e-01
6.886373758316040039e-01
6.895459890365600586e-01
6.829016804695129395e-01
6.835907101631164551e-01
6.835068464279174805e-01
6.953184604644775391e-01
6.996377706527709961e-01
6.936546564102172852e-01
6.875159740447998047e-01
7.030022740364074707e-01
6.967945694923400879e-01
6.997901797294616699e-01
7.082513570785522461e-01
6.944723725318908691e-01
6.975590586662292480e-01
6.932857036590576172e-01
6.931405663490295410e-01
6.899281144142150879e-01
6.902996301651000977e-01
6.908849477767944336e-01
6.854217052459716797e-01
7.056392431259155273e-01
6.758959889411926270e-01
6.822558641433715820e-01
7.101604342460632324e-01
7.208042740821838379e-01
6.959174275398254395e-01
6.964949965476989746e-01
6.984274387359619141e-01
6.986421346664428711e-01
6.998773813247680664e-01
6.945803761482238770e-01
7.050784230232238770e-01
7.027099132537841797e-01
6.803605556488037109e-01
6.938915848731994629e-01
6.956114768981933594e-01
7.131970524787902832e-01
6.961606740951538086e-01
6.897822618484497070e-01
6.929097771644592285e-01
6.860620379447937012e-01
6.956436634063720703e-01
6.916310191154479980e-01
6.932530403137207031e-01
6.939769387245178223e-01
6.944718956947326660e-01
6.942695379257202148e-01
6.946663260459899902e-01
6.960457563400268555e-01
6.932846307754516602e-01
6.931074857711791992e-01
6.912535429000854492e-01
6.947271823883056641e-01
6.922823190689086914e-01
6.950984001159667969e-01
6.933121681213378906e-01
6.878995895385742188e-01
6.941478252410888672e-01
6.934826374053955078e-01
6.970490813255310059e-01
6.951478719711303711e-01
6.906588673591613770e-01
6.875693202018737793e-01
6.964899301528930664e-01
6.968235969543457031e-01
6.889237761497497559e-01
6.884421110153198242e-01
6.904386878013610840e-01
6.939439177513122559e-01
6.911983489990234375e-01
6.887605190277099609e-01
6.953218579292297363e-01
6.984456777572631836e-01
6.880465745925903320e-01
6.912190914154052734e-01
7.018477916717529297e-01
6.874949932098388672e-01
7.069970965385437012e-01
6.904679536819458008e-01
6.895027160644531250e-01
6.901659369468688965e-01
6.899313330650329590e-01
6.893463730812072754e-01
6.904476881027221680e-01
6.928228139877319336e-01
6.919732093811035156e-01
6.912605166435241699e-01
6.920867562294006348e-01
6.896076202392578125e-01
6.903280019760131836e-01
6.910409331321716309e-01
6.879001259803771973e-01
6.896312832832336426e-01
6.910843253135681152e-01
6.892914175987243652e-01
6.911187171936035156e-01
6.927839517593383789e-01
6.953850984573364258e-01
6.960129737854003906e-01
6.917357444763183594e-01
6.958891153335571289e-01
7.022363543510437012e-01
6.901733279228210449e-01
6.956753134727478027e-01
6.943644881248474121e-01
6.909170150756835938e-01
6.928189992904663086e-01
6.857385635375976562e-01
6.901639103889465332e-01
6.892415285110473633e-01
7.020956277847290039e-01
6.977871656417846680e-01
6.932538151741027832e-01
6.937377452850341797e-01
6.885039210319519043e-01
6.862241029739379883e-01
6.919121742248535156e-01
6.861529946327209473e-01
6.927132606506347656e-01
7.047821879386901855e-01
6.822371482849121094e-01
6.924693584442138672e-01
6.975167989730834961e-01
6.884745359420776367e-01
6.881161928176879883e-01
6.809218525886535645e-01
7.100383043289184570e-01
6.845824122428894043e-01
6.926465630531311035e-01
6.807796955108642578e-01
7.166652083396911621e-01
6.971712112426757812e-01
6.945013403892517090e-01
7.136443853378295898e-01
7.000271081924438477e-01
6.838561892509460449e-01
6.914273500442504883e-01
6.894706487655639648e-01
6.946201324462890625e-01
6.889120340347290039e-01
6.965986490249633789e-01
6.861078143119812012e-01
6.795344352722167969e-01
7.037129402160644531e-01
6.838817596435546875e-01
6.832220554351806641e-01
7.023802399635314941e-01
6.977853775024414062e-01
6.911358833312988281e-01
6.824242472648620605e-01
6.944820284843444824e-01
6.967409849166870117e-01
7.015154361724853516e-01
7.001365423202514648e-01
6.882559657096862793e-01
6.757044196128845215e-01
6.990917325019836426e-01
6.986191272735595703e-01
6.941550374031066895e-01
6.945287585258483887e-01
6.974886655807495117e-01
6.889595985412597656e-01
6.850927472114562988e-01
6.967510581016540527e-01
7.088717222213745117e-01
7.068538665771484375e-01
6.912422180175781250e-01
7.158209681510925293e-01
7.018339633941650391e-01
6.898057460784912109e-01
6.882354021072387695e-01
6.990506649017333984e-01
6.935876011848449707e-01
6.881327629089355469e-01
6.932807564735412598e-01
6.925781965255737305e-01
6.842457056045532227e-01
6.980879902839660645e-01
6.924178600311279297e-01
6.948511600494384766e-01
6.886140704154968262e-01
6.935926675796508789e-01
6.961433291435241699e-01
6.908003091812133789e-01
6.882910728454589844e-01
6.870476007461547852e-01
7.006580829620361328e-01
6.991176605224609375e-01
6.946368813514709473e-01
6.986750364303588867e-01
6.885153651237487793e-01
6.883230209350585938e-01
6.952309608459472656e-01
6.870468258857727051e-01
6.937880516052246094e-01
6.885620355606079102e-01
6.885857582092285156e-01
6.927213668823242188e-01
6.958860158920288086e-01
6.931647062301635742e-01
6.961315274238586426e-01
6.904391050338745117e-01
7.023574709892272949e-01
6.955063343048095703e-01
6.915241479873657227e-01
6.930437684059143066e-01
6.892440915107727051e-01
6.938135623931884766e-01
7.140730619430541992e-01
6.925494670867919922e-01
6.896767616271972656e-01
6.912468671798706055e-01
6.899427771568298340e-01
6.895449757575988770e-01
6.827847957611083984e-01
7.085561156272888184e-01
6.854297518730163574e-01
6.930367946624755859e-01
6.925930976867675781e-01
6.897292733192443848e-01
6.849616765975952148e-01
6.827111840248107910e-01
6.988964080810546875e-01
7.020891308784484863e-01
6.759203672409057617e-01
7.006416320800781250e-01
6.897268891334533691e-01
6.975402235984802246e-01
6.860188841819763184e-01
6.897445917129516602e-01
6.810939311981201172e-01
6.860950589179992676e-01
6.955629587173461914e-01
6.970942616462707520e-01
7.034407258033752441e-01
6.833872199058532715e-01
6.904653906822204590e-01
6.881361603736877441e-01
6.922932267189025879e-01
6.895927190780639648e-01
6.955482959747314453e-01
6.969004273414611816e-01
6.920184493064880371e-01
6.950945258140563965e-01
6.822771430015563965e-01
6.964915990829467773e-01
6.802408695220947266e-01
6.960521936416625977e-01
7.110041379928588867e-01
6.925642490386962891e-01
6.884776353836059570e-01
6.851052045822143555e-01
6.890060305595397949e-01
6.996325850486755371e-01
6.892913579940795898e-01
7.003470659255981445e-01
6.960030794143676758e-01
6.974580883979797363e-01
6.940906047821044922e-01
6.886830329895019531e-01
7.010363340377807617e-01
7.018620371818542480e-01
6.916245818138122559e-01
6.820354461669921875e-01
6.761744618415832520e-01
7.073568105697631836e-01
7.106686234474182129e-01
6.915413141250610352e-01
7.047516107559204102e-01
6.983828544616699219e-01
6.976146101951599121e-01
6.962212324142456055e-01
6.828556060791015625e-01
6.973091363906860352e-01
6.891832947731018066e-01
6.763544082641601562e-01
6.875978708267211914e-01
6.914358735084533691e-01
7.061662673950195312e-01
6.786883473396301270e-01
6.818220019340515137e-01
6.871940493583679199e-01
6.962301135063171387e-01
6.805207133293151855e-01
6.933545470237731934e-01
6.786137223243713379e-01
6.999242901802062988e-01
6.978387832641601562e-01
6.926696300506591797e-01
7.000144720077514648e-01
6.938411593437194824e-01
6.963623762130737305e-01
6.959006786346435547e-01
7.103711366653442383e-01
7.086602449417114258e-01
6.922246217727661133e-01
6.985708475112915039e-01
6.979902386665344238e-01
6.915832161903381348e-01
7.055745124816894531e-01
6.841739416122436523e-01
6.821186542510986328e-01
6.827072501182556152e-01
6.822442412376403809e-01
6.964379549026489258e-01
6.983081698417663574e-01
6.845749616622924805e-01
6.859158277511596680e-01
7.092125415802001953e-01
6.959830522537231445e-01
6.989978551864624023e-01
6.974126696586608887e-01
6.971142292022705078e-01
7.015436291694641113e-01
6.917182207107543945e-01
6.976796984672546387e-01
6.759965419769287109e-01
6.987861394882202148e-01
6.971693634986877441e-01
6.743822693824768066e-01
7.061245441436767578e-01
7.029826045036315918e-01
7.121235132217407227e-01
7.096154093742370605e-01
7.361421585083007812e-01
7.049371600151062012e-01
6.791291832923889160e-01
6.985288858413696289e-01
7.011611461639404297e-01
6.959056258201599121e-01
6.903642416000366211e-01
7.014386057853698730e-01
6.933217644691467285e-01
6.859109401702880859e-01
6.915649175643920898e-01
6.846626400947570801e-01
6.897622346878051758e-01
6.896821260452270508e-01
6.850216984748840332e-01
6.826389431953430176e-01
6.825770139694213867e-01
6.893087625503540039e-01
6.795290708541870117e-01
6.945509314537048340e-01
6.903612017631530762e-01
7.034149169921875000e-01
6.849452257156372070e-01
6.804177761077880859e-01
6.700014472007751465e-01
6.874516010284423828e-01
6.848983168601989746e-01
6.954882144927978516e-01
7.022889256477355957e-01
6.786358952522277832e-01
6.845339536666870117e-01
6.998880505561828613e-01
6.983842849731445312e-01
6.936315298080444336e-01
6.993061304092407227e-01
6.785588860511779785e-01
6.952167749404907227e-01
6.922371387481689453e-01
6.811013221740722656e-01
7.038158178329467773e-01
6.789182424545288086e-01
7.067211866378784180e-01
7.091887593269348145e-01
7.070821523666381836e-01
6.923637986183166504e-01
6.924697160720825195e-01
6.830098628997802734e-01
6.845377683639526367e-01
6.871904730796813965e-01
6.860178112983703613e-01
6.931278705596923828e-01
6.886631250381469727e-01
7.026009559631347656e-01
6.785713434219360352e-01
7.092443704605102539e-01
6.863672733306884766e-01
6.998922824859619141e-01
6.871272325515747070e-01
7.019191384315490723e-01
6.743714213371276855e-01
6.969211697578430176e-01
6.938149333000183105e-01
7.067332267761230469e-01
6.781560182571411133e-01
6.987301707267761230e-01
6.844086050987243652e-01
7.224700450897216797e-01
7.192833423614501953e-01
6.888877153396606445e-01
6.860678791999816895e-01
7.031862735748291016e-01
6.930135488510131836e-01
6.913980245590209961e-01
6.893589496612548828e-01
6.958919763565063477e-01
6.985032558441162109e-01
6.738284826278686523e-01
7.087008953094482422e-01
6.856173872947692871e-01
7.066718935966491699e-01
6.868525147438049316e-01
6.946842670440673828e-01
6.989559531211853027e-01
6.803013086318969727e-01
6.990576982498168945e-01
6.920174956321716309e-01
7.031416893005371094e-01
6.846973896026611328e-01
6.997375488281250000e-01
6.854649186134338379e-01
6.981195211410522461e-01
6.915926933288574219e-01
6.959698200225830078e-01
7.015407681465148926e-01
6.988703608512878418e-01
7.022746205329895020e-01
6.838377714157104492e-01
6.893869638442993164e-01
6.970581412315368652e-01
6.856104731559753418e-01
6.965679526329040527e-01
6.923368573188781738e-01
6.965943574905395508e-01
6.956748962402343750e-01
6.857557296752929688e-01
6.920579671859741211e-01
7.022781372070312500e-01
6.922177076339721680e-01
7.019230127334594727e-01
7.018635869026184082e-01
7.012411952018737793e-01
6.916926503181457520e-01
7.023577690124511719e-01
6.952230334281921387e-01
7.039049863815307617e-01
6.953819394111633301e-01
7.070726752281188965e-01
6.910851001739501953e-01
6.948945522308349609e-01
6.815154552459716797e-01
6.929875612258911133e-01
6.990811824798583984e-01
6.970255970954895020e-01
6.894041299819946289e-01
7.005010247230529785e-01
6.884993910789489746e-01
6.993927359580993652e-01
6.924581527709960938e-01
6.963111162185668945e-01
6.890479326248168945e-01
6.917199492454528809e-01
6.934937834739685059e-01
6.962081789970397949e-01
6.992492675781250000e-01
6.914269924163818359e-01
6.972383856773376465e-01
6.835824251174926758e-01
6.982248425483703613e-01
6.950525641441345215e-01
6.905461549758911133e-01
6.877900362014770508e-01
6.838064789772033691e-01
6.993042230606079102e-01
6.852234005928039551e-01
6.780817508697509766e-01
7.022254467010498047e-01
6.903149485588073730e-01
6.874030232429504395e-01
6.832763552665710449e-01
6.936036348342895508e-01
6.903350949287414551e-01
6.892594695091247559e-01
6.924339532852172852e-01
6.825935840606689453e-01
6.857901215553283691e-01
6.884537339210510254e-01
7.026023864746093750e-01
6.921538114547729492e-01
7.098622322082519531e-01
6.996595859527587891e-01
6.963007450103759766e-01
6.993163228034973145e-01
7.011930346488952637e-01
6.867263913154602051e-01
6.934289932250976562e-01
6.765871644020080566e-01
7.029797434806823730e-01
6.964927315711975098e-01
6.763568520545959473e-01
6.802561283111572266e-01
7.125577330589294434e-01
7.153272628784179688e-01
7.184298038482666016e-01
7.176252603530883789e-01
6.887441873550415039e-01
7.107730507850646973e-01
6.879430413246154785e-01
6.921394467353820801e-01
6.815705299377441406e-01
6.884186863899230957e-01
6.830030679702758789e-01
6.990664601325988770e-01
7.119413614273071289e-01
6.964851021766662598e-01
6.980144977569580078e-01
7.207375764846801758e-01
6.967434287071228027e-01
6.841174364089965820e-01
6.903212666511535645e-01
6.811476945877075195e-01
6.916830539703369141e-01
6.870502233505249023e-01
6.972961425781250000e-01
6.865403652191162109e-01
6.894575953483581543e-01
6.913970708847045898e-01
6.997884511947631836e-01
6.874178647994995117e-01
6.900132894515991211e-01
6.934890151023864746e-01
6.860109567642211914e-01
6.854957342147827148e-01
6.963325738906860352e-01
6.965467929840087891e-01
6.845116615295410156e-01
6.935921907424926758e-01
6.913067102432250977e-01
6.810289621353149414e-01
6.909711360931396484e-01
6.921657323837280273e-01
6.924143433570861816e-01
6.915665864944458008e-01
6.764780879020690918e-01
6.913694739341735840e-01
6.724538803100585938e-01
7.059144973754882812e-01
7.086074352264404297e-01
6.932944059371948242e-01
6.883334517478942871e-01
6.968379616737365723e-01
6.820587515830993652e-01
6.917335391044616699e-01
7.146015763282775879e-01
7.120422124862670898e-01
6.942102909088134766e-01
6.879776716232299805e-01
6.907876729965209961e-01
6.833235025405883789e-01
6.945297122001647949e-01
6.876485347747802734e-01
6.922535300254821777e-01
7.077677249908447266e-01
6.906102895736694336e-01
7.038463354110717773e-01
6.895281672477722168e-01
6.988454461097717285e-01
6.871745586395263672e-01
6.961718201637268066e-01
6.845659017562866211e-01
6.873646378517150879e-01
7.026481628417968750e-01
6.864520311355590820e-01
7.018728852272033691e-01
6.875973939895629883e-01
6.988692283630371094e-01
6.928423643112182617e-01
6.977342367172241211e-01
6.911057829856872559e-01
6.930319070816040039e-01
6.963325142860412598e-01
6.852697134017944336e-01
7.074490189552307129e-01
6.853562593460083008e-01
6.997013092041015625e-01
6.871993541717529297e-01
6.810131669044494629e-01
6.913124322891235352e-01
6.945972442626953125e-01
7.077499628067016602e-01
6.939454674720764160e-01
6.838523745536804199e-01
7.037460803985595703e-01
6.651857495307922363e-01
6.976369023323059082e-01
7.022980451583862305e-01
6.884235739707946777e-01
6.939010024070739746e-01
6.862356662750244141e-01
6.871503591537475586e-01
6.950843930244445801e-01
6.923638582229614258e-01
6.996782422065734863e-01
7.007973790168762207e-01
7.148822546005249023e-01
6.960466504096984863e-01
6.889945268630981445e-01
6.989794373512268066e-01
6.862196922302246094e-01
6.953735351562500000e-01
7.107942104339599609e-01
6.807231903076171875e-01
6.846459507942199707e-01
6.930259466171264648e-01
6.894057989120483398e-01
7.007881999015808105e-01
6.790009737014770508e-01
6.907955408096313477e-01
6.971852183341979980e-01
6.866821646690368652e-01
6.715290546417236328e-01
6.928893327713012695e-01
6.917161941528320312e-01
6.671343445777893066e-01
6.964648962020874023e-01
7.234334349632263184e-01
7.046841382980346680e-01
7.067100405693054199e-01
6.953248977661132812e-01
6.954787373542785645e-01
6.871778964996337891e-01
6.951969861984252930e-01
6.866508126258850098e-01
7.019252181053161621e-01
6.901057958602905273e-01
6.999686956405639648e-01
6.972306370735168457e-01
6.959061622619628906e-01
6.964409351348876953e-01
6.840117573738098145e-01
6.958882808685302734e-01
6.982707381248474121e-01
7.052171826362609863e-01
6.992344260215759277e-01
6.977124214172363281e-01
6.938236951828002930e-01
7.048842906951904297e-01
6.807634234428405762e-01
6.925177574157714844e-01
6.923823356628417969e-01
6.950691342353820801e-01
6.904984116554260254e-01
6.864830255508422852e-01
6.865238547325134277e-01
6.958698034286499023e-01
6.966793537139892578e-01
6.842818260192871094e-01
6.829319596290588379e-01
6.860299706459045410e-01
6.987290978431701660e-01
6.922981739044189453e-01
7.103757262229919434e-01
6.829956769943237305e-01
6.773914098739624023e-01
6.962483525276184082e-01
6.870092153549194336e-01
6.991829872131347656e-01
7.076742053031921387e-01
6.960613131523132324e-01
6.851105690002441406e-01
6.919438838958740234e-01
6.967359185218811035e-01
6.984282732009887695e-01
6.847547888755798340e-01
6.889678239822387695e-01
6.920967698097229004e-01
6.816486120223999023e-01
6.939285993576049805e-01
6.765556931495666504e-01
6.715173721313476562e-01
6.940713524818420410e-01
6.857229471206665039e-01
6.829817295074462891e-01
6.901834011077880859e-01
6.902465820312500000e-01
6.800727844238281250e-01
6.950274109840393066e-01
7.000902891159057617e-01
6.899938583374023438e-01
6.871349215507507324e-01
6.853604912757873535e-01
7.009988427162170410e-01
6.878859400749206543e-01
6.792912483215332031e-01
6.780301332473754883e-01
6.938588619232177734e-01
6.882377266883850098e-01
6.952734589576721191e-01
6.927921772003173828e-01
6.972158551216125488e-01
6.966782808303833008e-01
6.825537681579589844e-01
6.804454326629638672e-01
6.848919987678527832e-01
7.147629261016845703e-01
6.887291073799133301e-01
6.935583949089050293e-01
6.872078776359558105e-01
6.847313046455383301e-01
6.669126152992248535e-01
7.139835357666015625e-01
6.875734329223632812e-01
6.753317117691040039e-01
6.836014389991760254e-01
6.938428878784179688e-01
6.929043531417846680e-01
6.907337307929992676e-01
6.937615275382995605e-01
6.897022724151611328e-01
6.989973783493041992e-01
6.785129308700561523e-01
6.752328276634216309e-01
6.909608840942382812e-01
6.924418807029724121e-01
7.109048962593078613e-01
6.828810572624206543e-01
6.728299856185913086e-01
6.919828653335571289e-01
7.291609048843383789e-01
7.035981416702270508e-01
6.794697046279907227e-01
6.834709644317626953e-01
7.068540453910827637e-01
6.810576319694519043e-01
6.747798919677734375e-01
6.946296095848083496e-01
6.830338835716247559e-01
6.904219388961791992e-01
6.715685129165649414e-01
7.037272453308105469e-01
6.892988681793212891e-01
6.678223609924316406e-01
6.820575594902038574e-01
6.902990937232971191e-01
7.002581954002380371e-01
6.818802952766418457e-01
6.943091750144958496e-01
6.838567256927490234e-01
6.969771981239318848e-01
6.899842023849487305e-01
6.710622906684875488e-01
6.905914545059204102e-01
6.894084215164184570e-01
6.936874389648437500e-01
6.760624051094055176e-01
6.810835003852844238e-01
7.030245065689086914e-01
6.830049753189086914e-01
7.012258768081665039e-01
6.998954415321350098e-01
6.940348744392395020e-01
6.900265216827392578e-01
7.126002311706542969e-01
7.137948274612426758e-01
6.827136874198913574e-01
6.712586283683776855e-01
6.809695363044738770e-01
7.056517601013183594e-01
6.816550493240356445e-01
6.894313097000122070e-01
6.831824183464050293e-01
6.778558492660522461e-01
6.623044610023498535e-01
6.977756619453430176e-01
6.895578503608703613e-01
6.751863956451416016e-01
6.950081586837768555e-01
6.749781966209411621e-01
6.761734485626220703e-01
6.924675703048706055e-01
6.871766448020935059e-01
6.670578718185424805e-01
6.883099079132080078e-01
6.888694763183593750e-01
6.794680356979370117e-01
6.761866211891174316e-01
7.059450149536132812e-01
6.851365566253662109e-01
6.980741024017333984e-01
6.914407610893249512e-01
6.857090592384338379e-01
7.003864645957946777e-01
6.903420686721801758e-01
6.995955109596252441e-01
7.000079154968261719e-01
6.818986535072326660e-01
6.708623170852661133e-01
6.737833023071289062e-01
6.873018741607666016e-01
6.875040531158447266e-01
6.860314607620239258e-01
6.765925884246826172e-01
6.936112642288208008e-01
6.864333748817443848e-01
6.908061504364013672e-01
6.814646720886230469e-01
6.785529851913452148e-01
6.763989329338073730e-01
6.802012920379638672e-01
6.938158869743347168e-01
6.752240657806396484e-01
6.802828907966613770e-01
6.965885162353515625e-01
6.712316870689392090e-01
6.679890751838684082e-01
6.743633747100830078e-01
7.236952781677246094e-01
7.342007160186767578e-01
6.602518558502197266e-01
6.772640943527221680e-01
6.800260543823242188e-01
7.152753472328186035e-01
7.128862142562866211e-01
7.428607940673828125e-01
7.325557470321655273e-01
6.752182245254516602e-01
6.651729941368103027e-01
6.752111911773681641e-01
6.869047284126281738e-01
6.710553765296936035e-01
6.860202550888061523e-01
6.762648820877075195e-01
6.637187600135803223e-01
7.335317134857177734e-01
6.730344891548156738e-01
6.968987584114074707e-01
6.832225322723388672e-01
6.757025122642517090e-01
7.048946022987365723e-01
6.950868964195251465e-01
6.856570243835449219e-01
6.780569553375244141e-01
6.967509984970092773e-01
6.936663985252380371e-01
6.922436356544494629e-01
6.852139234542846680e-01
6.918646693229675293e-01
6.677640080451965332e-01
7.076683044433593750e-01
6.997140645980834961e-01
6.862376332283020020e-01
6.930155754089355469e-01
6.708813905715942383e-01
6.802285313606262207e-01
7.027893066406250000e-01
7.045926451683044434e-01
6.844510436058044434e-01
6.758313775062561035e-01
6.877884864807128906e-01
6.961146593093872070e-01
6.842329502105712891e-01
7.118265628814697266e-01
6.894853115081787109e-01
6.791210174560546875e-01
6.841388344764709473e-01
7.030768394470214844e-01
6.781205534934997559e-01
6.738079786300659180e-01
6.659533977508544922e-01
7.026822566986083984e-01
6.912094354629516602e-01
6.696904301643371582e-01
6.811038851737976074e-01
6.903496980667114258e-01
6.838669776916503906e-01
6.866694688796997070e-01
7.002057433128356934e-01
7.004879713058471680e-01
6.760618686676025391e-01
6.584543585777282715e-01
6.619148254394531250e-01
7.074196934700012207e-01
7.225892543792724609e-01
6.299018263816833496e-01
7.032052278518676758e-01
6.431063413619995117e-01
7.010926008224487305e-01
6.857210993766784668e-01
6.718228459358215332e-01
7.456551790237426758e-01
6.799726486206054688e-01
6.577632427215576172e-01
6.742505431175231934e-01
6.718364357948303223e-01
6.709016561508178711e-01
6.683648228645324707e-01
7.071338891983032227e-01
7.013434171676635742e-01
7.000595927238464355e-01
6.818397045135498047e-01
6.938399076461791992e-01
6.701245307922363281e-01
6.471498012542724609e-01
7.146788239479064941e-01
6.885694861412048340e-01
6.916998028755187988e-01
6.899718046188354492e-01
7.034439444541931152e-01
7.125466465950012207e-01
7.144181728363037109e-01
6.859047412872314453e-01
7.049839496612548828e-01
6.640782952308654785e-01
6.969855427742004395e-01
6.869867444038391113e-01
6.983870267868041992e-01
6.852575540542602539e-01
6.800315380096435547e-01
6.782681345939636230e-01
6.739094853401184082e-01
6.888480186462402344e-01
7.001502513885498047e-01
6.803867220878601074e-01
6.884481310844421387e-01
6.769815683364868164e-01
6.793125867843627930e-01
6.731935739517211914e-01
6.885608434677124023e-01
7.006509900093078613e-01
7.061026692390441895e-01
7.000968456268310547e-01
7.014298439025878906e-01
7.195797562599182129e-01
6.768970489501953125e-01
6.619920134544372559e-01
6.854342222213745117e-01
6.787218451499938965e-01
6.646221280097961426e-01
6.830757856369018555e-01
6.831716299057006836e-01
6.882799267768859863e-01
6.930597424507141113e-01
6.809070706367492676e-01
6.929383277893066406e-01
6.761017441749572754e-01
6.761634349822998047e-01
6.799376606941223145e-01
6.629970073699951172e-01
6.928233504295349121e-01
6.801289319992065430e-01
6.918321251869201660e-01
6.974219083786010742e-01
6.781808137893676758e-01
6.668406724929809570e-01
6.819746494293212891e-01
6.762102842330932617e-01
6.856130957603454590e-01
6.825548410415649414e-01
6.810927391052246094e-01
6.907591819763183594e-01
6.640768051147460938e-01
6.631278991699218750e-01
6.867741942405700684e-01
7.197551727294921875e-01
6.697947978973388672e-01
6.758524775505065918e-01
6.681069731712341309e-01
6.677137017250061035e-01
6.357184648513793945e-01
6.654340624809265137e-01
7.082271575927734375e-01
6.927090883255004883e-01
6.756778359413146973e-01
6.610801815986633301e-01
6.941192746162414551e-01
6.965891122817993164e-01
6.798185706138610840e-01
7.028729319572448730e-01
6.537927389144897461e-01
6.816718578338623047e-01
7.071952819824218750e-01
6.734696626663208008e-01
6.994817256927490234e-01
7.089167237281799316e-01
6.865391135215759277e-01
6.842924952507019043e-01
7.053071856498718262e-01
7.033604979515075684e-01
6.815816760063171387e-01
6.828578710556030273e-01
6.869985461235046387e-01
6.828970909118652344e-01
6.672580242156982422e-01
7.206655144691467285e-01
6.604477167129516602e-01
6.518153548240661621e-01
6.629400253295898438e-01
6.874672770500183105e-01
6.685873270034790039e-01
6.691139340400695801e-01
6.921210289001464844e-01
6.672781109809875488e-01
6.819854378700256348e-01
6.496181488037109375e-01
7.037275433540344238e-01
7.162692546844482422e-01
6.731045842170715332e-01
6.761672496795654297e-01
6.612694859504699707e-01
6.785303354263305664e-01
6.723822355270385742e-01
7.164367437362670898e-01
7.097047567367553711e-01
6.832172870635986328e-01
6.805871725082397461e-01
7.137498855590820312e-01
6.690652370452880859e-01
6.678565740585327148e-01
6.572288274765014648e-01
6.871749758720397949e-01
6.656506061553955078e-01
7.012587189674377441e-01
6.959587335586547852e-01
6.775990724563598633e-01
6.979162693023681641e-01
6.774594783782958984e-01
7.023844122886657715e-01
6.716234683990478516e-01
6.662709712982177734e-01
7.332776188850402832e-01
7.016557455062866211e-01
6.751828789710998535e-01
6.859234571456909180e-01
6.663745045661926270e-01
7.083814144134521484e-01
6.836266517639160156e-01
6.670449376106262207e-01
6.890642046928405762e-01
6.807460784912109375e-01
7.111129760742187500e-01
6.715230941772460938e-01
6.995903849601745605e-01
6.677798628807067871e-01
6.796685457229614258e-01
6.778483390808105469e-01
6.957169771194458008e-01
6.680320501327514648e-01
6.747854948043823242e-01
6.878929734230041504e-01
6.650407314300537109e-01
