6.912888288497924805e-01
6.938652396202087402e-01
7.142928242683410645e-01
7.107816934585571289e-01
7.010173201560974121e-01
6.920721530914306641e-01
6.955053806304931641e-01
7.025007009506225586e-01
7.076121568679809570e-01
6.959879398345947266e-01
6.926504373550415039e-01
6.872366666793823242e-01
7.095910310745239258e-01
6.987605094909667969e-01
6.931660175323486328e-01
6.921295523643493652e-01
6.951341032981872559e-01
6.955009102821350098e-01
7.049111723899841309e-01
6.875005960464477539e-01
6.953265070915222168e-01
6.970968842506408691e-01
7.014516592025756836e-01
7.091584205627441406e-01
7.007055282592773438e-01
6.881589889526367188e-01
6.980902552604675293e-01
6.991785764694213867e-01
6.961863636970520020e-01
6.939293146133422852e-01
6.972809433937072754e-01
6.947224140167236328e-01
6.971341967582702637e-01
6.903904676437377930e-01
6.961482167243957520e-01
6.977354288101196289e-01
6.963674426078796387e-01
6.924332380294799805e-01
6.953745484352111816e-01
6.911615133285522461e-01
6.953524351119995117e-01
6.935672760009765625e-01
6.957916021347045898e-01
6.950402259826660156e-01
6.995199322700500488e-01
6.893619894981384277e-01
6.942754983901977539e-01
6.953194141387939453e-01
6.944526433944702148e-01
6.950777173042297363e-01
6.928186416625976562e-01
6.933401823043823242e-01
7.016083002090454102e-01
6.933692693710327148e-01
6.956225037574768066e-01
6.908824443817138672e-01
6.928795576095581055e-01
6.925553083419799805e-01
6.884968876838684082e-01
6.948323845863342285e-01
6.882227659225463867e-01
6.873379945755004883e-01
6.741405725479125977e-01
6.947737932205200195e-01
6.995429396629333496e-01
6.902918219566345215e-01
7.005927562713623047e-01
6.708266139030456543e-01
6.863541007041931152e-01
6.868629455566406250e-01
7.055861949920654297e-01
7.123948335647583008e-01
7.052716016769409180e-01
7.081044912338256836e-01
6.871399283409118652e-01
6.895530819892883301e-01
6.971301436424255371e-01
6.978875398635864258e-01
6.926617026329040527e-01
6.934503912925720215e-01
6.934360265731811523e-01
6.966159343719482422e-01
6.958217620849609375e-01
6.981617212295532227e-01
7.030277252197265625e-01
7.020409107208251953e-01
6.905643939971923828e-01
6.913928985595703125e-01
6.919429898262023926e-01
6.962394714355468750e-01
6.926993131637573242e-01
6.994856595993041992e-01
6.915913224220275879e-01
6.901884078979492188e-01
6.984989643096923828e-01
6.947546005249023438e-01
6.938866376876831055e-01
6.931437849998474121e-01
6.949319243431091309e-01
6.943705081939697266e-01
6.926785707473754883e-01
6.974361538887023926e-01
6.927142739295959473e-01
6.913212537765502930e-01
6.912578940391540527e-01
6.919962763786315918e-01
6.856618523597717285e-01
6.938373446464538574e-01
6.891300678253173828e-01
6.881139278411865234e-01
7.052081227302551270e-01
6.984470486640930176e-01
6.897217035293579102e-01
6.932523250579833984e-01
6.883089542388916016e-01
6.933178305625915527e-01
6.906985044479370117e-01
6.926124095916748047e-01
6.874926090240478516e-01
6.891474127769470215e-01
6.938042044639587402e-01
7.111434936523437500e-01
6.909741163253784180e-01
6.934262514114379883e-01
6.965557336807250977e-01
7.066461443901062012e-01
6.904445290565490723e-01
6.961768269538879395e-01
6.855515241622924805e-01
6.924118399620056152e-01
6.876052021980285645e-01
6.911861300468444824e-01
6.869385242462158203e-01
6.956064701080322266e-01
6.946624517440795898e-01
6.876639723777770996e-01
6.952171921730041504e-01
6.946674585342407227e-01
6.898137927055358887e-01
6.923645734786987305e-01
6.917018890380859375e-01
6.953199505805969238e-01
6.911005973815917969e-01
6.930161714553833008e-01
6.933066844940185547e-01
6.861914992332458496e-01
6.998208761215209961e-01
6.935569047927856445e-01
6.865999102592468262e-01
6.918646097183227539e-01
6.980615854263305664e-01
6.898260712623596191e-01
6.840366125106811523e-01
6.967598199844360352e-01
6.978048086166381836e-01
6.830121874809265137e-01
6.967636942863464355e-01
6.943948864936828613e-01
6.887713074684143066e-01
6.865220665931701660e-01
6.906573176383972168e-01
6.889219284057617188e-01
6.887683272361755371e-01
6.928867697715759277e-01
6.974202990531921387e-01
6.918098926544189453e-01
7.023625373840332031e-01
6.984360814094543457e-01
6.967274546623229980e-01
6.903957128524780273e-01
6.930366754531860352e-01
6.877772808074951172e-01
6.948988437652587891e-01
6.972376108169555664e-01
6.927426457405090332e-01
6.825780868530273438e-01
6.947655677795410156e-01
6.939661502838134766e-01
6.967541575431823730e-01
6.901859045028686523e-01
6.851470470428466797e-01
7.015763521194458008e-01
6.939114332199096680e-01
6.946101188659667969e-01
6.942949891090393066e-01
6.978210806846618652e-01
6.770414113998413086e-01
6.767556667327880859e-01
7.081454992294311523e-01
6.999083757400512695e-01
6.919463872909545898e-01
6.982644796371459961e-01
6.988537907600402832e-01
6.950501203536987305e-01
6.988182663917541504e-01
6.898184418678283691e-01
6.923654079437255859e-01
6.836079955101013184e-01
6.955760121345520020e-01
6.962329745292663574e-01
6.908302307128906250e-01
6.935182809829711914e-01
6.933340430259704590e-01
6.976072788238525391e-01
6.876449584960937500e-01
6.984677314758300781e-01
6.966128349304199219e-01
6.875516176223754883e-01
7.009590268135070801e-01
7.194076776504516602e-01
6.907483339309692383e-01
7.049651741981506348e-01
6.807695627212524414e-01
6.997767686843872070e-01
7.018395066261291504e-01
6.903882026672363281e-01
6.927791237831115723e-01
7.009842991828918457e-01
7.000131607055664062e-01
6.960224509239196777e-01
6.897053718566894531e-01
6.865956187248229980e-01
7.029960155487060547e-01
6.967557072639465332e-01
6.743063926696777344e-01
6.991851329803466797e-01
6.911017298698425293e-01
6.959830522537231445e-01
6.932964920997619629e-01
6.965280175209045410e-01
6.906951665878295898e-01
6.879255771636962891e-01
6.870225667953491211e-01
6.842035651206970215e-01
6.871886253356933594e-01
6.855662465095520020e-01
7.018078565597534180e-01
6.887297034263610840e-01
6.837857961654663086e-01
6.951064467430114746e-01
6.899087429046630859e-01
6.925550699234008789e-01
6.983899474143981934e-01
6.829102039337158203e-01
6.982929110527038574e-01
6.895273327827453613e-01
6.926259398460388184e-01
6.835734248161315918e-01
6.877393722534179688e-01
6.897708177566528320e-01
6.985696554183959961e-01
7.036010026931762695e-01
6.895280480384826660e-01
7.021102905273437500e-01
6.941276788711547852e-01
6.840335726737976074e-01
6.966056823730468750e-01
6.836919188499450684e-01
7.027617692947387695e-01
6.958584785461425781e-01
6.872473359107971191e-01
6.856134533882141113e-01
6.944447159767150879e-01
6.902011036872863770e-01
6.955814957618713379e-01
6.989384293556213379e-01
6.978881359100341797e-01
6.955660581588745117e-01
6.850312352180480957e-01
6.855728626251220703e-01
7.048477530479431152e-01
6.866097450256347656e-01
6.874684095382690430e-01
7.132197618484497070e-01
7.017984986305236816e-01
6.849908828735351562e-01
6.918892264366149902e-01
6.972712874412536621e-01
6.850098371505737305e-01
6.865193247795104980e-01
6.993219256401062012e-01
6.910142898559570312e-01
6.759191155433654785e-01
7.151548266410827637e-01
6.942237019538879395e-01
6.969856023788452148e-01
7.000658512115478516e-01
6.974586248397827148e-01
6.857724189758300781e-01
6.972809433937072754e-01
6.730843782424926758e-01
6.759760975837707520e-01
6.834285855293273926e-01
6.955519914627075195e-01
6.702917218208312988e-01
7.438735365867614746e-01
7.128853201866149902e-01
7.027966976165771484e-01
6.849312782287597656e-01
6.794491410255432129e-01
6.846178770065307617e-01
6.879965066909790039e-01
7.173825502395629883e-01
6.935380697250366211e-01
6.926876306533813477e-01
6.832200884819030762e-01
7.086918950080871582e-01
6.917558908462524414e-01
6.975498795509338379e-01
6.880047321319580078e-01
6.833261251449584961e-01
6.926093697547912598e-01
6.951324939727783203e-01
7.047520279884338379e-01
6.931222677230834961e-01
6.890417337417602539e-01
7.032088637351989746e-01
7.035485506057739258e-01
6.905755400657653809e-01
6.879845857620239258e-01
7.046800851821899414e-01
6.913398504257202148e-01
6.935284733772277832e-01
6.989983916282653809e-01
6.867310404777526855e-01
6.979612112045288086e-01
6.942918896675109863e-01
6.927357316017150879e-01
6.927710175514221191e-01
6.918034553527832031e-01
6.841962337493896484e-01
6.880168318748474121e-01
6.900585293769836426e-01
6.957187056541442871e-01
6.896764636039733887e-01
6.739320158958435059e-01
6.979342103004455566e-01
7.032949328422546387e-01
6.846660375595092773e-01
6.958713531494140625e-01
6.914428472518920898e-01
6.960256695747375488e-01
6.787742376327514648e-01
6.927272677421569824e-01
6.912702322006225586e-01
6.970223188400268555e-01
6.914860010147094727e-01
6.791830658912658691e-01
6.976345777511596680e-01
6.937244534492492676e-01
6.879724860191345215e-01
6.890563964843750000e-01
6.877481937408447266e-01
6.968016624450683594e-01
6.839540004730224609e-01
6.883715391159057617e-01
6.938350200653076172e-01
6.778545975685119629e-01
6.833456754684448242e-01
7.013840675354003906e-01
6.881675124168395996e-01
6.809356212615966797e-01
6.888936758041381836e-01
6.976215839385986328e-01
7.156275510787963867e-01
6.960234642028808594e-01
7.022510766983032227e-01
7.092161774635314941e-01
6.791743636131286621e-01
7.039166092872619629e-01
6.865633130073547363e-01
7.097480297088623047e-01
6.715326905250549316e-01
6.890264749526977539e-01
6.925503015518188477e-01
6.901878714561462402e-01
6.842598319053649902e-01
7.146131992340087891e-01
6.786280274391174316e-01
7.258520126342773438e-01
6.903607845306396484e-01
6.873907446861267090e-01
7.094001770019531250e-01
7.163194417953491211e-01
6.911516785621643066e-01
6.841532588005065918e-01
6.851631402969360352e-01
6.973720788955688477e-01
6.925109028816223145e-01
6.940910220146179199e-01
6.904214620590209961e-01
6.979162693023681641e-01
6.997990012168884277e-01
6.903122663497924805e-01
6.835740208625793457e-01
6.914343237876892090e-01
7.045037746429443359e-01
7.221480607986450195e-01
6.811532378196716309e-01
7.018665671348571777e-01
7.136329412460327148e-01
6.855319738388061523e-01
6.925604343414306641e-01
6.960893869400024414e-01
6.949244737625122070e-01
6.819879412651062012e-01
6.929368376731872559e-01
7.075872421264648438e-01
6.988083124160766602e-01
6.932216882705688477e-01
6.924288868904113770e-01
6.946188211441040039e-01
6.948701143264770508e-01
6.944272518157958984e-01
6.917406916618347168e-01
6.965913176536560059e-01
6.905460953712463379e-01
7.158667445182800293e-01
6.876063346862792969e-01
6.932318210601806641e-01
6.870830059051513672e-01
6.960804462432861328e-01
7.079882025718688965e-01
6.940938234329223633e-01
6.984428763389587402e-01
6.814522743225097656e-01
6.948984861373901367e-01
6.888061761856079102e-01
6.989236474037170410e-01
6.943500041961669922e-01
7.125599384307861328e-01
6.880545616149902344e-01
6.954680681228637695e-01
6.740239262580871582e-01
6.923042535781860352e-01
6.850749850273132324e-01
6.929085254669189453e-01
6.884692311286926270e-01
6.899094581604003906e-01
6.977668404579162598e-01
7.091176509857177734e-01
6.985580921173095703e-01
6.953741908073425293e-01
6.796314716339111328e-01
6.852787137031555176e-01
6.852678656578063965e-01
6.755034923553466797e-01
6.796712279319763184e-01
6.978403329849243164e-01
6.989324092864990234e-01
6.906675696372985840e-01
6.874159574508666992e-01
7.000393867492675781e-01
6.970502138137817383e-01
6.865435838699340820e-01
6.860767602920532227e-01
6.927438974380493164e-01
6.855915784835815430e-01
6.854006648063659668e-01
6.820051074028015137e-01
7.068919539451599121e-01
6.922687292098999023e-01
6.977825164794921875e-01
6.819803714752197266e-01
6.767566204071044922e-01
6.957736015319824219e-01
7.189882993698120117e-01
7.052634954452514648e-01
6.975917816162109375e-01
6.851180195808410645e-01
6.795626878738403320e-01
6.985815763473510742e-01
6.957931518554687500e-01
6.943920850753784180e-01
6.896914243698120117e-01
7.048317193984985352e-01
6.894193291664123535e-01
6.914691925048828125e-01
6.934148073196411133e-01
7.073130607604980469e-01
6.971723437309265137e-01
6.709232926368713379e-01
7.173014879226684570e-01
6.942112445831298828e-01
6.830707192420959473e-01
6.890427470207214355e-01
6.773855686187744141e-01
6.861902475357055664e-01
6.875571012496948242e-01
6.946035027503967285e-01
6.886407732963562012e-01
6.910388469696044922e-01
6.894430518150329590e-01
6.917827725410461426e-01
6.776294708251953125e-01
6.905885934829711914e-01
7.001276016235351562e-01
6.873948574066162109e-01
6.902929544448852539e-01
6.895036101341247559e-01
6.994324326515197754e-01
6.809825897216796875e-01
6.875386834144592285e-01
6.772322058677673340e-01
6.958531141281127930e-01
7.047165632247924805e-01
6.862699389457702637e-01
6.841465830802917480e-01
6.958631277084350586e-01
6.790240406990051270e-01
6.835697293281555176e-01
6.990979909896850586e-01
7.012785077095031738e-01
6.982336640357971191e-01
6.957299113273620605e-01
6.808989048004150391e-01
7.048915028572082520e-01
6.870987415313720703e-01
6.810311079025268555e-01
6.812583208084106445e-01
6.862243413925170898e-01
6.972334980964660645e-01
6.965010762214660645e-01
6.975327730178833008e-01
7.018307447433471680e-01
6.705186367034912109e-01
6.904746294021606445e-01
6.888161897659301758e-01
6.968073844909667969e-01
6.872445344924926758e-01
6.878342032432556152e-01
6.935276985168457031e-01
7.141876220703125000e-01
7.057820558547973633e-01
6.941716670989990234e-01
6.836972236633300781e-01
6.899089813232421875e-01
6.690649390220642090e-01
6.935272812843322754e-01
6.656042337417602539e-01
6.970512866973876953e-01
6.908096671104431152e-01
6.821751594543457031e-01
6.835075020790100098e-01
6.804291605949401855e-01
6.839430928230285645e-01
6.914525032043457031e-01
6.924847364425659180e-01
7.026227116584777832e-01
6.900922656059265137e-01
6.911047101020812988e-01
6.819610595703125000e-01
6.823580265045166016e-01
6.878492236137390137e-01
6.938871145248413086e-01
6.941532492637634277e-01
7.104688882827758789e-01
6.858212947845458984e-01
6.773509979248046875e-01
6.972199082374572754e-01
6.828607916831970215e-01
7.066289782524108887e-01
6.764051914215087891e-01
6.733574271202087402e-01
6.864478588104248047e-01
7.179047465324401855e-01
6.754155755043029785e-01
7.124207019805908203e-01
7.038239240646362305e-01
7.061588764190673828e-01
7.007659077644348145e-01
6.961076259613037109e-01
7.055241465568542480e-01
7.028611302375793457e-01
6.873079538345336914e-01
6.908192634582519531e-01
6.832556724548339844e-01
7.045200467109680176e-01
6.853516697883605957e-01
6.992145180702209473e-01
6.759929656982421875e-01
6.793661713600158691e-01
6.842772960662841797e-01
6.972809433937072754e-01
6.634833812713623047e-01
7.142041921615600586e-01
7.196375727653503418e-01
6.857678294181823730e-01
6.948269605636596680e-01
7.021949291229248047e-01
7.067579030990600586e-01
6.871565580368041992e-01
6.800422668457031250e-01
6.888553500175476074e-01
6.924438476562500000e-01
6.721332073211669922e-01
6.962535381317138672e-01
6.980094909667968750e-01
6.825072765350341797e-01
6.868607997894287109e-01
6.865615248680114746e-01
6.825325489044189453e-01
7.057126164436340332e-01
6.927443146705627441e-01
7.091504931449890137e-01
6.926932930946350098e-01
6.742129325866699219e-01
6.852070093154907227e-01
6.890755891799926758e-01
6.816663742065429688e-01
6.951853036880493164e-01
7.021224498748779297e-01
6.834344863891601562e-01
6.908873319625854492e-01
6.880835890769958496e-01
6.901290416717529297e-01
7.117313146591186523e-01
6.834345459938049316e-01
6.927422285079956055e-01
6.898740530014038086e-01
6.894492506980895996e-01
6.812459230422973633e-01
6.798627376556396484e-01
6.956753730773925781e-01
6.990638375282287598e-01
6.838611364364624023e-01
6.734997034072875977e-01
6.869854331016540527e-01
6.964720487594604492e-01
6.836757659912109375e-01
6.800205111503601074e-01
6.897798180580139160e-01
6.758941411972045898e-01
6.789310574531555176e-01
6.861414909362792969e-01
6.777857542037963867e-01
6.932635903358459473e-01
7.310127615928649902e-01
6.752174496650695801e-01
6.987087726593017578e-01
6.769709587097167969e-01
6.986932158470153809e-01
6.815586090087890625e-01
6.803002357482910156e-01
6.889049410820007324e-01
6.718462705612182617e-01
6.768510341644287109e-01
6.988963484764099121e-01
6.974263787269592285e-01
7.061743140220642090e-01
6.740338802337646484e-01
6.814499497413635254e-01
6.891903877258300781e-01
6.876797676086425781e-01
6.789114475250244141e-01
6.970537304878234863e-01
6.831234097480773926e-01
7.126891613006591797e-01
7.267662286758422852e-01
7.384123206138610840e-01
6.950945258140563965e-01
7.199043035507202148e-01
6.901254057884216309e-01
7.135839462280273438e-01
6.891730427742004395e-01
6.797376871109008789e-01
6.793868541717529297e-01
6.887435317039489746e-01
6.928506493568420410e-01
6.940947771072387695e-01
6.909420490264892578e-01
6.590973734855651855e-01
6.917966008186340332e-01
6.910276412963867188e-01
7.063326239585876465e-01
6.917935013771057129e-01
6.896125078201293945e-01
6.845507025718688965e-01
6.786985397338867188e-01
6.982054114341735840e-01
7.080523967742919922e-01
6.735997796058654785e-01
6.685475707054138184e-01
6.917845010757446289e-01
6.868259310722351074e-01
7.003003358840942383e-01
6.694657206535339355e-01
6.979317665100097656e-01
6.858789324760437012e-01
6.875975131988525391e-01
6.978237628936767578e-01
6.646960377693176270e-01
6.746096611022949219e-01
6.958101391792297363e-01
6.745727658271789551e-01
7.067056298255920410e-01
6.886391043663024902e-01
6.942483782768249512e-01
6.939616203308105469e-01
6.683682799339294434e-01
6.608012914657592773e-01
6.717317700386047363e-01
6.836290359497070312e-01
6.953608393669128418e-01
6.950020790100097656e-01
6.964488029479980469e-01
6.796404123306274414e-01
6.771323680877685547e-01
6.747729778289794922e-01
6.875151395797729492e-01
6.780414581298828125e-01
6.777969598770141602e-01
6.820027232170104980e-01
6.711751222610473633e-01
6.856746077537536621e-01
7.089230418205261230e-01
7.045511007308959961e-01
7.044929265975952148e-01
6.711080670356750488e-01
6.876583099365234375e-01
6.747937798500061035e-01
6.992102861404418945e-01
6.956820487976074219e-01
6.595562696456909180e-01
6.959797143936157227e-01
6.779635548591613770e-01
6.781047582626342773e-01
7.007445693016052246e-01
6.964950561523437500e-01
7.131906747817993164e-01
6.828697919845581055e-01
6.805228590965270996e-01
7.179970145225524902e-01
6.766367554664611816e-01
6.992617845535278320e-01
6.950538754463195801e-01
6.977899074554443359e-01
6.873852610588073730e-01
6.964294910430908203e-01
6.773631572723388672e-01
6.844886541366577148e-01
6.722176671028137207e-01
6.936900615692138672e-01
6.549096703529357910e-01
7.200321555137634277e-01
6.832541227340698242e-01
6.724337339401245117e-01
6.718137860298156738e-01
7.159826159477233887e-01
6.988400220870971680e-01
7.071347236633300781e-01
7.027930021286010742e-01
7.098249197006225586e-01
6.743009090423583984e-01
6.852332353591918945e-01
6.915513873100280762e-01
6.858886480331420898e-01
6.649252176284790039e-01
6.580501794815063477e-01
7.164532542228698730e-01
6.873502731323242188e-01
7.093034982681274414e-01
6.398359537124633789e-01
6.836624741554260254e-01
6.953457593917846680e-01
7.085379958152770996e-01
6.695342063903808594e-01
6.831837296485900879e-01
6.836917400360107422e-01
6.929560899734497070e-01
6.844137310981750488e-01
6.807656884193420410e-01
6.911343336105346680e-01
7.364207506179809570e-01
7.105594873428344727e-01
6.785096526145935059e-01
6.742289066314697266e-01
6.997278928756713867e-01
7.039688825607299805e-01
7.306179404258728027e-01
6.705756187438964844e-01
6.968019008636474609e-01
7.046006917953491211e-01
6.573607325553894043e-01
6.738389730453491211e-01
6.904283761978149414e-01
6.776153445243835449e-01
6.643746495246887207e-01
6.754609942436218262e-01
6.995434761047363281e-01
6.782307028770446777e-01
7.057672739028930664e-01
6.949614882469177246e-01
6.859769225120544434e-01
6.845042705535888672e-01
6.774569749832153320e-01
6.856919527053833008e-01
6.942037940025329590e-01
6.711997389793395996e-01
6.825402975082397461e-01
6.894478201866149902e-01
6.827769279479980469e-01
6.747216582298278809e-01
6.760137677192687988e-01
6.701112985610961914e-01
7.198177576065063477e-01
6.943709850311279297e-01
6.789262294769287109e-01
6.665981411933898926e-01
7.001881599426269531e-01
6.829521059989929199e-01
6.598322391510009766e-01
6.831279993057250977e-01
6.740300655364990234e-01
6.929013133049011230e-01
6.913183927536010742e-01
6.854534745216369629e-01
7.233616709709167480e-01
6.837117075920104980e-01
6.756933927536010742e-01
6.728514432907104492e-01
6.965225934982299805e-01
6.796938180923461914e-01
6.777545809745788574e-01
6.831094026565551758e-01
6.866727471351623535e-01
6.796990633010864258e-01
6.928367018699645996e-01
6.913895606994628906e-01
6.873614788055419922e-01
6.882366538047790527e-01
6.714897155761718750e-01
6.665262579917907715e-01
7.020037770271301270e-01
6.596993803977966309e-01
6.991341710090637207e-01
6.644397377967834473e-01
7.152728438377380371e-01
6.838675737380981445e-01
6.466253399848937988e-01
6.698058247566223145e-01
6.846518516540527344e-01
6.537531614303588867e-01
6.586536169052124023e-01
7.047543525695800781e-01
6.724430322647094727e-01
6.855209469795227051e-01
6.725924015045166016e-01
7.038752436637878418e-01
6.535354852676391602e-01
6.648085117340087891e-01
6.776531338691711426e-01
6.442763209342956543e-01
7.104769945144653320e-01
7.042938470840454102e-01
6.763396859169006348e-01
6.712520718574523926e-01
6.817057728767395020e-01
6.943525075912475586e-01
6.982609629631042480e-01
6.990260481834411621e-01
7.013604044914245605e-01
7.227301597595214844e-01
6.525315642356872559e-01
6.809750199317932129e-01
6.802408695220947266e-01
6.721141934394836426e-01
6.772196888923645020e-01
6.775156259536743164e-01
6.871240735054016113e-01
6.796108484268188477e-01
6.743059754371643066e-01
6.725915074348449707e-01
6.944115161895751953e-01
6.936272382736206055e-01
6.562131643295288086e-01
6.794403195381164551e-01
6.932423114776611328e-01
6.642531752586364746e-01
6.956208348274230957e-01
6.616117954254150391e-01
6.981919407844543457e-01
7.094495296478271484e-01
6.903402209281921387e-01
6.534676551818847656e-01
6.605688333511352539e-01
7.030528783798217773e-01
6.781656146049499512e-01
7.010111212730407715e-01
6.837948560714721680e-01
6.868754625320434570e-01
6.769427061080932617e-01
7.061811685562133789e-01
6.799384355545043945e-01
6.736583113670349121e-01
6.619275808334350586e-01
6.772319674491882324e-01
6.894676089286804199e-01
6.769649386405944824e-01
6.733350157737731934e-01
6.729928255081176758e-01
7.001430392265319824e-01
7.201156020164489746e-01
6.842442750930786133e-01
6.516898274421691895e-01
6.729351878166198730e-01
6.976165771484375000e-01
6.804410815238952637e-01
6.680129766464233398e-01
6.852405667304992676e-01
6.591432690620422363e-01
6.902465224266052246e-01
7.074621319770812988e-01
7.480693459510803223e-01
6.434756517410278320e-01
6.765356063842773438e-01
6.700029373168945312e-01
7.302653193473815918e-01
7.138946056365966797e-01
6.667841076850891113e-01
6.877658963203430176e-01
6.832895874977111816e-01
6.801859736442565918e-01
6.832467913627624512e-01
7.025601863861083984e-01
7.060068249702453613e-01
6.917703747749328613e-01
7.062682509422302246e-01
6.755425930023193359e-01
6.633219718933105469e-01
6.761510372161865234e-01
6.864782571792602539e-01
6.833630800247192383e-01
6.698540449142456055e-01
6.508456468582153320e-01
6.837180256843566895e-01
7.076659798622131348e-01
6.532931327819824219e-01
6.365220546722412109e-01
6.976009607315063477e-01
6.794298291206359863e-01
6.616566181182861328e-01
7.073537111282348633e-01
7.023152112960815430e-01
6.198447942733764648e-01
6.525448560714721680e-01
6.490934491157531738e-01
7.134887576103210449e-01
6.560249328613281250e-01
6.675176024436950684e-01
6.808256506919860840e-01
7.079563140869140625e-01
6.944511532783508301e-01
7.038860321044921875e-01
6.749042272567749023e-01
7.277154922485351562e-01
6.828680634498596191e-01
6.784441471099853516e-01
6.661927700042724609e-01
6.471360325813293457e-01
6.667382717132568359e-01
6.602902412414550781e-01
7.064200639724731445e-01
7.011400461196899414e-01
6.529589295387268066e-01
7.017617225646972656e-01
6.726852655410766602e-01
6.635133624076843262e-01
6.556484699249267578e-01
6.629416346549987793e-01
7.782610058784484863e-01
7.123021483421325684e-01
6.704704761505126953e-01
6.734839081764221191e-01
6.632198095321655273e-01
6.872111558914184570e-01
6.908039450645446777e-01
7.085384130477905273e-01
6.835461854934692383e-01
6.840281486511230469e-01
6.860737204551696777e-01
6.867535114288330078e-01
6.693028211593627930e-01
6.942099928855895996e-01
7.099255919456481934e-01
6.730427742004394531e-01
6.949334144592285156e-01
7.045112252235412598e-01
6.873695850372314453e-01
6.735879182815551758e-01
6.727590560913085938e-01
6.823329329490661621e-01
6.844505667686462402e-01
6.682041287422180176e-01
7.003990411758422852e-01
6.753058433532714844e-01
6.789506673812866211e-01
6.927269697189331055e-01
6.776911616325378418e-01
6.705278754234313965e-01
6.849423646926879883e-01
6.910071969032287598e-01
6.665230393409729004e-01
6.776633858680725098e-01
6.729173064231872559e-01
6.958119273185729980e-01
7.133507728576660156e-01
6.601743698120117188e-01
6.796837449073791504e-01
6.749677658081054688e-01
6.803642511367797852e-01
7.044988870620727539e-01
6.922263503074645996e-01
6.443307399749755859e-01
6.609861254692077637e-01
6.369165778160095215e-01
6.829303503036499023e-01
6.788164973258972168e-01
6.598879098892211914e-01
6.929422020912170410e-01
6.439923644065856934e-01
7.450582385063171387e-01
6.565759778022766113e-01
6.500683426856994629e-01
6.705129146575927734e-01
6.779611706733703613e-01
6.792724728584289551e-01
6.837108731269836426e-01
6.714617013931274414e-01
6.660329103469848633e-01
7.354303002357482910e-01
6.554862856864929199e-01
6.960366964340209961e-01
6.677503585815429688e-01
6.984482407569885254e-01
6.784011721611022949e-01
6.837774515151977539e-01
6.760485172271728516e-01
6.658590435981750488e-01
7.122967243194580078e-01
6.718135476112365723e-01
6.531733274459838867e-01
7.438285946846008301e-01
6.992558836936950684e-01
6.862161755561828613e-01
6.532644629478454590e-01
6.777852773666381836e-01
6.857045292854309082e-01
6.515562534332275391e-01
6.518394351005554199e-01
6.830292940139770508e-01
7.051334977149963379e-01
6.835617423057556152e-01
6.714971661567687988e-01
6.684499979019165039e-01
6.554816961288452148e-01
6.648950576782226562e-01
6.957286596298217773e-01
6.593819260597229004e-01
6.397689580917358398e-01
6.845912933349609375e-01
7.426313161849975586e-01
6.810301542282104492e-01
6.689212918281555176e-01
6.957648396492004395e-01
6.629300117492675781e-01
7.026113271713256836e-01
6.743566989898681641e-01
6.970966458320617676e-01
6.741035580635070801e-01
6.876403093338012695e-01
6.831173896789550781e-01
7.006705999374389648e-01
6.835427880287170410e-01
6.945272684097290039e-01
6.812537908554077148e-01
6.901750564575195312e-01
6.782324910163879395e-01
6.474451422691345215e-01
6.584715843200683594e-01
6.779708862304687500e-01
6.717388629913330078e-01
7.006648778915405273e-01
6.857304573059082031e-01
7.041573524475097656e-01
6.677725911140441895e-01
6.744816303253173828e-01
6.869841814041137695e-01
7.025260925292968750e-01
6.700960993766784668e-01
7.137811183929443359e-01
6.742653846740722656e-01
6.941349506378173828e-01
6.758482456207275391e-01
6.779689192771911621e-01
6.867960095405578613e-01
6.783297657966613770e-01
6.752849817276000977e-01
6.944519281387329102e-01
6.862776279449462891e-01
6.683442592620849609e-01
6.858357191085815430e-01
6.760258674621582031e-01
6.959323287010192871e-01
6.726760864257812500e-01
6.455658674240112305e-01
6.779495477676391602e-01
6.762194633483886719e-01
6.853110790252685547e-01
6.803503036499023438e-01
6.635938882827758789e-01
6.743550300598144531e-01
6.732347607612609863e-01
6.792094707489013672e-01
6.331054568290710449e-01
6.478977203369140625e-01
6.794397830963134766e-01
6.757298111915588379e-01
6.934844851493835449e-01
6.564725637435913086e-01
6.559402942657470703e-01
6.211839318275451660e-01
6.728434562683105469e-01
6.731683015823364258e-01
6.604238748550415039e-01
6.528222560882568359e-01
6.920253038406372070e-01
6.816706061363220215e-01
7.563785314559936523e-01
6.909495592117309570e-01
6.655192971229553223e-01
6.782213449478149414e-01
6.568760275840759277e-01
6.443655490875244141e-01
7.195413112640380859e-01
7.288771271705627441e-01
7.035489082336425781e-01
7.296194434165954590e-01
6.963669061660766602e-01
6.764770150184631348e-01
6.932241916656494141e-01
6.591558456420898438e-01
6.765953302383422852e-01
6.728598475456237793e-01
6.439155340194702148e-01
6.680046916007995605e-01
6.807419657707214355e-01
6.796067357063293457e-01
7.114132642745971680e-01
6.803398132324218750e-01
6.863417625427246094e-01
6.901249885559082031e-01
6.727153062820434570e-01
6.552718281745910645e-01
6.463282108306884766e-01
6.870376467704772949e-01
7.050093412399291992e-01
6.749092936515808105e-01
7.008265852928161621e-01
6.923103332519531250e-01
7.087686657905578613e-01
6.519714593887329102e-01
6.597741246223449707e-01
6.521852612495422363e-01
6.600897312164306641e-01
6.631667613983154297e-01
6.679277420043945312e-01
6.578001976013183594e-01
6.650004982948303223e-01
6.460279226303100586e-01
6.752921342849731445e-01
6.209851503372192383e-01
6.279582381248474121e-01
6.620594263076782227e-01
6.815342307090759277e-01
6.756830811500549316e-01
6.384054422378540039e-01
6.832492947578430176e-01
7.285468578338623047e-01
6.901845335960388184e-01
7.317634820938110352e-01
6.834124922752380371e-01
6.415728926658630371e-01
6.925584077835083008e-01
6.545266509056091309e-01
6.596910953521728516e-01
7.129680514335632324e-01
6.947103142738342285e-01
6.702782511711120605e-01
6.712784767150878906e-01
6.748453378677368164e-01
6.774464845657348633e-01
6.546753048896789551e-01
6.516614556312561035e-01
6.641091108322143555e-01
6.974438428878784180e-01
6.527094841003417969e-01
6.809453368186950684e-01
7.080138921737670898e-01
6.757510900497436523e-01
6.358745694160461426e-01
7.043672800064086914e-01
6.732677817344665527e-01
6.699711680412292480e-01
6.805509328842163086e-01
6.717212796211242676e-01
6.750366091728210449e-01
6.977763175964355469e-01
6.804026365280151367e-01
6.925619840621948242e-01
6.716086864471435547e-01
6.589082479476928711e-01
6.905450224876403809e-01
6.800184249877929688e-01
7.016774415969848633e-01
6.869227886199951172e-01
6.965197324752807617e-01
6.788862943649291992e-01
6.579791903495788574e-01
6.477707028388977051e-01
6.666252613067626953e-01
6.655830144882202148e-01
6.808582544326782227e-01
6.485272645950317383e-01
6.897066831588745117e-01
6.590761542320251465e-01
7.081496119499206543e-01
6.593182086944580078e-01
6.370701789855957031e-01
6.744691729545593262e-01
6.640709638595581055e-01
7.232684493064880371e-01
6.831435561180114746e-01
6.342148184776306152e-01
6.718835234642028809e-01
6.442800164222717285e-01
6.325210332870483398e-01
6.708037853240966797e-01
6.688828468322753906e-01
6.815041303634643555e-01
6.931707262992858887e-01
6.530177593231201172e-01
6.598817110061645508e-01
6.458924412727355957e-01
6.561560034751892090e-01
6.632577180862426758e-01
7.060573697090148926e-01
6.861762404441833496e-01
6.523715257644653320e-01
6.273373365402221680e-01
6.286110877990722656e-01
7.414916753768920898e-01
6.430050730705261230e-01
6.522158384323120117e-01
6.647688150405883789e-01
6.855632066726684570e-01
6.672759056091308594e-01
7.157421112060546875e-01
6.408160924911499023e-01
6.816191673278808594e-01
6.507315635681152344e-01
6.506417989730834961e-01
6.523283123970031738e-01
6.519674062728881836e-01
7.099660634994506836e-01
6.872739791870117188e-01
6.408095359802246094e-01
6.429339051246643066e-01
6.998348236083984375e-01
7.199087142944335938e-01
6.627116799354553223e-01
6.981092095375061035e-01
6.643893718719482422e-01
6.653378605842590332e-01
7.045673727989196777e-01
7.132228016853332520e-01
6.969704627990722656e-01
6.534187197685241699e-01
6.664342284202575684e-01
6.515014767646789551e-01
6.912964582443237305e-01
6.947672367095947266e-01
6.788569092750549316e-01
6.905891895294189453e-01
6.954779624938964844e-01
6.799914836883544922e-01
6.624010205268859863e-01
6.678335070610046387e-01
6.934348940849304199e-01
6.497755050659179688e-01
6.711782217025756836e-01
6.714357733726501465e-01
6.956995725631713867e-01
6.659951806068420410e-01
6.535484194755554199e-01
6.531131267547607422e-01
6.533687114715576172e-01
6.748080849647521973e-01
6.517874002456665039e-01
6.525855064392089844e-01
6.412190198898315430e-01
6.452339887619018555e-01
7.002540230751037598e-01
6.802271604537963867e-01
6.953640580177307129e-01
6.819248199462890625e-01
6.473669409751892090e-01
6.586016416549682617e-01
6.482014060020446777e-01
6.552487015724182129e-01
6.281589865684509277e-01
6.209037899971008301e-01
7.140650749206542969e-01
6.670846343040466309e-01
6.386731863021850586e-01
6.811801791191101074e-01
6.667631268501281738e-01
6.999692320823669434e-01
6.566536426544189453e-01
6.837630271911621094e-01
6.653470396995544434e-01
6.912904977798461914e-01
6.823184490203857422e-01
6.772335767745971680e-01
6.389515995979309082e-01
6.757943630218505859e-01
6.483380198478698730e-01
6.463586688041687012e-01
6.718226671218872070e-01
6.561937928199768066e-01
6.190782189369201660e-01
6.532842516899108887e-01
6.912943124771118164e-01
7.178823351860046387e-01
6.553906202316284180e-01
6.506703495979309082e-01
6.424028277397155762e-01
6.627699136734008789e-01
6.352587342262268066e-01
6.292307376861572266e-01
6.597809791564941406e-01
6.412770152091979980e-01
6.334270238876342773e-01
6.627020239830017090e-01
6.636472344398498535e-01
7.403806447982788086e-01
6.846111416816711426e-01
6.087995767593383789e-01
7.383832335472106934e-01
6.381983757019042969e-01
6.898955106735229492e-01
6.705708503723144531e-01
6.974822282791137695e-01
6.225364208221435547e-01
6.969816684722900391e-01
6.031697988510131836e-01
6.488218307495117188e-01
6.536066532135009766e-01
6.288528442382812500e-01
7.045233845710754395e-01
6.532542109489440918e-01
6.859503984451293945e-01
6.451680064201354980e-01
6.710423231124877930e-01
6.392034292221069336e-01
6.305121183395385742e-01
6.188464164733886719e-01
6.857666969299316406e-01
6.104403138160705566e-01
6.800592541694641113e-01
6.098149418830871582e-01
6.356329917907714844e-01
6.249475479125976562e-01
6.933895349502563477e-01
6.214920878410339355e-01
6.841502189636230469e-01
6.917036175727844238e-01
7.359322309494018555e-01
6.761229038238525391e-01
6.857805252075195312e-01
6.536219120025634766e-01
6.740157604217529297e-01
7.110843658447265625e-01
6.866239309310913086e-01
6.665673255920410156e-01
6.831874847412109375e-01
6.244406104087829590e-01
5.899302363395690918e-01
6.554325819015502930e-01
6.247073411941528320e-01
6.614779829978942871e-01
6.442058086395263672e-01
6.610649228096008301e-01
6.321018338203430176e-01
6.732501387596130371e-01
6.470161676406860352e-01
6.732888221740722656e-01
6.168770790100097656e-01
7.256617546081542969e-01
6.479175090789794922e-01
6.199431419372558594e-01
6.838972568511962891e-01
6.515827178955078125e-01
6.657286286354064941e-01
6.840269565582275391e-01
6.698666214942932129e-01
6.238740682601928711e-01
6.410602927207946777e-01
6.897863745689392090e-01
6.808577179908752441e-01
6.226372122764587402e-01
7.294582128524780273e-01
6.634211540222167969e-01
6.530179977416992188e-01
6.825174093246459961e-01
6.432896852493286133e-01
6.653509736061096191e-01
6.911281943321228027e-01
6.350640058517456055e-01
6.529367566108703613e-01
6.704063415527343750e-01
6.421391367912292480e-01
6.673887968063354492e-01
6.462231874465942383e-01
6.560329198837280273e-01
6.329045295715332031e-01
6.169598102569580078e-01
6.681991815567016602e-01
6.157187223434448242e-01
6.290515065193176270e-01
7.112844586372375488e-01
6.044359803199768066e-01
6.682252883911132812e-01
5.909390449523925781e-01
6.223909854888916016e-01
5.852731466293334961e-01
5.863461494445800781e-01
5.804407000541687012e-01
5.555640459060668945e-01
6.093717813491821289e-01
5.763311386108398438e-01
7.526216506958007812e-01
6.279858350753784180e-01
5.737112164497375488e-01
6.437377333641052246e-01
6.857567429542541504e-01
6.349936723709106445e-01
6.566995382308959961e-01
6.065344214439392090e-01
6.080864667892456055e-01
