6.852425932884216309e-01
6.891229748725891113e-01
6.817683577537536621e-01
6.776610612869262695e-01
7.010049223899841309e-01
6.861352920532226562e-01
6.875392198562622070e-01
6.639087796211242676e-01
7.101728320121765137e-01
7.250185608863830566e-01
6.953125000000000000e-01
6.877666711807250977e-01
6.916868090629577637e-01
6.952694058418273926e-01
6.937595605850219727e-01
6.967456340789794922e-01
6.871687769889831543e-01
7.007238268852233887e-01
6.917313337326049805e-01
7.038038969039916992e-01
7.000819444656372070e-01
7.005849480628967285e-01
6.892951130867004395e-01
6.938433647155761719e-01
6.944513320922851562e-01
6.903131604194641113e-01
6.900924444198608398e-01
6.990555524826049805e-01
6.950238943099975586e-01
6.821911334991455078e-01
6.944515705108642578e-01
6.938600540161132812e-01
6.918990612030029297e-01
6.964849829673767090e-01
6.881015300750732422e-01
6.928985118865966797e-01
6.934125423431396484e-01
6.836453676223754883e-01
7.028378248214721680e-01
6.942442655563354492e-01
6.906226873397827148e-01
6.897850036621093750e-01
6.979265809059143066e-01
6.954782009124755859e-01
6.978418827056884766e-01
6.948291659355163574e-01
6.999937295913696289e-01
6.941306591033935547e-01
7.009245157241821289e-01
7.082072496414184570e-01
7.156407237052917480e-01
6.974912881851196289e-01
6.934577822685241699e-01
6.886769533157348633e-01
6.902648806571960449e-01
6.899345517158508301e-01
6.910703778266906738e-01
6.846976876258850098e-01
7.147264480590820312e-01
7.120313644409179688e-01
7.096021771430969238e-01
7.089517712593078613e-01
6.805353164672851562e-01
7.016573548316955566e-01
6.974260807037353516e-01
6.936269402503967285e-01
6.973279714584350586e-01
6.953775882720947266e-01
6.969799995422363281e-01
6.839368343353271484e-01
6.928054094314575195e-01
6.935582160949707031e-01
6.972189545631408691e-01
6.937828063964843750e-01
6.869477033615112305e-01
6.953829526901245117e-01
6.987372636795043945e-01
6.879241466522216797e-01
6.924589276313781738e-01
6.961997747421264648e-01
7.112945318222045898e-01
6.996607780456542969e-01
7.029289603233337402e-01
6.991924643516540527e-01
7.005760073661804199e-01
6.881605386734008789e-01
7.040393352508544922e-01
6.891548633575439453e-01
6.943649649620056152e-01
6.882468461990356445e-01
7.065680027008056641e-01
6.947200298309326172e-01
6.822517514228820801e-01
7.009221315383911133e-01
6.974692344665527344e-01
6.945294141769409180e-01
6.864328384399414062e-01
6.944131851196289062e-01
6.869220733642578125e-01
6.961861848831176758e-01
6.908786892890930176e-01
6.998956203460693359e-01
6.921195983886718750e-01
6.952515244483947754e-01
6.973261833190917969e-01
6.952694654464721680e-01
6.881791353225708008e-01
6.919656395912170410e-01
6.872141361236572266e-01
6.888060569763183594e-01
6.926742196083068848e-01
6.957188844680786133e-01
6.954790949821472168e-01
6.740548610687255859e-01
6.860924959182739258e-01
7.077123522758483887e-01
6.892410516738891602e-01
7.031240463256835938e-01
6.888997554779052734e-01
6.948463320732116699e-01
6.834390759468078613e-01
6.927537322044372559e-01
6.944183707237243652e-01
6.971989870071411133e-01
6.944736838340759277e-01
6.929156184196472168e-01
6.941122412681579590e-01
6.973205208778381348e-01
6.920105218887329102e-01
6.965665817260742188e-01
6.910250186920166016e-01
6.975620388984680176e-01
6.898253560066223145e-01
6.946868300437927246e-01
6.915117502212524414e-01
6.934678554534912109e-01
6.922382712364196777e-01
6.902670860290527344e-01
6.847738027572631836e-01
6.867793202400207520e-01
7.049277424812316895e-01
7.251396179199218750e-01
7.104892730712890625e-01
6.798167228698730469e-01
6.973743438720703125e-01
6.922461986541748047e-01
6.938668489456176758e-01
7.000983953475952148e-01
6.989404559135437012e-01
6.863946914672851562e-01
7.086675763130187988e-01
6.882849335670471191e-01
6.985438466072082520e-01
6.867836117744445801e-01
7.013090848922729492e-01
6.868619322776794434e-01
6.932886242866516113e-01
6.909249424934387207e-01
6.860781908035278320e-01
6.892780065536499023e-01
6.927900314331054688e-01
6.897293329238891602e-01
6.898971796035766602e-01
7.124032974243164062e-01
6.992392539978027344e-01
6.859403252601623535e-01
6.923117041587829590e-01
6.913418769836425781e-01
6.891217827796936035e-01
7.070986032485961914e-01
6.930394768714904785e-01
6.895014047622680664e-01
6.870434880256652832e-01
6.864055991172790527e-01
6.849608421325683594e-01
7.118116021156311035e-01
7.105289697647094727e-01
7.153340578079223633e-01
6.795101165771484375e-01
6.900348067283630371e-01
7.040492296218872070e-01
6.987690925598144531e-01
6.894482374191284180e-01
6.886488795280456543e-01
6.936824917793273926e-01
7.006406784057617188e-01
6.863833665847778320e-01
6.908464431762695312e-01
7.075526714324951172e-01
6.980100870132446289e-01
6.827582120895385742e-01
6.887366771697998047e-01
6.823827624320983887e-01
6.928033232688903809e-01
6.992284059524536133e-01
7.139114737510681152e-01
6.929923892021179199e-01
6.907868981361389160e-01
6.797761917114257812e-01
6.948513984680175781e-01
6.910252571105957031e-01
6.883853077888488770e-01
6.956433653831481934e-01
6.931226849555969238e-01
6.889066696166992188e-01
6.931684017181396484e-01
6.883414387702941895e-01
6.847912669181823730e-01
6.972907185554504395e-01
6.984282732009887695e-01
6.817029714584350586e-01
7.262278795242309570e-01
6.904417276382446289e-01
6.915330886840820312e-01
6.997420787811279297e-01
6.815481781959533691e-01
6.945851445198059082e-01
6.921800971031188965e-01
6.858233809471130371e-01
6.999700665473937988e-01
6.907367110252380371e-01
6.887569427490234375e-01
6.935125589370727539e-01
6.927073001861572266e-01
6.865372061729431152e-01
6.982708573341369629e-01
6.986107826232910156e-01
6.920288205146789551e-01
6.838854551315307617e-01
6.925240755081176758e-01
6.944676637649536133e-01
6.739429831504821777e-01
6.949725747108459473e-01
6.901308894157409668e-01
6.953313946723937988e-01
7.031287550926208496e-01
6.870618462562561035e-01
6.802052259445190430e-01
6.907048225402832031e-01
6.944991946220397949e-01
6.864944696426391602e-01
6.903339028358459473e-01
6.930245161056518555e-01
6.845381259918212891e-01
6.911257505416870117e-01
6.871014833450317383e-01
6.834966540336608887e-01
7.007771134376525879e-01
6.966238021850585938e-01
6.784347295761108398e-01
6.813622117042541504e-01
6.943374872207641602e-01
7.030251622200012207e-01
7.023908495903015137e-01
7.080482244491577148e-01
6.956492066383361816e-01
6.728516221046447754e-01
7.094593644142150879e-01
6.908338069915771484e-01
6.845000386238098145e-01
7.674883008003234863e-01
6.937884092330932617e-01
7.069844603538513184e-01
6.822966933250427246e-01
7.050076723098754883e-01
6.943416595458984375e-01
6.978276968002319336e-01
6.964016556739807129e-01
6.992520689964294434e-01
6.954802274703979492e-01
6.968516707420349121e-01
6.793626546859741211e-01
7.002379894256591797e-01
6.916695833206176758e-01
6.941932439804077148e-01
7.009025812149047852e-01
6.915608644485473633e-01
6.947594881057739258e-01
6.865664124488830566e-01
6.909745335578918457e-01
7.027071118354797363e-01
7.038155794143676758e-01
6.962983608245849609e-01
6.841944456100463867e-01
7.432689666748046875e-01
7.016569972038269043e-01
6.830174922943115234e-01
7.040886282920837402e-01
6.865381598472595215e-01
6.984684467315673828e-01
6.926351785659790039e-01
7.043057680130004883e-01
6.862229108810424805e-01
6.894950866699218750e-01
6.871092319488525391e-01
7.104054093360900879e-01
6.983039379119873047e-01
7.033536434173583984e-01
7.008538842201232910e-01
6.885679960250854492e-01
6.896378397941589355e-01
6.872337460517883301e-01
6.919620633125305176e-01
6.976348757743835449e-01
6.939693093299865723e-01
6.971702575683593750e-01
6.822103857994079590e-01
6.958696842193603516e-01
6.812088489532470703e-01
7.112995982170104980e-01
6.917586922645568848e-01
6.891849637031555176e-01
6.998308300971984863e-01
6.897588968276977539e-01
6.928380727767944336e-01
6.877794265747070312e-01
7.120612859725952148e-01
6.801253557205200195e-01
6.988719701766967773e-01
6.869595050811767578e-01
7.019116878509521484e-01
6.952787041664123535e-01
6.925524473190307617e-01
6.930535435676574707e-01
6.997922658920288086e-01
6.897062659263610840e-01
6.880139112472534180e-01
6.876169443130493164e-01
6.958680748939514160e-01
6.969551444053649902e-01
6.876636743545532227e-01
6.874204874038696289e-01
6.921774744987487793e-01
6.824500560760498047e-01
6.884344816207885742e-01
7.045498490333557129e-01
6.841500997543334961e-01
6.938714385032653809e-01
6.888780593872070312e-01
6.984616518020629883e-01
6.908741593360900879e-01
7.068178653717041016e-01
6.849305033683776855e-01
6.948656439781188965e-01
6.853680014610290527e-01
6.786313056945800781e-01
6.823166012763977051e-01
7.015503048896789551e-01
6.897946596145629883e-01
6.820205450057983398e-01
6.966265439987182617e-01
6.936985850334167480e-01
6.835717558860778809e-01
6.826947927474975586e-01
7.027174830436706543e-01
6.754167079925537109e-01
6.846752166748046875e-01
6.909083127975463867e-01
6.863974332809448242e-01
6.876748800277709961e-01
6.954987645149230957e-01
6.793078184127807617e-01
6.779752969741821289e-01
6.946828365325927734e-01
6.834667325019836426e-01
7.149240970611572266e-01
7.054727077484130859e-01
6.783773899078369141e-01
6.982765793800354004e-01
6.986560821533203125e-01
6.923878788948059082e-01
6.763785481452941895e-01
6.902167797088623047e-01
6.861101984977722168e-01
7.060463428497314453e-01
6.685686111450195312e-01
6.837157607078552246e-01
6.980954408645629883e-01
6.683349609375000000e-01
6.863211393356323242e-01
6.828187108039855957e-01
7.026017904281616211e-01
6.944941282272338867e-01
6.968042254447937012e-01
6.947465538978576660e-01
6.827788949012756348e-01
6.933386921882629395e-01
6.935892701148986816e-01
6.875699162483215332e-01
6.877912878990173340e-01
6.965241432189941406e-01
6.784077286720275879e-01
6.668381094932556152e-01
6.990541815757751465e-01
6.996634006500244141e-01
7.020976543426513672e-01
6.944792270660400391e-01
7.098520398139953613e-01
7.177164554595947266e-01
6.926302313804626465e-01
6.881608963012695312e-01
6.899304389953613281e-01
6.894638538360595703e-01
6.882646083831787109e-01
7.080902457237243652e-01
7.193909883499145508e-01
6.725048422813415527e-01
6.770255565643310547e-01
6.889258623123168945e-01
6.790161728858947754e-01
6.776977777481079102e-01
6.953853964805603027e-01
6.893267631530761719e-01
6.685901284217834473e-01
6.582345366477966309e-01
7.052730917930603027e-01
6.667482256889343262e-01
7.015020847320556641e-01
6.841686964035034180e-01
7.263637185096740723e-01
6.848806738853454590e-01
7.087626457214355469e-01
6.921832561492919922e-01
6.734348535537719727e-01
6.732058525085449219e-01
6.516206860542297363e-01
7.093158364295959473e-01
6.953952908515930176e-01
7.366361618041992188e-01
6.848525404930114746e-01
6.859028339385986328e-01
7.057727575302124023e-01
6.893906593322753906e-01
7.021394371986389160e-01
6.983195543289184570e-01
6.780271530151367188e-01
7.179367542266845703e-01
6.914774179458618164e-01
6.969694495201110840e-01
6.886332631111145020e-01
6.924962997436523438e-01
6.860433816909790039e-01
6.903794407844543457e-01
7.007779479026794434e-01
6.920030713081359863e-01
6.905726790428161621e-01
6.849596500396728516e-01
6.940024495124816895e-01
6.905012130737304688e-01
6.963313221931457520e-01
6.880860328674316406e-01
6.845754981040954590e-01
6.799389719963073730e-01
6.881085038185119629e-01
7.010724544525146484e-01
6.777205467224121094e-01
6.843089461326599121e-01
7.079113721847534180e-01
6.887407302856445312e-01
6.954312324523925781e-01
6.847599744796752930e-01
6.809498667716979980e-01
6.816697120666503906e-01
7.418714165687561035e-01
6.797028183937072754e-01
6.975911855697631836e-01
7.092868089675903320e-01
6.742559671401977539e-01
7.272319197654724121e-01
7.164965867996215820e-01
6.778395175933837891e-01
7.042668461799621582e-01
6.795016527175903320e-01
6.890897154808044434e-01
6.836794018745422363e-01
6.973894238471984863e-01
6.974893808364868164e-01
6.865245103836059570e-01
6.818455457687377930e-01
6.903667449951171875e-01
6.826018095016479492e-01
6.768906712532043457e-01
6.942253708839416504e-01
6.901893019676208496e-01
6.902813911437988281e-01
6.844317317008972168e-01
6.862634420394897461e-01
6.899893283843994141e-01
6.954563260078430176e-01
6.841265559196472168e-01
6.773468255996704102e-01
6.650899052619934082e-01
6.991250514984130859e-01
6.966865062713623047e-01
6.970434188842773438e-01
6.848098039627075195e-01
6.728606224060058594e-01
6.924426555633544922e-01
6.918711662292480469e-01
6.807376742362976074e-01
7.052511572837829590e-01
6.991761326789855957e-01
6.873311400413513184e-01
6.985212564468383789e-01
6.939352750778198242e-01
7.087317705154418945e-01
6.963637471199035645e-01
6.847559809684753418e-01
6.913941502571105957e-01
6.873543262481689453e-01
6.848745942115783691e-01
7.006714344024658203e-01
6.950749754905700684e-01
6.827751398086547852e-01
6.666476726531982422e-01
6.770600080490112305e-01
6.871894598007202148e-01
6.773892641067504883e-01
6.673831343650817871e-01
6.856621503829956055e-01
6.765528321266174316e-01
6.858034133911132812e-01
6.794226765632629395e-01
7.028400897979736328e-01
7.117831707000732422e-01
6.975876092910766602e-01
6.896525621414184570e-01
6.883251070976257324e-01
7.044914364814758301e-01
6.917670369148254395e-01
6.838290691375732422e-01
6.904147863388061523e-01
7.055568695068359375e-01
6.759701967239379883e-01
6.784133315086364746e-01
6.922219991683959961e-01
6.866917610168457031e-01
6.696828603744506836e-01
7.046447992324829102e-01
6.963096261024475098e-01
6.934248208999633789e-01
6.998593807220458984e-01
6.764892339706420898e-01
6.764932870864868164e-01
7.063519358634948730e-01
6.893821358680725098e-01
6.820593476295471191e-01
7.125174403190612793e-01
6.817918419837951660e-01
6.788195967674255371e-01
6.794152259826660156e-01
6.838668584823608398e-01
6.871067285537719727e-01
6.696996688842773438e-01
6.720046401023864746e-01
6.778074502944946289e-01
7.039195895195007324e-01
7.174297571182250977e-01
6.762810349464416504e-01
6.758618354797363281e-01
6.936945915222167969e-01
7.108674049377441406e-01
6.790513992309570312e-01
6.997449398040771484e-01
7.166784405708312988e-01
6.903021931648254395e-01
6.861521601676940918e-01
6.964809894561767578e-01
7.255614399909973145e-01
6.864111423492431641e-01
6.821713447570800781e-01
7.018949389457702637e-01
6.853744387626647949e-01
6.744558811187744141e-01
6.873701214790344238e-01
6.805304884910583496e-01
7.027360200881958008e-01
6.894396543502807617e-01
6.924920678138732910e-01
6.424792408943176270e-01
6.931024789810180664e-01
7.047194838523864746e-01
6.691153645515441895e-01
6.711149215698242188e-01
6.939817667007446289e-01
6.741436123847961426e-01
7.002149224281311035e-01
6.689106822013854980e-01
6.900837421417236328e-01
6.819035410881042480e-01
6.738187670707702637e-01
6.863042116165161133e-01
6.634333729743957520e-01
6.954413056373596191e-01
6.778606176376342773e-01
6.648906469345092773e-01
6.697707176208496094e-01
7.134736180305480957e-01
6.954630613327026367e-01
6.987898945808410645e-01
6.718798875808715820e-01
6.699281930923461914e-01
6.862919330596923828e-01
6.856132745742797852e-01
6.909236311912536621e-01
7.069865465164184570e-01
6.907297372817993164e-01
6.723779439926147461e-01
7.039146423339843750e-01
6.912544965744018555e-01
6.821295619010925293e-01
6.965386867523193359e-01
6.707761883735656738e-01
6.626732349395751953e-01
6.958627104759216309e-01
7.135776281356811523e-01
7.316652536392211914e-01
7.024074196815490723e-01
7.039884328842163086e-01
6.819047927856445312e-01
6.906651258468627930e-01
6.644189357757568359e-01
6.870133876800537109e-01
6.842015981674194336e-01
6.906398534774780273e-01
6.924241781234741211e-01
6.802802085876464844e-01
6.835264563560485840e-01
6.799995899200439453e-01
6.750944256782531738e-01
6.755502820014953613e-01
6.734650731086730957e-01
6.905139684677124023e-01
6.670508384704589844e-01
6.892691254615783691e-01
6.930220127105712891e-01
6.786062717437744141e-01
6.641983389854431152e-01
6.844204664230346680e-01
6.839733719825744629e-01
6.773558259010314941e-01
6.954795718193054199e-01
6.688194274902343750e-01
7.050743103027343750e-01
7.243619561195373535e-01
6.877450346946716309e-01
6.726027727127075195e-01
6.674365401268005371e-01
6.856362223625183105e-01
6.822246313095092773e-01
7.014937400817871094e-01
7.232458591461181641e-01
6.926299333572387695e-01
6.645020246505737305e-01
6.727834939956665039e-01
7.199175357818603516e-01
6.650298237800598145e-01
6.900753378868103027e-01
6.869975328445434570e-01
6.807173490524291992e-01
7.065646648406982422e-01
6.732313632965087891e-01
6.606079339981079102e-01
6.744737029075622559e-01
7.077049016952514648e-01
6.690223217010498047e-01
6.985784769058227539e-01
7.080370783805847168e-01
6.987485885620117188e-01
6.718478202819824219e-01
6.869195103645324707e-01
7.045236229896545410e-01
6.703291535377502441e-01
6.950898766517639160e-01
6.726390719413757324e-01
6.858271956443786621e-01
7.057021856307983398e-01
7.009167075157165527e-01
7.111783623695373535e-01
7.072591185569763184e-01
6.947930455207824707e-01
6.929179430007934570e-01
6.733111143112182617e-01
6.767092943191528320e-01
6.830808520317077637e-01
6.730790138244628906e-01
6.716908812522888184e-01
6.919751167297363281e-01
7.032626867294311523e-01
6.901668310165405273e-01
6.767776608467102051e-01
6.905444264411926270e-01
6.741628050804138184e-01
6.925383806228637695e-01
7.013872265815734863e-01
6.658032536506652832e-01
6.824038624763488770e-01
7.236522436141967773e-01
6.722742319107055664e-01
6.917722225189208984e-01
6.940699815750122070e-01
6.861629486083984375e-01
6.790921688079833984e-01
7.022663950920104980e-01
6.683160066604614258e-01
6.745924949645996094e-01
7.193627953529357910e-01
6.989864706993103027e-01
6.577579379081726074e-01
7.056816220283508301e-01
6.712118983268737793e-01
6.573905944824218750e-01
6.734579801559448242e-01
6.913056373596191406e-01
6.817858219146728516e-01
6.568422317504882812e-01
6.992934942245483398e-01
7.253580093383789062e-01
6.677128672599792480e-01
6.902319192886352539e-01
7.177127599716186523e-01
7.036788463592529297e-01
6.988217830657958984e-01
6.879922747611999512e-01
7.229924798011779785e-01
7.199547290802001953e-01
6.895174980163574219e-01
6.507765054702758789e-01
6.821943521499633789e-01
6.692302227020263672e-01
6.940124630928039551e-01
6.723878979682922363e-01
6.903994083404541016e-01
6.797198653221130371e-01
6.879950761795043945e-01
6.685777902603149414e-01
6.771713495254516602e-01
6.848093867301940918e-01
6.729274988174438477e-01
7.040046453475952148e-01
6.886978745460510254e-01
6.680981516838073730e-01
7.054270505905151367e-01
6.961635351181030273e-01
7.136027216911315918e-01
6.953938007354736328e-01
6.793766021728515625e-01
6.719294786453247070e-01
7.140101194381713867e-01
6.743762493133544922e-01
6.878337860107421875e-01
6.820426583290100098e-01
6.854290962219238281e-01
7.067425847053527832e-01
6.868835091590881348e-01
6.709117293357849121e-01
6.598988175392150879e-01
6.871681213378906250e-01
6.650202274322509766e-01
6.962745189666748047e-01
6.914275288581848145e-01
7.094202041625976562e-01
6.628690361976623535e-01
6.592302322387695312e-01
6.791595816612243652e-01
6.645807027816772461e-01
6.711453795433044434e-01
6.984307169914245605e-01
6.722502708435058594e-01
6.634047627449035645e-01
6.818943023681640625e-01
6.793197393417358398e-01
7.062887549400329590e-01
6.597689986228942871e-01
7.042395472526550293e-01
6.744619011878967285e-01
6.826462149620056152e-01
6.472314596176147461e-01
6.579468846321105957e-01
6.896839141845703125e-01
6.913795471191406250e-01
6.534503102302551270e-01
6.994985342025756836e-01
6.806075572967529297e-01
6.668373346328735352e-01
7.285178899765014648e-01
7.225488424301147461e-01
6.808986663818359375e-01
6.999644637107849121e-01
7.079601287841796875e-01
6.752786040306091309e-01
6.591875553131103516e-01
6.915868520736694336e-01
6.721202731132507324e-01
6.738915443420410156e-01
6.890031099319458008e-01
6.973971128463745117e-01
6.536639332771301270e-01
6.814005970954895020e-01
6.586131453514099121e-01
7.028557658195495605e-01
6.546107530593872070e-01
6.791945099830627441e-01
6.915256381034851074e-01
6.617802381515502930e-01
6.842041015625000000e-01
7.114768624305725098e-01
7.063176631927490234e-01
6.856922507286071777e-01
7.131762504577636719e-01
7.141859531402587891e-01
6.497927904129028320e-01
6.967718601226806641e-01
7.223430275917053223e-01
6.518003940582275391e-01
6.991642713546752930e-01
6.720246672630310059e-01
6.841674447059631348e-01
7.086411118507385254e-01
6.744711399078369141e-01
6.719285249710083008e-01
6.737933158874511719e-01
6.720169782638549805e-01
6.809793114662170410e-01
6.646423935890197754e-01
6.676814556121826172e-01
6.686804890632629395e-01
6.715105772018432617e-01
6.860665082931518555e-01
7.190576791763305664e-01
6.756401062011718750e-01
6.525651812553405762e-01
7.026647925376892090e-01
6.856963634490966797e-01
6.865407824516296387e-01
6.797434091567993164e-01
6.873425841331481934e-01
7.146176099777221680e-01
6.616061925888061523e-01
6.679507493972778320e-01
6.810907125473022461e-01
6.849034428596496582e-01
6.678696870803833008e-01
6.828247904777526855e-01
6.688135862350463867e-01
6.676890850067138672e-01
7.147094011306762695e-01
6.868141889572143555e-01
6.967689990997314453e-01
7.021263837814331055e-01
6.543115377426147461e-01
6.786783933639526367e-01
6.788845658302307129e-01
6.913816928863525391e-01
6.992200016975402832e-01
6.932717561721801758e-01
6.984527111053466797e-01
7.049273252487182617e-01
6.865050792694091797e-01
6.779625415802001953e-01
7.001706361770629883e-01
7.024468183517456055e-01
6.902309656143188477e-01
6.568776369094848633e-01
6.715584397315979004e-01
6.849990487098693848e-01
6.826338768005371094e-01
6.627070307731628418e-01
6.964120268821716309e-01
6.787424087524414062e-01
6.828542351722717285e-01
6.719518899917602539e-01
6.711902618408203125e-01
6.849274039268493652e-01
6.626138687133789062e-01
6.583747863769531250e-01
7.068792581558227539e-01
6.982388496398925781e-01
6.786314249038696289e-01
6.657229065895080566e-01
6.693900823593139648e-01
6.964352130889892578e-01
6.514363288879394531e-01
6.477437019348144531e-01
7.014181613922119141e-01
6.442165970802307129e-01
6.870101690292358398e-01
7.042252421379089355e-01
6.748253107070922852e-01
6.906495690345764160e-01
6.564740538597106934e-01
6.620241403579711914e-01
6.979757547378540039e-01
6.293354630470275879e-01
6.853296756744384766e-01
6.747000217437744141e-01
6.791520118713378906e-01
6.749035120010375977e-01
7.135289311408996582e-01
7.477360963821411133e-01
6.822352409362792969e-01
6.815888881683349609e-01
6.486546993255615234e-01
6.670448780059814453e-01
6.860231757164001465e-01
7.249310016632080078e-01
6.790401339530944824e-01
6.778035759925842285e-01
6.954705119132995605e-01
7.071148157119750977e-01
6.595415472984313965e-01
6.714964509010314941e-01
7.008640766143798828e-01
6.658667922019958496e-01
6.867232918739318848e-01
6.742522716522216797e-01
6.958538293838500977e-01
6.707361936569213867e-01
6.858398914337158203e-01
7.203943729400634766e-01
6.844422817230224609e-01
6.995270252227783203e-01
6.792765259742736816e-01
6.674190759658813477e-01
6.857545375823974609e-01
6.638748645782470703e-01
6.583063602447509766e-01
6.422327160835266113e-01
6.716673970222473145e-01
6.744919419288635254e-01
6.674759387969970703e-01
6.913370490074157715e-01
7.085145115852355957e-01
6.929579377174377441e-01
6.802951693534851074e-01
6.666336655616760254e-01
6.994963884353637695e-01
6.721607446670532227e-01
6.749815344810485840e-01
6.872110962867736816e-01
6.880143880844116211e-01
6.971431374549865723e-01
6.604781150817871094e-01
7.043893337249755859e-01
7.038256525993347168e-01
6.716542840003967285e-01
6.737183928489685059e-01
6.802025437355041504e-01
6.587253808975219727e-01
6.752152442932128906e-01
6.706291437149047852e-01
6.745471954345703125e-01
6.838541030883789062e-01
6.935947537422180176e-01
6.876192688941955566e-01
6.502780914306640625e-01
6.795412898063659668e-01
7.102196812629699707e-01
6.948205232620239258e-01
7.009334564208984375e-01
7.165492773056030273e-01
6.758703589439392090e-01
6.947863101959228516e-01
6.786084771156311035e-01
6.684265136718750000e-01
6.832696795463562012e-01
6.627305746078491211e-01
6.542015075683593750e-01
6.482559442520141602e-01
6.913154721260070801e-01
6.520406603813171387e-01
6.775891780853271484e-01
7.163859009742736816e-01
6.504026651382446289e-01
6.819267868995666504e-01
6.887210607528686523e-01
6.606495976448059082e-01
6.413407921791076660e-01
6.712480783462524414e-01
7.036052346229553223e-01
6.328104734420776367e-01
6.612234711647033691e-01
6.718815565109252930e-01
6.780753731727600098e-01
7.013787627220153809e-01
6.408604979515075684e-01
6.365346908569335938e-01
6.982375383377075195e-01
6.417502164840698242e-01
6.704638004302978516e-01
6.755232214927673340e-01
6.527673006057739258e-01
6.664493083953857422e-01
6.799348592758178711e-01
6.571834683418273926e-01
7.000420093536376953e-01
6.006242632865905762e-01
6.661099195480346680e-01
6.666632294654846191e-01
6.486837267875671387e-01
6.556822061538696289e-01
6.951856613159179688e-01
7.028966546058654785e-01
6.587105989456176758e-01
6.381804943084716797e-01
6.569540500640869141e-01
6.689560413360595703e-01
6.803624629974365234e-01
6.889758706092834473e-01
6.537051200866699219e-01
7.756924629211425781e-01
6.512296199798583984e-01
6.766173839569091797e-01
6.948534846305847168e-01
6.648778319358825684e-01
7.044175863265991211e-01
6.867406964302062988e-01
6.844128370285034180e-01
6.900098323822021484e-01
6.848299503326416016e-01
6.954552531242370605e-01
6.769816279411315918e-01
7.027040123939514160e-01
6.721570491790771484e-01
7.053920626640319824e-01
6.475116610527038574e-01
6.831400394439697266e-01
7.073736786842346191e-01
6.715940237045288086e-01
6.663160324096679688e-01
6.807435750961303711e-01
6.979054212570190430e-01
6.883897781372070312e-01
6.866940259933471680e-01
6.896013617515563965e-01
7.093809247016906738e-01
6.872191429138183594e-01
6.399362087249755859e-01
6.687311530113220215e-01
6.621798276901245117e-01
6.518350839614868164e-01
6.831580400466918945e-01
7.245654463768005371e-01
6.879535913467407227e-01
6.628327965736389160e-01
6.815856695175170898e-01
6.555324196815490723e-01
6.297838687896728516e-01
7.013984918594360352e-01
6.623547077178955078e-01
6.837059259414672852e-01
6.987428665161132812e-01
6.607071161270141602e-01
6.699610352516174316e-01
6.774735450744628906e-01
6.626400947570800781e-01
6.259573698043823242e-01
6.597186923027038574e-01
6.965838670730590820e-01
6.614775657653808594e-01
6.420859694480895996e-01
6.532862186431884766e-01
6.915378570556640625e-01
6.832103729248046875e-01
6.988716125488281250e-01
6.789563298225402832e-01
6.608495712280273438e-01
7.106771469116210938e-01
6.503692865371704102e-01
6.724457144737243652e-01
6.572031974792480469e-01
6.809523701667785645e-01
6.705667376518249512e-01
6.916966438293457031e-01
6.409443020820617676e-01
6.773205995559692383e-01
6.686903238296508789e-01
6.728327870368957520e-01
6.981231570243835449e-01
6.496819257736206055e-01
6.557981371879577637e-01
7.017663121223449707e-01
6.602386236190795898e-01
6.655229330062866211e-01
6.824358701705932617e-01
7.056998610496520996e-01
6.814309954643249512e-01
6.750124096870422363e-01
6.524678468704223633e-01
6.505047082901000977e-01
6.693224906921386719e-01
6.099826097488403320e-01
6.713516116142272949e-01
6.681931614875793457e-01
6.863736510276794434e-01
6.324005722999572754e-01
6.546351909637451172e-01
6.638447642326354980e-01
6.104974746704101562e-01
7.533912658691406250e-01
7.028437852859497070e-01
6.535164117813110352e-01
6.226257085800170898e-01
7.133870124816894531e-01
7.436187267303466797e-01
6.305651664733886719e-01
6.142958998680114746e-01
6.604124307632446289e-01
6.996413469314575195e-01
6.257106661796569824e-01
6.656275987625122070e-01
6.593533754348754883e-01
6.227282285690307617e-01
7.001393437385559082e-01
6.995098590850830078e-01
6.292580962181091309e-01
6.955332159996032715e-01
6.421673297882080078e-01
6.539636254310607910e-01
6.619598865509033203e-01
6.783253550529479980e-01
6.805022954940795898e-01
6.914366483688354492e-01
7.325627207756042480e-01
6.481792926788330078e-01
6.560046672821044922e-01
6.426776647567749023e-01
6.599044203758239746e-01
7.187322378158569336e-01
6.826421618461608887e-01
6.705048084259033203e-01
7.175123691558837891e-01
6.490195393562316895e-01
6.383832693099975586e-01
6.776827573776245117e-01
6.448794007301330566e-01
6.457690596580505371e-01
6.775377392768859863e-01
6.839576959609985352e-01
6.827860474586486816e-01
6.714493632316589355e-01
6.714797616004943848e-01
7.020721435546875000e-01
6.719111204147338867e-01
7.014013528823852539e-01
6.394392848014831543e-01
6.597533822059631348e-01
6.730378270149230957e-01
6.452793478965759277e-01
6.512376666069030762e-01
6.845299005508422852e-01
6.684557199478149414e-01
6.463201642036437988e-01
6.713112592697143555e-01
6.659055948257446289e-01
6.269980669021606445e-01
7.084793448448181152e-01
6.743358373641967773e-01
6.464897394180297852e-01
6.857572197914123535e-01
6.145654916763305664e-01
6.972260475158691406e-01
6.788916587829589844e-01
6.465710401535034180e-01
6.550658345222473145e-01
6.396472454071044922e-01
6.717816591262817383e-01
6.732658147811889648e-01
6.159797310829162598e-01
6.483638286590576172e-01
6.977732181549072266e-01
6.185495853424072266e-01
6.825252771377563477e-01
6.232621073722839355e-01
6.659685373306274414e-01
6.859706640243530273e-01
6.857962608337402344e-01
7.071094512939453125e-01
6.929284334182739258e-01
6.658115983009338379e-01
6.711282134056091309e-01
6.915625929832458496e-01
6.664053797721862793e-01
6.638727188110351562e-01
6.698851585388183594e-01
6.751567721366882324e-01
6.400946378707885742e-01
7.102530002593994141e-01
6.542595028877258301e-01
6.865093111991882324e-01
6.661775112152099609e-01
6.294249296188354492e-01
7.010097503662109375e-01
6.514678597450256348e-01
6.617071032524108887e-01
6.795856952667236328e-01
6.666579246520996094e-01
6.968590021133422852e-01
6.479280591011047363e-01
6.643881797790527344e-01
6.434631347656250000e-01
6.580200791358947754e-01
6.345478296279907227e-01
6.704953312873840332e-01
6.790361404418945312e-01
6.292241811752319336e-01
6.371455788612365723e-01
6.437662839889526367e-01
6.220417618751525879e-01
6.527465581893920898e-01
6.554806232452392578e-01
6.188178658485412598e-01
6.458171606063842773e-01
6.804954409599304199e-01
6.172949671745300293e-01
6.333552598953247070e-01
6.979842185974121094e-01
6.045309901237487793e-01
6.376595497131347656e-01
6.512063145637512207e-01
6.424909234046936035e-01
6.595987677574157715e-01
6.952815055847167969e-01
6.723023653030395508e-01
6.438064575195312500e-01
6.120150089263916016e-01
5.933226346969604492e-01
6.183594465255737305e-01
5.569193959236145020e-01
5.986071825027465820e-01
6.772182583808898926e-01
6.692969799041748047e-01
6.316909193992614746e-01
7.072732448577880859e-01
5.817610025405883789e-01
7.232192754745483398e-01
6.463039517402648926e-01
6.636370420455932617e-01
6.354230642318725586e-01
6.379192471504211426e-01
6.187800765037536621e-01
6.890316605567932129e-01
6.668812036514282227e-01
5.896561145782470703e-01
6.416571736335754395e-01
6.756531000137329102e-01
6.071056127548217773e-01
6.743530631065368652e-01
6.980003118515014648e-01
6.338706612586975098e-01
6.506642103195190430e-01
6.338911056518554688e-01
6.645761132240295410e-01
6.367495656013488770e-01
6.179620027542114258e-01
6.542642712593078613e-01
6.217147111892700195e-01
5.949708223342895508e-01
7.166913747787475586e-01
5.937824845314025879e-01
6.236156821250915527e-01
6.271321773529052734e-01
6.468445062637329102e-01
6.427195072174072266e-01
6.463760733604431152e-01
6.479667425155639648e-01
6.211030483245849609e-01
7.196837067604064941e-01
6.056313514709472656e-01
6.961519122123718262e-01
6.681610345840454102e-01
7.024319767951965332e-01
6.484457254409790039e-01
6.436363458633422852e-01
6.792669892311096191e-01
6.018853187561035156e-01
6.186078190803527832e-01
6.346690058708190918e-01
6.115677356719970703e-01
6.299014091491699219e-01
6.095696687698364258e-01
6.547832489013671875e-01
6.609894633293151855e-01
6.219120025634765625e-01
5.801024436950683594e-01
6.494585871696472168e-01
5.628699064254760742e-01
6.082909107208251953e-01
5.753059387207031250e-01
6.633266806602478027e-01
6.130856275558471680e-01
6.113029122352600098e-01
6.160371303558349609e-01
6.731760501861572266e-01
6.114043593406677246e-01
6.320790052413940430e-01
6.768241524696350098e-01
5.959374308586120605e-01
5.177400708198547363e-01
5.901440978050231934e-01
6.059492230415344238e-01
5.999618768692016602e-01
5.919661521911621094e-01
7.101165056228637695e-01
5.597369670867919922e-01
6.379427909851074219e-01
5.820591449737548828e-01
6.181901097297668457e-01
6.849117875099182129e-01
6.310487389564514160e-01
6.765262484550476074e-01
6.639969944953918457e-01
6.715616583824157715e-01
6.887606382369995117e-01
6.492574810981750488e-01
7.211849093437194824e-01
6.132829189300537109e-01
6.959428787231445312e-01
6.145325899124145508e-01
5.902618765830993652e-01
6.414563059806823730e-01
6.724478602409362793e-01
6.146968007087707520e-01
6.690871715545654297e-01
6.714826822280883789e-01
5.825153589248657227e-01
6.312766075134277344e-01
6.247355341911315918e-01
6.401393413543701172e-01
6.189147830009460449e-01
6.441771984100341797e-01
6.087672114372253418e-01
6.945171952247619629e-01
6.647363901138305664e-01
6.399342417716979980e-01
5.866221189498901367e-01
5.592671632766723633e-01
5.926936268806457520e-01
5.706543922424316406e-01
5.645290017127990723e-01
5.432599186897277832e-01
5.522242188453674316e-01
5.646750330924987793e-01
5.994363427162170410e-01
5.718789100646972656e-01
5.282044410705566406e-01
6.012132167816162109e-01
6.463568210601806641e-01
5.885789990425109863e-01
5.932487249374389648e-01
5.693407058715820312e-01
6.234817504882812500e-01
5.425151586532592773e-01
6.170496344566345215e-01
6.605501174926757812e-01
5.345093011856079102e-01
6.082778573036193848e-01
4.821972548961639404e-01
5.306910872459411621e-01
5.272458791732788086e-01
5.714696049690246582e-01
6.318636536598205566e-01
5.102763772010803223e-01
4.558280706405639648e-01
7.424440979957580566e-01
5.366569757461547852e-01
5.027099251747131348e-01
6.212825179100036621e-01
5.930152535438537598e-01
5.218935012817382812e-01
5.523412227630615234e-01
5.179883837699890137e-01
5.810862779617309570e-01
5.529536604881286621e-01
5.067694783210754395e-01
6.035269498825073242e-01
6.525038480758666992e-01
5.820379853248596191e-01
6.524217128753662109e-01
5.242683887481689453e-01
5.451657176017761230e-01
5.459771156311035156e-01
5.587825179100036621e-01
5.933845639228820801e-01
5.916061401367187500e-01
6.130434274673461914e-01
5.727701783180236816e-01
5.603817701339721680e-01
5.263960957527160645e-01
6.487683057785034180e-01
5.522977113723754883e-01
5.454002618789672852e-01
5.036360025405883789e-01
4.979248940944671631e-01
5.059961676597595215e-01
4.962831139564514160e-01
5.200723409652709961e-01
5.494462251663208008e-01
4.472398459911346436e-01
4.754717350006103516e-01
5.133546590805053711e-01
4.971246123313903809e-01
5.770993828773498535e-01
5.287500023841857910e-01
4.981813132762908936e-01
4.826426506042480469e-01
5.494164228439331055e-01
5.319396853446960449e-01
4.414263367652893066e-01
5.015707612037658691e-01
5.063830018043518066e-01
4.940198361873626709e-01
3.755088448524475098e-01
4.666221737861633301e-01
4.307698011398315430e-01
4.541046917438507080e-01
4.299496710300445557e-01
5.607676506042480469e-01
4.322032630443572998e-01
4.833819866180419922e-01
4.847322702407836914e-01
5.285567045211791992e-01
5.563653707504272461e-01
4.887089431285858154e-01
5.061950087547302246e-01
3.691637814044952393e-01
3.922439217567443848e-01
4.786453843116760254e-01
4.679981470108032227e-01
4.407956302165985107e-01
4.827844202518463135e-01
5.404868721961975098e-01
4.710222780704498291e-01
4.714428782463073730e-01
3.910741508007049561e-01
4.511232674121856689e-01
4.119718372821807861e-01
4.521364569664001465e-01
4.541001021862030029e-01
3.943583369255065918e-01
4.173784852027893066e-01
4.781234562397003174e-01
5.550033450126647949e-01
4.444947540760040283e-01
4.297468960285186768e-01
4.132623970508575439e-01
4.742410778999328613e-01
3.767356276512145996e-01
5.747001171112060547e-01
3.749317228794097900e-01
