6.865924596786499023e-01
7.075084447860717773e-01
6.918633580207824707e-01
7.004511952400207520e-01
6.972866058349609375e-01
6.935674548149108887e-01
6.946781873703002930e-01
6.878144145011901855e-01
6.863524913787841797e-01
6.786109209060668945e-01
7.128066420555114746e-01
7.070599794387817383e-01
7.176672816276550293e-01
7.125144004821777344e-01
6.898555755615234375e-01
6.865133643150329590e-01
6.896734237670898438e-01
7.009185552597045898e-01
6.955020427703857422e-01
6.943163275718688965e-01
6.959508061408996582e-01
6.983499526977539062e-01
6.919358968734741211e-01
6.888107657432556152e-01
6.905575394630432129e-01
6.967197656631469727e-01
6.960290670394897461e-01
6.938481330871582031e-01
6.925055384635925293e-01
7.046568989753723145e-01
7.066570520401000977e-01
6.807096004486083984e-01
7.065039277076721191e-01
6.875033378601074219e-01
6.874756217002868652e-01
6.886625885963439941e-01
6.985715627670288086e-01
6.921736001968383789e-01
6.899127364158630371e-01
6.903102993965148926e-01
6.945360898971557617e-01
6.758543252944946289e-01
7.058184146881103516e-01
6.954252123832702637e-01
7.083964943885803223e-01
7.163109779357910156e-01
6.987504959106445312e-01
6.956877708435058594e-01
7.063260078430175781e-01
6.909397840499877930e-01
6.990615725517272949e-01
6.913971304893493652e-01
6.925029754638671875e-01
6.921453475952148438e-01
6.893375515937805176e-01
6.907892823219299316e-01
6.957848668098449707e-01
6.884152889251708984e-01
6.940411925315856934e-01
6.956219077110290527e-01
6.869766712188720703e-01
6.952877640724182129e-01
6.930627226829528809e-01
6.946077346801757812e-01
6.974969506263732910e-01
6.891118288040161133e-01
6.924982666969299316e-01
6.939066052436828613e-01
6.940681934356689453e-01
6.928684711456298828e-01
6.971080899238586426e-01
6.931105256080627441e-01
6.931313276290893555e-01
6.910272240638732910e-01
6.894900798797607422e-01
6.883067488670349121e-01
6.907962560653686523e-01
6.897697448730468750e-01
6.861656308174133301e-01
6.971363425254821777e-01
6.944843530654907227e-01
6.917563080787658691e-01
7.058206200599670410e-01
7.053033709526062012e-01
6.898754239082336426e-01
7.084756493568420410e-01
6.917877793312072754e-01
6.937828660011291504e-01
6.877155303955078125e-01
6.949491500854492188e-01
6.942301988601684570e-01
6.929627656936645508e-01
6.965595483779907227e-01
6.938782930374145508e-01
6.947561502456665039e-01
6.925103664398193359e-01
6.926892399787902832e-01
6.924812793731689453e-01
6.920989155769348145e-01
6.948941946029663086e-01
6.912184953689575195e-01
6.943272948265075684e-01
6.945027709007263184e-01
6.940991878509521484e-01
6.945967674255371094e-01
6.957699060440063477e-01
6.929545402526855469e-01
6.906118392944335938e-01
6.916295886039733887e-01
6.949957013130187988e-01
6.949339509010314941e-01
7.005967497825622559e-01
6.926886439323425293e-01
6.932374835014343262e-01
6.970245242118835449e-01
6.976651549339294434e-01
6.924759745597839355e-01
6.929930448532104492e-01
6.907148957252502441e-01
6.879390478134155273e-01
6.873276233673095703e-01
7.002429962158203125e-01
6.797299981117248535e-01
6.995403766632080078e-01
7.006074190139770508e-01
7.058641910552978516e-01
7.038228511810302734e-01
7.012097835540771484e-01
6.829268932342529297e-01
6.968593001365661621e-01
7.035107612609863281e-01
7.023960947990417480e-01
6.911828517913818359e-01
6.928222775459289551e-01
6.924009919166564941e-01
6.925798058509826660e-01
6.903808116912841797e-01
6.913907527923583984e-01
6.966876387596130371e-01
6.936035752296447754e-01
6.944078803062438965e-01
6.910089850425720215e-01
6.992426514625549316e-01
6.954457759857177734e-01
6.925459504127502441e-01
6.967363357543945312e-01
6.940787434577941895e-01
6.957572698593139648e-01
6.967507004737854004e-01
6.894726753234863281e-01
6.944689154624938965e-01
6.948199868202209473e-01
6.900051236152648926e-01
6.967820525169372559e-01
6.930904388427734375e-01
6.915372610092163086e-01
6.936545372009277344e-01
6.941268444061279297e-01
6.948336362838745117e-01
6.960337162017822266e-01
6.888670921325683594e-01
6.925116777420043945e-01
6.934783458709716797e-01
6.931118965148925781e-01
6.954904198646545410e-01
6.935659050941467285e-01
6.935260891914367676e-01
6.929521560668945312e-01
6.908656954765319824e-01
6.933194994926452637e-01
6.923567652702331543e-01
6.934874057769775391e-01
6.879332065582275391e-01
6.950724720954895020e-01
6.786980628967285156e-01
6.769751310348510742e-01
6.839079260826110840e-01
7.116956710815429688e-01
7.189297676086425781e-01
7.088320255279541016e-01
6.962227821350097656e-01
6.943281888961791992e-01
6.968112587928771973e-01
6.894467473030090332e-01
6.923204064369201660e-01
6.931087374687194824e-01
6.962255239486694336e-01
6.939560174942016602e-01
6.988960504531860352e-01
6.873353123664855957e-01
6.912972331047058105e-01
6.988433003425598145e-01
6.947568655014038086e-01
6.966687440872192383e-01
6.940240859985351562e-01
6.919540166854858398e-01
6.980511546134948730e-01
6.942874789237976074e-01
6.923724412918090820e-01
6.911729574203491211e-01
6.947276592254638672e-01
7.004358172416687012e-01
6.893427371978759766e-01
6.921325325965881348e-01
6.910845637321472168e-01
6.953050494194030762e-01
6.908769011497497559e-01
6.909335851669311523e-01
6.977440118789672852e-01
6.956512331962585449e-01
6.925573348999023438e-01
6.919496655464172363e-01
6.820366978645324707e-01
7.042911052703857422e-01
7.056409120559692383e-01
7.006430625915527344e-01
6.909341812133789062e-01
6.763988137245178223e-01
6.973186731338500977e-01
7.054876685142517090e-01
6.898909807205200195e-01
7.050663232803344727e-01
6.915334463119506836e-01
6.960101127624511719e-01
6.936904788017272949e-01
6.786401271820068359e-01
7.039183378219604492e-01
6.858400702476501465e-01
6.853208541870117188e-01
6.947278976440429688e-01
6.897897720336914062e-01
7.471431493759155273e-01
6.866351366043090820e-01
7.016327381134033203e-01
6.966780424118041992e-01
6.932286024093627930e-01
7.002024054527282715e-01
6.948033571243286133e-01
6.867347955703735352e-01
6.955312490463256836e-01
6.966870427131652832e-01
7.062086462974548340e-01
6.949807405471801758e-01
6.861779689788818359e-01
6.898378729820251465e-01
7.143753767013549805e-01
6.908922791481018066e-01
6.829137206077575684e-01
7.015099525451660156e-01
6.899244785308837891e-01
6.950217485427856445e-01
6.929236650466918945e-01
6.899721622467041016e-01
6.951743364334106445e-01
6.944887638092041016e-01
6.907406449317932129e-01
6.931878924369812012e-01
6.937353610992431641e-01
6.862533688545227051e-01
7.017624378204345703e-01
6.870936155319213867e-01
6.954008340835571289e-01
6.948269605636596680e-01
6.959328651428222656e-01
6.813543438911437988e-01
6.998980045318603516e-01
6.974941492080688477e-01
6.928583979606628418e-01
6.935679912567138672e-01
6.899490356445312500e-01
6.953982114791870117e-01
6.902456879615783691e-01
6.928871870040893555e-01
6.906768083572387695e-01
6.918742060661315918e-01
6.927083730697631836e-01
6.902117729187011719e-01
6.903109550476074219e-01
6.899520158767700195e-01
6.961572170257568359e-01
6.902336478233337402e-01
7.024939656257629395e-01
6.920566558837890625e-01
6.948435306549072266e-01
6.948031187057495117e-01
6.919329166412353516e-01
6.868829727172851562e-01
6.894786953926086426e-01
6.804582476615905762e-01
6.808711886405944824e-01
6.728141307830810547e-01
7.445777058601379395e-01
6.862663030624389648e-01
7.104971408843994141e-01
6.905473470687866211e-01
7.075068950653076172e-01
7.120922207832336426e-01
6.854046583175659180e-01
6.947268247604370117e-01
6.906270384788513184e-01
6.887007951736450195e-01
6.905555725097656250e-01
6.880235671997070312e-01
6.881322860717773438e-01
6.910951137542724609e-01
6.891207695007324219e-01
6.968250274658203125e-01
6.890915036201477051e-01
6.887587904930114746e-01
6.916610598564147949e-01
6.849308609962463379e-01
6.889018416404724121e-01
6.854867339134216309e-01
6.875545382499694824e-01
6.982041001319885254e-01
6.970689296722412109e-01
7.090084552764892578e-01
6.998004317283630371e-01
6.947674751281738281e-01
7.003237009048461914e-01
7.008240222930908203e-01
6.977599859237670898e-01
6.958129405975341797e-01
6.953873634338378906e-01
6.838442683219909668e-01
6.926151514053344727e-01
6.820240020751953125e-01
6.819531917572021484e-01
6.989480853080749512e-01
6.937867999076843262e-01
7.076779603958129883e-01
6.992579698562622070e-01
6.923347115516662598e-01
7.048540115356445312e-01
6.848358511924743652e-01
6.938198208808898926e-01
6.798946261405944824e-01
6.956745386123657227e-01
6.907839179039001465e-01
6.886207461357116699e-01
6.936275959014892578e-01
6.972368955612182617e-01
6.956620216369628906e-01
6.894279718399047852e-01
6.978262662887573242e-01
6.814579367637634277e-01
6.940110921859741211e-01
6.939516663551330566e-01
6.862031817436218262e-01
6.815637350082397461e-01
6.836846470832824707e-01
6.934276223182678223e-01
6.905357837677001953e-01
6.905447840690612793e-01
6.890726685523986816e-01
6.952503919601440430e-01
6.807869076728820801e-01
6.920194625854492188e-01
6.932410597801208496e-01
6.978192925453186035e-01
6.994862556457519531e-01
6.878616213798522949e-01
6.945022940635681152e-01
7.008585333824157715e-01
6.892899274826049805e-01
6.983393430709838867e-01
6.995104551315307617e-01
6.916198730468750000e-01
6.830254793167114258e-01
6.839609146118164062e-01
6.877195835113525391e-01
6.794254779815673828e-01
6.867852807044982910e-01
7.019680738449096680e-01
6.943292617797851562e-01
6.858534216880798340e-01
6.908886432647705078e-01
6.924432516098022461e-01
6.949927806854248047e-01
6.962713599205017090e-01
7.020542025566101074e-01
6.891566514968872070e-01
6.933283209800720215e-01
6.900138854980468750e-01
6.962918639183044434e-01
6.917139291763305664e-01
6.927236914634704590e-01
6.913707256317138672e-01
6.913120150566101074e-01
6.806922554969787598e-01
6.904733777046203613e-01
6.999980211257934570e-01
7.091897726058959961e-01
7.109916806221008301e-01
6.915804147720336914e-01
7.000707983970642090e-01
6.897561550140380859e-01
6.832896471023559570e-01
6.858094930648803711e-01
7.214732766151428223e-01
6.849790811538696289e-01
6.953476071357727051e-01
7.016269564628601074e-01
7.012255191802978516e-01
6.849317550659179688e-01
6.822276115417480469e-01
6.937047839164733887e-01
6.927918195724487305e-01
6.978679299354553223e-01
7.047265172004699707e-01
6.811471581459045410e-01
6.892527341842651367e-01
6.937001943588256836e-01
6.952298283576965332e-01
6.954355239868164062e-01
6.909625530242919922e-01
6.932967901229858398e-01
6.847977042198181152e-01
6.953637599945068359e-01
6.825792789459228516e-01
6.895103454589843750e-01
6.889752745628356934e-01
6.885499358177185059e-01
6.831638216972351074e-01
6.877175569534301758e-01
7.096898555755615234e-01
7.085868120193481445e-01
6.863125562667846680e-01
7.004438638687133789e-01
7.013998031616210938e-01
6.741365194320678711e-01
6.874765157699584961e-01
6.905136108398437500e-01
6.755174994468688965e-01
6.892012357711791992e-01
6.856853365898132324e-01
6.884463429450988770e-01
6.938924789428710938e-01
6.889426708221435547e-01
6.891494393348693848e-01
6.806945204734802246e-01
6.907413005828857422e-01
6.915848851203918457e-01
6.936117410659790039e-01
6.856034994125366211e-01
7.307945489883422852e-01
7.057254910469055176e-01
6.882105469703674316e-01
6.881672739982604980e-01
6.966705322265625000e-01
6.856536269187927246e-01
6.720452308654785156e-01
6.940197944641113281e-01
6.984229087829589844e-01
6.928800344467163086e-01
6.973986625671386719e-01
7.035215497016906738e-01
6.813940405845642090e-01
6.874077320098876953e-01
7.104855179786682129e-01
6.971123814582824707e-01
6.883136034011840820e-01
7.233661413192749023e-01
6.903706192970275879e-01
6.958818435668945312e-01
6.868919134140014648e-01
6.677970886230468750e-01
6.773151159286499023e-01
6.933239102363586426e-01
6.862525939941406250e-01
6.862155795097351074e-01
6.770210862159729004e-01
6.945737600326538086e-01
6.761431694030761719e-01
6.831813454627990723e-01
6.969220638275146484e-01
6.852191686630249023e-01
6.948361992835998535e-01
6.882486939430236816e-01
6.912273764610290527e-01
6.880752444267272949e-01
7.220377922058105469e-01
6.849491000175476074e-01
6.761232018470764160e-01
6.846337914466857910e-01
6.756521463394165039e-01
6.848239898681640625e-01
7.066291570663452148e-01
6.899104118347167969e-01
6.759307384490966797e-01
6.875891685485839844e-01
6.896767020225524902e-01
6.972352266311645508e-01
6.782228946685791016e-01
6.765580177307128906e-01
7.221818566322326660e-01
6.520183086395263672e-01
6.931010484695434570e-01
7.045886516571044922e-01
7.054291963577270508e-01
6.721730828285217285e-01
7.053909301757812500e-01
6.942028999328613281e-01
6.854082942008972168e-01
6.913318037986755371e-01
6.859611272811889648e-01
6.906775236129760742e-01
6.813932657241821289e-01
6.758367419242858887e-01
6.847097277641296387e-01
6.973099708557128906e-01
6.899465918540954590e-01
7.018053531646728516e-01
6.937401890754699707e-01
6.866816878318786621e-01
6.848643422126770020e-01
7.036243081092834473e-01
6.683009862899780273e-01
6.791283488273620605e-01
6.718597412109375000e-01
6.607589721679687500e-01
7.295928597450256348e-01
6.794633865356445312e-01
6.768734455108642578e-01
6.746624112129211426e-01
6.629018187522888184e-01
7.131439447402954102e-01
6.681546568870544434e-01
6.932543516159057617e-01
6.859499812126159668e-01
6.888351440429687500e-01
6.857443451881408691e-01
7.173914909362792969e-01
6.849279403686523438e-01
6.679325103759765625e-01
7.191517949104309082e-01
7.261973619461059570e-01
6.912528276443481445e-01
6.639667749404907227e-01
6.917297840118408203e-01
6.896029114723205566e-01
6.559838056564331055e-01
6.845844388008117676e-01
7.019078135490417480e-01
7.020692825317382812e-01
6.884081959724426270e-01
7.159547805786132812e-01
6.861231327056884766e-01
6.935938596725463867e-01
6.769467592239379883e-01
6.617157459259033203e-01
6.948861479759216309e-01
6.924673914909362793e-01
6.855574846267700195e-01
6.656188964843750000e-01
7.025648951530456543e-01
6.826968193054199219e-01
7.015700936317443848e-01
6.698198318481445312e-01
6.880196332931518555e-01
7.000956535339355469e-01
6.822502017021179199e-01
7.330587506294250488e-01
6.911695003509521484e-01
7.190057635307312012e-01
6.866595149040222168e-01
7.162265777587890625e-01
6.996257901191711426e-01
6.876021623611450195e-01
6.935388445854187012e-01
6.823056340217590332e-01
6.906494498252868652e-01
6.994323730468750000e-01
6.912030577659606934e-01
6.704697608947753906e-01
6.783431172370910645e-01
6.999962925910949707e-01
7.033746838569641113e-01
7.135010361671447754e-01
7.304253578186035156e-01
6.890144348144531250e-01
6.783528327941894531e-01
6.895025372505187988e-01
6.893665790557861328e-01
6.906707882881164551e-01
6.870025992393493652e-01
6.879687309265136719e-01
6.790398955345153809e-01
6.813220977783203125e-01
7.004483938217163086e-01
6.767387390136718750e-01
7.055906653404235840e-01
6.729907393455505371e-01
7.089851498603820801e-01
6.934151053428649902e-01
6.936982870101928711e-01
6.778123974800109863e-01
6.904236674308776855e-01
6.948959231376647949e-01
6.730281114578247070e-01
6.814771294593811035e-01
6.880018115043640137e-01
7.094085812568664551e-01
7.054906487464904785e-01
6.853652596473693848e-01
6.938191652297973633e-01
6.745501756668090820e-01
6.880555748939514160e-01
6.919398307800292969e-01
6.838712692260742188e-01
6.932793855667114258e-01
6.934431791305541992e-01
6.812632083892822266e-01
6.935954689979553223e-01
6.733769774436950684e-01
6.687688231468200684e-01
6.901504993438720703e-01
6.762547492980957031e-01
6.997752785682678223e-01
6.914150714874267578e-01
6.880541443824768066e-01
6.829630732536315918e-01
6.775526404380798340e-01
6.954598426818847656e-01
6.809704303741455078e-01
6.843854188919067383e-01
6.991029977798461914e-01
6.970087289810180664e-01
6.988698840141296387e-01
6.922862529754638672e-01
6.707494258880615234e-01
6.849628090858459473e-01
7.097901105880737305e-01
7.136955261230468750e-01
6.902590990066528320e-01
6.715574860572814941e-01
6.969119310379028320e-01
6.952480673789978027e-01
6.822347640991210938e-01
6.920406818389892578e-01
6.901861429214477539e-01
6.931388974189758301e-01
6.756167411804199219e-01
6.752292513847351074e-01
6.892555952072143555e-01
7.047254443168640137e-01
7.011322975158691406e-01
6.954573988914489746e-01
7.163478732109069824e-01
7.098597288131713867e-01
6.811946630477905273e-01
6.800254583358764648e-01
6.985048651695251465e-01
6.839353442192077637e-01
6.789994835853576660e-01
6.970772743225097656e-01
6.869565844535827637e-01
6.864381432533264160e-01
6.946475505828857422e-01
6.780099272727966309e-01
6.958286762237548828e-01
6.876683831214904785e-01
6.862218976020812988e-01
6.806825399398803711e-01
6.938174366950988770e-01
6.798558235168457031e-01
6.714845895767211914e-01
7.009032368659973145e-01
6.937085986137390137e-01
6.867255568504333496e-01
6.742458343505859375e-01
6.974579095840454102e-01
6.909816265106201172e-01
6.883475780487060547e-01
7.006277441978454590e-01
6.982367038726806641e-01
6.719224452972412109e-01
6.856222748756408691e-01
6.984569430351257324e-01
6.751372814178466797e-01
6.913214921951293945e-01
6.766970157623291016e-01
6.753993630409240723e-01
6.892853379249572754e-01
6.577566266059875488e-01
6.911758780479431152e-01
7.005504369735717773e-01
6.831958293914794922e-01
6.751130819320678711e-01
7.195840477943420410e-01
6.695059537887573242e-01
6.516228914260864258e-01
6.903116703033447266e-01
6.666144132614135742e-01
6.844092011451721191e-01
7.016860246658325195e-01
6.826011538505554199e-01
6.827538013458251953e-01
6.824240088462829590e-01
6.962486505508422852e-01
7.125335931777954102e-01
6.744724512100219727e-01
7.165082693099975586e-01
6.762647628784179688e-01
6.972485184669494629e-01
6.839295029640197754e-01
6.708589792251586914e-01
6.880149245262145996e-01
6.809024214744567871e-01
7.219256162643432617e-01
6.968047618865966797e-01
6.221637129783630371e-01
7.047625780105590820e-01
6.768743395805358887e-01
7.154092788696289062e-01
7.099501490592956543e-01
7.072235941886901855e-01
6.973935365676879883e-01
6.958542466163635254e-01
6.728941202163696289e-01
6.950743198394775391e-01
6.986564993858337402e-01
6.953374743461608887e-01
7.164497971534729004e-01
6.885979771614074707e-01
6.868582963943481445e-01
6.950725317001342773e-01
7.095463275909423828e-01
6.790670156478881836e-01
6.871443390846252441e-01
6.786376833915710449e-01
6.959977149963378906e-01
6.927487254142761230e-01
6.913095116615295410e-01
6.556500196456909180e-01
6.799032688140869141e-01
6.831163763999938965e-01
7.024383544921875000e-01
6.855108737945556641e-01
6.869307756423950195e-01
6.873668432235717773e-01
6.719585657119750977e-01
6.854841113090515137e-01
7.062621116638183594e-01
7.001152634620666504e-01
6.861590147018432617e-01
6.918501257896423340e-01
6.901584863662719727e-01
6.888608336448669434e-01
6.721434593200683594e-01
6.934967041015625000e-01
6.753370761871337891e-01
6.760860681533813477e-01
6.742346882820129395e-01
6.740690469741821289e-01
6.682083010673522949e-01
6.609426140785217285e-01
6.721716523170471191e-01
6.776702404022216797e-01
7.122105360031127930e-01
6.914937496185302734e-01
6.759392023086547852e-01
6.524631381034851074e-01
6.927515864372253418e-01
6.749505400657653809e-01
6.777732372283935547e-01
6.962180137634277344e-01
6.778761148452758789e-01
6.919705271720886230e-01
6.842985153198242188e-01
7.085547447204589844e-01
7.188018560409545898e-01
6.559312939643859863e-01
6.800297498703002930e-01
6.927266716957092285e-01
6.632366776466369629e-01
6.757292747497558594e-01
7.009888291358947754e-01
6.806176304817199707e-01
7.118033766746520996e-01
6.626050472259521484e-01
6.765934824943542480e-01
7.014192342758178711e-01
6.589211821556091309e-01
6.811681985855102539e-01
6.831403374671936035e-01
6.746885776519775391e-01
6.823112368583679199e-01
6.379585862159729004e-01
6.677946448326110840e-01
6.803373098373413086e-01
6.660591363906860352e-01
6.734682917594909668e-01
6.809538006782531738e-01
7.018027305603027344e-01
7.239897251129150391e-01
6.798349618911743164e-01
6.959708333015441895e-01
6.835145354270935059e-01
7.503932714462280273e-01
7.059165835380554199e-01
7.216798067092895508e-01
6.795334815979003906e-01
6.991068124771118164e-01
6.871238350868225098e-01
6.811830401420593262e-01
7.010815143585205078e-01
6.720354557037353516e-01
6.935604214668273926e-01
7.003965973854064941e-01
6.833658218383789062e-01
6.771926879882812500e-01
7.043112516403198242e-01
6.604040861129760742e-01
7.113945484161376953e-01
6.949201226234436035e-01
7.178440093994140625e-01
6.574495434761047363e-01
7.345522046089172363e-01
6.891363859176635742e-01
6.877535581588745117e-01
6.749710440635681152e-01
6.746595501899719238e-01
6.793690919876098633e-01
6.860834360122680664e-01
6.919165849685668945e-01
6.923938989639282227e-01
6.736876964569091797e-01
6.833740472793579102e-01
6.814148426055908203e-01
6.916983723640441895e-01
7.204740047454833984e-01
6.774048805236816406e-01
6.918976306915283203e-01
6.938703060150146484e-01
6.715168356895446777e-01
6.778090596199035645e-01
6.708360910415649414e-01
6.646146774291992188e-01
6.512029170989990234e-01
6.789728999137878418e-01
6.782925128936767578e-01
6.769382953643798828e-01
7.280766367912292480e-01
6.433511972427368164e-01
6.978601217269897461e-01
6.785691380500793457e-01
6.667671799659729004e-01
6.863436698913574219e-01
6.950947642326354980e-01
7.027367353439331055e-01
6.905400156974792480e-01
6.843500137329101562e-01
6.968308091163635254e-01
6.987657546997070312e-01
6.737598180770874023e-01
6.819653511047363281e-01
6.835848093032836914e-01
6.920025944709777832e-01
6.678223013877868652e-01
6.951647996902465820e-01
6.862171888351440430e-01
6.777796149253845215e-01
6.506755948066711426e-01
6.868048906326293945e-01
6.607830524444580078e-01
6.978083252906799316e-01
7.384706735610961914e-01
6.925645470619201660e-01
6.754517555236816406e-01
6.792573332786560059e-01
6.930736899375915527e-01
6.930323243141174316e-01
6.769274473190307617e-01
6.859344840049743652e-01
7.038718461990356445e-01
6.976158618927001953e-01
7.154543399810791016e-01
7.021464705467224121e-01
6.901588439941406250e-01
6.732336282730102539e-01
6.913104653358459473e-01
6.962851881980895996e-01
7.004688978195190430e-01
7.013049721717834473e-01
6.911543011665344238e-01
6.987559795379638672e-01
6.691193580627441406e-01
6.542070508003234863e-01
6.720069646835327148e-01
6.940219402313232422e-01
6.804703474044799805e-01
6.827523112297058105e-01
6.791406273841857910e-01
6.957183480262756348e-01
6.881164312362670898e-01
6.618430614471435547e-01
7.001520395278930664e-01
6.700115799903869629e-01
6.954433917999267578e-01
6.949635148048400879e-01
6.861315965652465820e-01
6.846490502357482910e-01
6.594030261039733887e-01
7.002357840538024902e-01
6.806210279464721680e-01
6.530387401580810547e-01
6.846300959587097168e-01
7.136235237121582031e-01
6.705513596534729004e-01
6.919943094253540039e-01
6.576472520828247070e-01
6.720094084739685059e-01
6.981998085975646973e-01
6.804277896881103516e-01
6.512357592582702637e-01
6.670682430267333984e-01
6.790884137153625488e-01
6.666156053543090820e-01
6.721927523612976074e-01
6.759639978408813477e-01
6.810964941978454590e-01
6.918213367462158203e-01
6.958104968070983887e-01
6.686046123504638672e-01
7.232558727264404297e-01
7.328482270240783691e-01
6.814354062080383301e-01
6.533620357513427734e-01
7.055411338806152344e-01
6.818592548370361328e-01
6.588060259819030762e-01
6.388989686965942383e-01
6.791344285011291504e-01
7.034402489662170410e-01
6.744704246520996094e-01
7.088959813117980957e-01
6.811101436614990234e-01
6.633237600326538086e-01
6.699069142341613770e-01
6.512871980667114258e-01
6.874350309371948242e-01
6.799670457839965820e-01
7.026519179344177246e-01
6.805958151817321777e-01
6.765756607055664062e-01
7.008943557739257812e-01
6.903116703033447266e-01
6.697493791580200195e-01
6.800531148910522461e-01
6.919502019882202148e-01
6.699140667915344238e-01
7.035459280014038086e-01
6.579261422157287598e-01
6.674941778182983398e-01
7.278069853782653809e-01
7.249934673309326172e-01
6.615430712699890137e-01
6.781358122825622559e-01
7.232410311698913574e-01
6.809600591659545898e-01
6.773977279663085938e-01
7.182156443595886230e-01
6.719499826431274414e-01
6.865478157997131348e-01
6.836522221565246582e-01
6.757664680480957031e-01
6.407732367515563965e-01
6.880198717117309570e-01
6.666759252548217773e-01
6.764030456542968750e-01
6.161473393440246582e-01
6.794846653938293457e-01
6.676778793334960938e-01
6.589717864990234375e-01
6.724660396575927734e-01
6.604839563369750977e-01
6.632599234580993652e-01
7.150303125381469727e-01
6.684851646423339844e-01
7.044801712036132812e-01
7.188429832458496094e-01
6.595566868782043457e-01
6.337696909904479980e-01
6.854484677314758301e-01
6.675044298171997070e-01
7.168800830841064453e-01
6.824399232864379883e-01
6.591267585754394531e-01
6.789449453353881836e-01
6.449704170227050781e-01
7.190478444099426270e-01
7.111815214157104492e-01
6.854205131530761719e-01
6.747378110885620117e-01
6.778535842895507812e-01
6.758841276168823242e-01
6.513776779174804688e-01
6.808772087097167969e-01
6.868109107017517090e-01
6.401024460792541504e-01
6.474750041961669922e-01
6.586748361587524414e-01
7.018164396286010742e-01
6.854193806648254395e-01
7.020115852355957031e-01
6.363484263420104980e-01
6.956491470336914062e-01
6.556673049926757812e-01
7.107483148574829102e-01
6.802399158477783203e-01
6.646269559860229492e-01
6.317836642265319824e-01
6.863605976104736328e-01
7.126019597053527832e-01
6.699320077896118164e-01
6.427456140518188477e-01
7.038902640342712402e-01
6.710374355316162109e-01
6.633872985839843750e-01
7.072765827178955078e-01
7.165592908859252930e-01
7.120224237442016602e-01
6.872947812080383301e-01
6.682906150817871094e-01
6.958954334259033203e-01
6.827090382575988770e-01
7.000092267990112305e-01
6.562637090682983398e-01
6.684145331382751465e-01
6.693882346153259277e-01
6.798214912414550781e-01
6.768170595169067383e-01
6.957529783248901367e-01
6.911621093750000000e-01
6.705083847045898438e-01
6.840948462486267090e-01
6.312823295593261719e-01
6.698938608169555664e-01
7.132233977317810059e-01
7.134894728660583496e-01
6.956740617752075195e-01
7.021512985229492188e-01
6.934801936149597168e-01
6.717849969863891602e-01
6.890301704406738281e-01
6.672878861427307129e-01
6.822776794433593750e-01
6.957041621208190918e-01
6.793366670608520508e-01
6.980758309364318848e-01
6.744151115417480469e-01
6.679218411445617676e-01
6.761415600776672363e-01
6.866949796676635742e-01
6.810236573219299316e-01
7.088322043418884277e-01
6.840610504150390625e-01
6.724578738212585449e-01
6.514860987663269043e-01
6.647482514381408691e-01
6.742761135101318359e-01
6.701415777206420898e-01
6.524832248687744141e-01
6.833761930465698242e-01
6.549785733222961426e-01
6.730127930641174316e-01
6.709439158439636230e-01
6.775947809219360352e-01
6.591052412986755371e-01
6.677162051200866699e-01
6.693040728569030762e-01
7.029473185539245605e-01
6.907574534416198730e-01
7.111548185348510742e-01
6.881524324417114258e-01
6.425371170043945312e-01
6.293833255767822266e-01
6.256521344184875488e-01
6.677457094192504883e-01
6.726444959640502930e-01
6.544770598411560059e-01
6.679931879043579102e-01
6.914539337158203125e-01
6.484510898590087891e-01
6.713181138038635254e-01
6.769145727157592773e-01
6.738674044609069824e-01
6.912815570831298828e-01
6.410200595855712891e-01
6.919583678245544434e-01
6.322833299636840820e-01
6.923331022262573242e-01
7.032994031906127930e-01
6.944219470024108887e-01
6.760070323944091797e-01
6.612052917480468750e-01
6.793097257614135742e-01
6.917428970336914062e-01
6.644507050514221191e-01
6.897737979888916016e-01
6.631755828857421875e-01
6.336776614189147949e-01
6.803787946701049805e-01
6.653017997741699219e-01
6.371104717254638672e-01
6.590065956115722656e-01
6.809281110763549805e-01
6.579270362854003906e-01
6.599789261817932129e-01
6.665211915969848633e-01
7.124639749526977539e-01
6.496952176094055176e-01
7.190406322479248047e-01
6.542198657989501953e-01
6.409365534782409668e-01
6.284006834030151367e-01
6.620282530784606934e-01
6.747567653656005859e-01
6.765861511230468750e-01
6.868113875389099121e-01
6.672608852386474609e-01
6.915975809097290039e-01
6.775925755500793457e-01
7.345969080924987793e-01
6.311398744583129883e-01
6.602353453636169434e-01
6.910361051559448242e-01
6.583902835845947266e-01
6.691780090332031250e-01
6.405836343765258789e-01
7.209695577621459961e-01
6.582058668136596680e-01
6.680852174758911133e-01
7.239712476730346680e-01
6.810132265090942383e-01
6.811131834983825684e-01
6.255863904953002930e-01
6.997089385986328125e-01
6.810859441757202148e-01
6.470909118652343750e-01
6.743763685226440430e-01
6.472717523574829102e-01
6.646422147750854492e-01
6.785679459571838379e-01
7.067489624023437500e-01
6.707188487052917480e-01
6.774383187294006348e-01
6.620718836784362793e-01
6.508902311325073242e-01
7.385261058807373047e-01
6.717933416366577148e-01
6.714754104614257812e-01
6.703454852104187012e-01
6.797186732292175293e-01
6.810606718063354492e-01
6.601676940917968750e-01
6.788380146026611328e-01
6.696961522102355957e-01
7.348105907440185547e-01
6.260537505149841309e-01
6.753535270690917969e-01
6.612805724143981934e-01
6.388803124427795410e-01
6.779407858848571777e-01
6.915968060493469238e-01
6.903384327888488770e-01
6.893783807754516602e-01
6.541191339492797852e-01
6.563347578048706055e-01
6.686771512031555176e-01
6.848819255828857422e-01
6.813735365867614746e-01
6.445230245590209961e-01
6.571649312973022461e-01
6.526700854301452637e-01
6.570010185241699219e-01
6.508725881576538086e-01
7.429755330085754395e-01
7.089130878448486328e-01
6.843721866607666016e-01
6.516461968421936035e-01
6.740791201591491699e-01
6.456889510154724121e-01
6.471285223960876465e-01
6.402963399887084961e-01
6.563305854797363281e-01
6.979790329933166504e-01
7.388463020324707031e-01
6.402466893196105957e-01
6.498961448669433594e-01
6.539961099624633789e-01
6.447648406028747559e-01
6.920070648193359375e-01
6.945307850837707520e-01
6.492073535919189453e-01
6.927936077117919922e-01
6.867538690567016602e-01
6.713441014289855957e-01
6.534557938575744629e-01
6.630312800407409668e-01
6.472622752189636230e-01
6.658202409744262695e-01
6.285696625709533691e-01
7.017906308174133301e-01
7.023427486419677734e-01
6.492652297019958496e-01
6.858850121498107910e-01
6.863052248954772949e-01
6.331183314323425293e-01
6.558353304862976074e-01
6.506927013397216797e-01
6.400969028472900391e-01
6.436735987663269043e-01
6.687027215957641602e-01
6.745251417160034180e-01
7.129048109054565430e-01
6.870692968368530273e-01
6.372168064117431641e-01
6.682401895523071289e-01
6.546519994735717773e-01
6.575917005538940430e-01
6.735961437225341797e-01
6.774687767028808594e-01
6.876837611198425293e-01
6.410536170005798340e-01
6.237328648567199707e-01
7.399772405624389648e-01
6.654679775238037109e-01
6.445411443710327148e-01
6.042435169219970703e-01
6.631336212158203125e-01
5.985122919082641602e-01
6.918196082115173340e-01
6.238330602645874023e-01
6.343038678169250488e-01
6.388239264488220215e-01
7.001020908355712891e-01
6.704056262969970703e-01
6.985920667648315430e-01
6.551496386528015137e-01
6.539557576179504395e-01
6.443912982940673828e-01
7.171286940574645996e-01
6.426072120666503906e-01
6.689034104347229004e-01
6.334350109100341797e-01
6.864424943923950195e-01
5.991401076316833496e-01
7.019774317741394043e-01
5.973647832870483398e-01
6.249259710311889648e-01
6.501691341400146484e-01
6.802340149879455566e-01
6.405959129333496094e-01
7.073060870170593262e-01
6.318741440773010254e-01
6.324544548988342285e-01
6.334557533264160156e-01
6.416054964065551758e-01
6.778875589370727539e-01
6.963612437248229980e-01
6.547139883041381836e-01
6.693990826606750488e-01
6.034616231918334961e-01
7.009952068328857422e-01
7.584763765335083008e-01
6.314597129821777344e-01
6.631543636322021484e-01
6.845124959945678711e-01
6.655953526496887207e-01
6.798732280731201172e-01
6.484479308128356934e-01
7.242364287376403809e-01
6.531218886375427246e-01
6.668212413787841797e-01
6.429331302642822266e-01
6.279074549674987793e-01
6.315724253654479980e-01
6.163723468780517578e-01
6.273477673530578613e-01
6.349488496780395508e-01
6.221790313720703125e-01
6.649598479270935059e-01
6.581888198852539062e-01
7.016635537147521973e-01
6.443874239921569824e-01
6.190344691276550293e-01
6.161574721336364746e-01
6.336610317230224609e-01
6.145783066749572754e-01
6.854224205017089844e-01
6.840029954910278320e-01
6.642511487007141113e-01
6.354762315750122070e-01
6.314294338226318359e-01
6.733355522155761719e-01
6.404976248741149902e-01
6.735142469406127930e-01
6.773602962493896484e-01
6.871927976608276367e-01
6.443717479705810547e-01
6.921535134315490723e-01
6.695506572723388672e-01
6.810423135757446289e-01
6.222162842750549316e-01
6.402763724327087402e-01
6.286127567291259766e-01
6.492411494255065918e-01
6.865924596786499023e-01
6.530684232711791992e-01
6.618993282318115234e-01
6.135776638984680176e-01
6.113760471343994141e-01
5.995017886161804199e-01
6.717475652694702148e-01
6.860452294349670410e-01
6.161057353019714355e-01
6.467435359954833984e-01
6.866343021392822266e-01
6.423715949058532715e-01
6.091620922088623047e-01
6.368377804756164551e-01
6.317643523216247559e-01
6.238964200019836426e-01
6.133795976638793945e-01
6.618448495864868164e-01
6.208169460296630859e-01
6.365154981613159180e-01
6.165004372596740723e-01
5.774279832839965820e-01
6.415390968322753906e-01
5.907219648361206055e-01
6.098402142524719238e-01
