7.251611730682715473e-01
6.933766589596164209e-01
6.932830300706962490e-01
6.933515056714569802e-01
6.933513936148192336e-01
6.933041043383627589e-01
6.933046012057938468e-01
6.933772297749416502e-01
6.933115544944489228e-01
6.933786687647763847e-01
6.932446144372120811e-01
6.933320876957530521e-01
6.934736433128019240e-01
6.933023985588689930e-01
6.933819529823629368e-01
6.933059043118355858e-01
6.933270120138824710e-01
6.933463056790524215e-01
6.933999903610064131e-01
6.934376427310801061e-01
6.934116145734716685e-01
