7.422219135538048462e-01
6.932335008947091426e-01
6.934082926882538800e-01
6.933681542734975167e-01
6.933531954523457497e-01
6.933769084818821593e-01
6.932234283310928502e-01
6.933174508150989901e-01
6.933403318934709958e-01
6.933863566611723206e-01
6.932784673639538209e-01
6.933606146262540904e-01
6.935608102689720944e-01
6.933819533238690935e-01
6.933442156579419091e-01
6.933498387596085388e-01
6.932870382334502812e-01
6.934306192344945607e-01
6.933617842556474287e-01
6.934172256251959210e-01
6.933814191730014453e-01
6.933362844480482901e-01
6.933616077160476010e-01
