7.199665513894185631e-01
6.935165074273021979e-01
6.932987972439148550e-01
6.933863356391986033e-01
6.933485138377633028e-01
6.932380122274918177e-01
6.933833720218434138e-01
6.933332267457735787e-01
6.932987712413638537e-01
6.933161513045603686e-01
6.933598025296616729e-01
6.932715572062385645e-01
6.932967390036458566e-01
6.933954226137557519e-01
6.933148771629371598e-01
6.933504309511375752e-01
6.934353037214594506e-01
6.933080509115574497e-01
6.933854814478535022e-01
6.932448033400309129e-01
6.934620520122196652e-01
