7.177393725288992998e-01
6.934167898398981844e-01
6.933480933559403869e-01
6.934558860093484878e-01
6.934636565217235926e-01
6.933361539572052701e-01
6.934243144300505923e-01
6.933118527951459553e-01
6.932741616570321508e-01
6.934851580939574989e-01
6.933348034790706160e-01
6.933469667752676369e-01
6.933390781943271630e-01
6.934506653866642223e-01
6.934171775629773826e-01
6.936058807196601173e-01
6.934407988554808222e-01
6.933898878255000398e-01
6.935588262878280563e-01
6.935130974255402370e-01
6.934850707277255832e-01
6.934339329235702509e-01
6.933905261261937847e-01
6.934425164928194052e-01
