7.269725454966562417e-01
6.934049719698585079e-01
6.933524823614233279e-01
6.933723915459699683e-01
6.934966611521157231e-01
6.932702712319070981e-01
6.934201883940542821e-01
6.933760626535145910e-01
6.934096283676642880e-01
6.933090858010116930e-01
6.933168136611309595e-01
6.933280064735857229e-01
6.933148849166281824e-01
6.931775154399062444e-01
6.934451740322165048e-01
6.934395324141112704e-01
6.934318037168450966e-01
6.933224240462934063e-01
6.933509657992777964e-01
6.933652546133686201e-01
6.933335846285805237e-01
