6.933507971702660422e-01
6.925465079342051355e-01
6.923403393680841456e-01
6.921530104474525880e-01
6.920456239701873180e-01
6.920463331698204490e-01
6.919061645723602050e-01
6.915691061385598193e-01
6.909903913533717024e-01
6.905710746841907666e-01
6.893659544470909228e-01
6.889663264710584878e-01
6.877340290317530691e-01
6.864369336113451681e-01
6.855993987232049669e-01
6.843096781075244106e-01
6.824302384929226140e-01
6.806311652230476739e-01
6.791921493700414647e-01
6.771208747820196550e-01
6.760259672387449736e-01
6.722171599818922427e-01
6.701694244725048266e-01
6.674213200896726983e-01
6.650655508365584945e-01
6.628820376257420488e-01
6.607931235123821745e-01
6.585680746079010106e-01
6.553000250166124419e-01
6.525261900494336853e-01
