6.930859716260419079e-01
6.920082522180334150e-01
6.919984376613351751e-01
6.913971499987996427e-01
6.916651713839037097e-01
6.914350417730638076e-01
6.912760928031683738e-01
6.914465198913128940e-01
6.911523259400569330e-01
6.906267927790782357e-01
6.901914353185492068e-01
6.893978685312427412e-01
6.883578740848909083e-01
6.868261588121620242e-01
6.858159740277450789e-01
6.845839241183026003e-01
6.820524031664930709e-01
6.806945736462955976e-01
6.787140177238445427e-01
6.767925530928179390e-01
6.745959696566904418e-01
6.729681074560940335e-01
6.699177648535390439e-01
6.681584408321358248e-01
