6.929175934261169179e-01
6.917855784333462044e-01
6.914609195811936004e-01
6.915576670265145554e-01
6.914183692631269418e-01
6.912556156244555883e-01
6.911236453581544037e-01
6.908714018472356111e-01
6.906849142971458466e-01
6.905788516038651181e-01
6.900928006601424469e-01
6.895894874072703296e-01
6.891017537224639611e-01
6.883557030971133583e-01
6.872516475425389793e-01
6.864215235623257749e-01
6.847073208225593621e-01
6.837061581418408807e-01
6.816049952918108445e-01
6.804404592008281849e-01
6.787175533075776590e-01
6.772162148250261415e-01
