6.930784376715597439e-01
6.919578212811484663e-01
6.918948509741643660e-01
6.915609691084163568e-01
6.913967848368727243e-01
6.914944249865514481e-01
6.911743713465217098e-01
6.910083701869135231e-01
6.904912125126757561e-01
6.900221867075322368e-01
6.900023766729993513e-01
6.889330238301619724e-01
6.879326270452121861e-01
6.868748768076444744e-01
6.858247887461901282e-01
6.842947828877313787e-01
6.830219475032325294e-01
6.813466186091882149e-01
6.796358434883980060e-01
6.774342965472838207e-01
6.756439619791543283e-01
6.735986103550415383e-01
6.715342325496683751e-01
