6.930043299258059619e-01
6.923837596387478754e-01
6.920265518100505719e-01
6.918374180573316767e-01
6.917304617139935496e-01
6.917036787464843073e-01
6.912888790725247867e-01
6.912464099105158910e-01
6.908467802248775547e-01
6.907283698307810083e-01
6.900327766108899086e-01
6.896196444405703341e-01
6.887922308772532753e-01
6.877017513421626038e-01
6.862032917395751719e-01
6.848346129680605854e-01
6.832261331890815415e-01
6.824450574294146366e-01
6.802828977666377508e-01
6.788897041811279287e-01
6.772092636425425249e-01
6.756726114220579227e-01
6.732388607088635180e-01
6.711170701120593440e-01
6.700586244070035891e-01
