7.111015393257140715e-01
6.935777914047240866e-01
6.933337385177614776e-01
6.933614834785467584e-01
6.933280669212341651e-01
6.932647123336791450e-01
6.932843581199643612e-01
6.932628935813901494e-01
6.933729652404787558e-01
6.933223480224609547e-01
6.933095492362975065e-01
6.933130898475644566e-01
6.933124429702759439e-01
6.933495780944821663e-01
6.933304323196409769e-01
6.933484612464900776e-01
6.933486791610721234e-01
6.933393651962278526e-01
6.934145622253419239e-01
6.933612036705018022e-01
6.933643251419067122e-01
