7.090520649909980433e-01
6.933241914749144197e-01
6.933435364723208316e-01
6.933313463211060457e-01
6.936199136734010340e-01
6.933200437545772310e-01
6.932313841819764955e-01
6.932429246902463982e-01
6.932912691116337456e-01
6.932588574409479509e-01
6.933272180557250586e-01
6.933181677818295308e-01
6.933556368827815675e-01
6.933141468048096279e-01
6.932603323936460393e-01
6.933684200286864829e-01
6.933179723739623102e-01
6.934237877845766951e-01
6.934202685356142259e-01
6.932928298950193913e-01
6.933155379295348197e-01
6.932822237014771849e-01
