7.067730955123902037e-01
6.935726390838622413e-01
6.933734624862670781e-01
6.933140787124636439e-01
6.935483727455137304e-01
6.933298352241513696e-01
6.933538863182067136e-01
6.932664660453797811e-01
6.932801927566519806e-01
6.933939679145810775e-01
6.933902704238887882e-01
6.932531548500068252e-01
6.933509430885314018e-01
6.933285481452943211e-01
6.933674283981324793e-01
6.933233293533326291e-01
6.932591958045960512e-01
6.932391485214235427e-01
6.934891051292418895e-01
6.935113580703736735e-01
6.933001815795899470e-01
6.933601292610166444e-01
6.933043439865108626e-01
