7.033895157814027410e-01
6.935441895484919517e-01
6.932879743576048082e-01
6.933565781593320487e-01
6.934345832824706513e-01
6.933850521087647767e-01
6.933509557724002459e-01
6.934419404983520607e-01
6.932945944786071957e-01
6.933097178459163290e-01
6.933827328681949620e-01
6.932490388870234943e-01
6.932980951309205553e-01
6.933000378608704661e-01
6.933806978225706130e-01
6.933234648704532654e-01
6.933396937370300828e-01
6.933551674842834966e-01
6.933108686447143620e-01
6.932463716506959139e-01
6.933423389434814066e-01
6.933263611793516468e-01
6.934209394454956543e-01
6.932659357070920514e-01
6.934927416801455191e-01
6.933538039207455261e-01
6.934142427444452972e-01
6.935611327171329332e-01
