7.023937842369075701e-01
6.932426937103273179e-01
6.934293762207033307e-01
6.935406546592711718e-01
6.933726467132570459e-01
6.934591885566709912e-01
6.933842667579649399e-01
6.932527699470515392e-01
6.933318896293640954e-01
6.933774855613706878e-01
6.933697420120240595e-01
6.933608189582824988e-01
6.933187342643737372e-01
6.933342819213865749e-01
6.932867697715755506e-01
6.932947057724004880e-01
6.933276954650882118e-01
6.933155425071712008e-01
6.933529135704044055e-01
6.933175526618960971e-01
6.932101305961606563e-01
