7.062576762561140198e-01
7.060666557016044287e-01
7.077365620382900513e-01
7.046806319006557739e-01
7.035434369383186670e-01
7.048011072750749451e-01
7.060175373636442542e-01
7.070227491444555090e-01
7.071950558958381983e-01
7.053003434477180811e-01
7.064632485652792004e-01
7.020699916214778735e-01
7.058519721031188965e-01
7.042133952009266284e-01
7.043159336879335486e-01
7.032929720549747632e-01
7.017219580453017969e-01
7.049383418313388550e-01
7.045351739587455420e-01
7.019789054475981116e-01
7.050819068119443811e-01
7.042061707069133814e-01
7.049681112684053064e-01
7.034461477707172339e-01
7.035704440083997424e-01
7.040432198294277466e-01
7.039671519706989233e-01
7.051868747020589856e-01
7.049828767776489258e-01
7.058988192985797827e-01
7.032371492221437537e-01
7.054949526129097315e-01
7.047624546906043896e-01
7.033081671287273462e-01
7.034349071568456457e-01
7.024623217253849194e-01
7.024880647659301758e-01
7.038531118425829236e-01
7.032520359960096057e-01
7.034352853380400061e-01
7.006176812895412720e-01
7.000897958360868811e-01
7.024127244949340820e-01
7.031230392127201245e-01
7.022712641748888318e-01
7.030150705370409314e-01
7.028954584023048291e-01
7.039390966810029626e-01
7.024101347758852087e-01
7.011741584744947131e-01
