6.981617397275464709e-01
7.027584828179458398e-01
7.001138802232413916e-01
7.016372290150872937e-01
7.001088631564172937e-01
6.999456882476806641e-01
6.982462159518537659e-01
7.000755791006416651e-01
7.003178596496582031e-01
6.980043300266923767e-01
7.008774301101421411e-01
6.988140159639818494e-01
6.971268571656326074e-01
6.989247490619791003e-01
6.971050562529728101e-01
7.006957284335432190e-01
6.991938784204679846e-01
6.991972841065505762e-01
6.983269946328525268e-01
7.005150585338987268e-01
7.000953637320419531e-01
7.001450246778028186e-01
6.981102269271324268e-01
7.003251273056556592e-01
6.994425243344800647e-01
6.993599739567987195e-01
6.992547758694352966e-01
7.006345411826824243e-01
6.995662779643617712e-01
6.987147187364513012e-01
6.980475783348083496e-01
6.987118885434907556e-01
6.994024247958742224e-01
6.990463754226421411e-01
7.010362230498214942e-01
7.019261080643226514e-01
6.979451611124235511e-01
6.991314744127208325e-01
7.002039921694788172e-01
7.022455478536671070e-01
6.984187713984785217e-01
6.992901604751060596e-01
7.014154894598598755e-01
6.999642931181808692e-01
7.001080595213791113e-01
6.994221210479736328e-01
6.975712200690959985e-01
7.015880572384801672e-01
6.979379941677225085e-01
6.977500751100736975e-01
