7.040428909762151966e-01
7.025368439740148352e-01
7.052742283919761768e-01
7.043955346633647974e-01
7.043361561051730835e-01
7.023280077967150037e-01
7.009798123918730139e-01
7.026130022673771069e-01
7.012780637576662146e-01
7.030034620186378369e-01
7.056007755213770105e-01
7.038510873399931311e-01
7.012781048643177417e-01
7.008467152200895667e-01
7.030147355178306690e-01
7.033695249721921838e-01
7.052081782242347607e-01
7.031596775712638525e-01
7.034971138526653345e-01
7.001625237793758227e-01
7.050581471673373901e-01
7.042592373387567273e-01
7.025285877030471582e-01
7.033826708793640137e-01
7.042021381443944739e-01
7.018488131720443945e-01
7.007435868526327161e-01
7.024088008650417603e-01
7.035268915110620691e-01
7.003211707904420935e-01
7.015539777689966394e-01
7.020341815619632886e-01
7.013832166277128577e-01
7.051607041523374475e-01
7.007351969850474926e-01
7.013459781120563452e-01
7.011572965260209900e-01
7.028551512751085584e-01
7.042205128176458606e-01
6.983963621073755457e-01
7.030694587477321900e-01
7.053821045776893506e-01
7.019462441575938794e-01
7.027968846518417578e-01
7.010936922040479358e-01
7.028851324114305799e-01
7.001963709962779614e-01
7.024709643988773511e-01
7.026247731570539612e-01
7.044545268190318676e-01
