7.007162221546830994e-01
6.990497811087246216e-01
7.013717293739318848e-01
6.989245558607166675e-01
7.017033059021522412e-01
7.012976140811525427e-01
6.986662827689071875e-01
7.012031386638509778e-01
7.015892801613643481e-01
6.988284772840039905e-01
7.015604582326165906e-01
6.998639127303813989e-01
7.000802714249183545e-01
6.989655145283403259e-01
7.000027792207126343e-01
7.025608810885198841e-01
6.997914499249952014e-01
6.983748982692586926e-01
6.987611918613828577e-01
6.991907974769329126e-01
6.991743465949749048e-01
6.999819175950412475e-01
6.988986936108819714e-01
7.001196762611126001e-01
6.979220139569249914e-01
6.983129567113416369e-01
6.994434142934864429e-01
7.005578320601890674e-01
7.012528920995777515e-01
7.001829866705269190e-01
6.998279649635841260e-01
6.973105997874818884e-01
7.000195445685550855e-01
7.009085252367216468e-01
6.989238200516536548e-01
6.987674770684078052e-01
7.001461407233928735e-01
6.987939949693351416e-01
6.992237424028331372e-01
6.982651476202339502e-01
7.005488091501695935e-01
6.987636664818073218e-01
7.015178121369460840e-01
7.005476663852560071e-01
7.010092468097292029e-01
6.986606758216331592e-01
6.993935827551216455e-01
6.999915488835039001e-01
6.983494553072698841e-01
7.006187747264730481e-01
