7.023838881788582178e-01
7.002324729130185998e-01
7.026928190527290674e-01
7.011418753656847302e-01
7.018169699044063403e-01
6.983173201824056653e-01
7.022579661731062073e-01
7.015015195155965833e-01
6.993076246360252490e-01
7.013858022360965894e-01
7.022374642306360437e-01
7.009451471526046973e-01
7.009316436175642151e-01
7.019998020139234240e-01
7.041720871267647119e-01
7.024210609238723535e-01
6.996175009628822217e-01
7.012769497674087305e-01
7.019757279034318787e-01
7.024151538980418774e-01
6.997048464314691296e-01
7.015229011404102710e-01
7.011948227882385254e-01
7.021407012281746240e-01
7.006819309859440015e-01
7.021672602357535986e-01
7.003836775648182300e-01
7.001029479092565344e-01
7.005175331543231909e-01
7.010266965833203967e-01
7.017982540459468677e-01
7.011454475337061121e-01
7.000286743558686853e-01
7.025259794860050366e-01
7.019811313727806201e-01
7.012611833111993542e-01
7.009314401396389282e-01
7.005801221420024927e-01
7.006737959795984461e-01
7.019695947910177258e-01
7.014290032715633227e-01
7.012711825041935132e-01
7.019291314585455188e-01
7.010439017723346655e-01
7.014229153764659497e-01
7.018340414968030627e-01
7.002003151794959912e-01
7.017047775202783777e-01
6.998251450472864343e-01
7.008132215203910498e-01
