7.295449279785156671e-01
6.994008682250976161e-01
6.968138459205627244e-01
6.948869242668151980e-01
6.921790588378906595e-01
6.892731955528259569e-01
6.874684569358825437e-01
6.861342077255249139e-01
6.840338416099548402e-01
6.825631175994872901e-01
6.830922285079955580e-01
6.808670216560364086e-01
6.800245957374573269e-01
6.800328733444214180e-01
6.776048132896422826e-01
6.759487707138061019e-01
6.756781733512878807e-01
6.755294301033020199e-01
6.758994043350219361e-01
6.747330530166626428e-01
6.733051258087158208e-01
