7.291143617630004847e-01
6.996355389595031449e-01
6.970031628608703844e-01
6.952891835212707816e-01
6.926381597518921351e-01
6.907264397621154517e-01
6.879069008827209952e-01
6.876598224639892676e-01
6.850695157051086559e-01
6.827950074195862085e-01
6.823372260093688579e-01
6.804768660545349457e-01
6.797170734405517667e-01
6.785125840187072876e-01
6.778473296165465900e-01
6.767198035240172826e-01
6.759656925201416033e-01
6.754971093177795094e-01
6.743907161712646703e-01
6.735293432235718303e-01
6.720539050102234402e-01
6.721535546302795927e-01
