7.290317650794982951e-01
6.993849181175232355e-01
6.973440464973449382e-01
6.944342609405517175e-01
6.928688693046569647e-01
6.901602810859680526e-01
6.886496787071227921e-01
6.869374513626098633e-01
6.847821890830994018e-01
6.832688967704773075e-01
6.824149286270141390e-01
6.809919884681702174e-01
6.782587212562560808e-01
6.782765620231628878e-01
6.770783982276916690e-01
6.756364096641540584e-01
6.739407145500183605e-01
6.736477510452270057e-01
6.731011984825133743e-01
6.723389037132263546e-01
6.712417224884033029e-01
6.708344007492065275e-01
