7.287433280944823899e-01
6.992419139862060540e-01
6.968251537322998068e-01
6.943259191513061479e-01
6.918934408187866758e-01
6.894130243301391792e-01
6.869011897087097251e-01
6.855162687301635804e-01
6.837024946212768572e-01
6.816602384567260753e-01
6.799412844657898303e-01
6.799991163253784610e-01
6.791095561027526983e-01
6.771485210418700662e-01
6.769198718070983389e-01
6.755911861419677811e-01
6.737450947761535192e-01
6.715100161552429725e-01
6.735343214035034443e-01
6.714154143333435076e-01
6.702628523826599238e-01
