7.292622118949889654e-01
6.990813022613525662e-01
6.972775511741637899e-01
6.945081537246704517e-01
6.915817584991454936e-01
6.894272986412048887e-01
6.877077108383178317e-01
6.858943012237548320e-01
6.847497691154480481e-01
6.833357916831970247e-01
6.817307832717895977e-01
6.798535950660705707e-01
6.784284495353698485e-01
6.770419281005859435e-01
6.778764568328857765e-01
6.758856781005859737e-01
6.748101394653320817e-01
6.738832973480224364e-01
6.722793781280517189e-01
6.734087749481201257e-01
6.721930554389953238e-01
