8.208809394044236374e-01
8.180974561947221835e-01
8.172620820542113584e-01
8.165119888302617701e-01
8.160329108801893661e-01
8.158981091679095021e-01
8.156903686995704561e-01
8.156882998661492135e-01
8.153174649031398324e-01
8.151887085871954985e-01
8.149567878665253673e-01
8.148713825990597792e-01
8.146837761226933816e-01
8.146060941318353787e-01
8.144089507218748025e-01
8.142492413139952312e-01
8.143361745931850804e-01
8.141339335578698932e-01
8.139014209802157840e-01
8.139010393581451730e-01
8.136931094117819674e-01
8.134966804958380093e-01
8.134182779171976740e-01
8.133087940871144284e-01
8.131955907748530388e-01
8.130418115530532175e-01
8.128461496898541361e-01
8.128315941594279614e-01
8.126346537480338972e-01
8.125769375993040500e-01
8.123551152003839482e-01
8.122356842501095020e-01
8.121632124288394872e-01
8.119706418186711794e-01
8.118862909630845115e-01
8.117752031396372470e-01
8.115210382702251479e-01
8.114271428638373251e-01
8.113876291738150170e-01
8.113015499739600900e-01
8.109872602045345991e-01
8.108735153088554304e-01
8.106678391036133968e-01
8.107914562804249270e-01
8.105677973728971919e-01
8.103415002457250438e-01
8.102661645450530692e-01
8.100925097450281109e-01
8.100338395411214032e-01
8.098440278833285433e-01
