8.208304925467639901e-01
8.187924410207584325e-01
8.173758701775402091e-01
8.169876365615917901e-01
8.165804989421709958e-01
8.160700990369145202e-01
8.157671038715984535e-01
8.156840704119624474e-01
8.154167405332619634e-01
8.150479913519593778e-01
8.150778915554570681e-01
8.149893817048483591e-01
8.146110477919776827e-01
8.144614490838096854e-01
8.144446036305290626e-01
8.141197103280990444e-01
8.141825658063919224e-01
8.141751178918174014e-01
8.138048235600748859e-01
8.138287581574802365e-01
8.137328565691988036e-01
8.134691728570591085e-01
8.133114656320394875e-01
8.133527486088176772e-01
8.132101560172181332e-01
8.130372610335914185e-01
8.129055625714433075e-01
8.126868466599680429e-01
8.126867537300426214e-01
8.124946525302557676e-01
8.124939085195620470e-01
8.121547262889509122e-01
8.120001923923675369e-01
8.119872020075495911e-01
8.117152650516253898e-01
8.117279408457941381e-01
8.116289453384594177e-01
8.114346840891974999e-01
8.112883270738985297e-01
8.111853809021531969e-01
8.109669352110963070e-01
8.110142281641975481e-01
8.107057128089685261e-01
8.105228006268461183e-01
8.105785033573358334e-01
8.103357812467093524e-01
8.102776482463264207e-01
8.101326646134495713e-01
8.099853419267331045e-01
8.097556256257687490e-01
