8.198399840833280328e-01
8.176958364800522849e-01
8.169394748660322447e-01
8.160845180289052481e-01
8.159194847646231707e-01
8.157757739670360442e-01
8.157262145139919651e-01
8.154806616588141654e-01
8.153139352798461914e-01
8.151786466376088613e-01
8.151672210175389122e-01
8.147453199179408578e-01
8.146987787831705408e-01
8.147070525934140273e-01
8.144197724878597944e-01
8.144298411025026052e-01
8.141361690176942556e-01
8.139647344430795961e-01
8.139875047503949412e-01
8.136963646251934579e-01
8.137409001493606242e-01
8.134819105410346918e-01
8.133932266372461140e-01
8.131884264108091287e-01
8.131199932326904634e-01
8.131017170775051150e-01
8.129064612114391686e-01
8.125414709313608652e-01
8.125614796202784706e-01
8.125487691678178193e-01
8.124290201991510862e-01
8.121902047635648492e-01
8.120905473209417691e-01
8.119378341272616151e-01
8.117027928273137238e-01
8.116000412752072402e-01
8.116611447958900216e-01
8.113679110813445394e-01
8.112828403996964477e-01
8.111423145467862028e-01
8.110267123856103044e-01
8.110474094796104039e-01
8.106716035273128229e-01
8.105887650681761203e-01
8.105931958070577981e-01
8.103675368114020561e-01
8.102337360001219402e-01
8.099559191316841877e-01
8.098473758362352282e-01
8.097098764900962919e-01
