8.215611986458872806e-01
8.194681246059770663e-01
8.179958253241956800e-01
8.171539855079529291e-01
8.166436054074345252e-01
8.164819332357412529e-01
8.162024499128420763e-01
8.156878074137167145e-01
8.155700966192129808e-01
8.153935842239818932e-01
8.151053875779953328e-01
8.149747482884805994e-01
8.148941199619549325e-01
8.148968269268925813e-01
8.145282413251102582e-01
8.144783206260242103e-01
8.142902157938899377e-01
8.141212265331524423e-01
8.140491113876001661e-01
8.139085200267096587e-01
8.138911322282906813e-01
8.136165368671234299e-01
8.134693630968039546e-01
8.134130047152217102e-01
8.132816935880496922e-01
8.130877511189006368e-01
8.129206911062660801e-01
8.127084534389142911e-01
8.127232302492037874e-01
8.125189578952118907e-01
8.124270214440342253e-01
8.124485052050873790e-01
8.121306741961275000e-01
8.120290324710809360e-01
8.118537792001669917e-01
8.118031847591217209e-01
8.116338624360081022e-01
8.114956623068252384e-01
8.113631021481352290e-01
8.111527664973713359e-01
8.112463844469941510e-01
8.109220824302575403e-01
8.108935879823118142e-01
8.107185664649207979e-01
8.105793128760097055e-01
8.103964660114373331e-01
8.102184764493387537e-01
8.101623258270775896e-01
8.100299859961000992e-01
8.098778256212180171e-01
