8.208074221214928246e-01
8.180091999971066397e-01
8.176241189527054809e-01
8.166470775208153343e-01
8.161709363849017906e-01
8.160794927670170784e-01
8.159725435625631018e-01
8.155672563531528585e-01
8.156709080686965763e-01
8.152439978937752185e-01
8.152145276816127328e-01
8.150306208826862964e-01
8.148996519585387510e-01
8.146367440589319386e-01
8.145964596979915484e-01
8.144182313364535242e-01
8.142419247962415785e-01
8.140500852475150984e-01
8.141574808202993729e-01
8.138885827491078029e-01
8.137995878728433441e-01
8.137365785269691232e-01
8.134602424435721790e-01
8.133094508807879874e-01
8.132620476686154287e-01
8.130897755820911676e-01
8.129803945843022683e-01
8.126933696551825737e-01
8.127061755131608223e-01
8.125221150370832701e-01
8.124826356244925218e-01
8.123562476886346806e-01
8.121367624392524798e-01
8.121440140203165514e-01
8.119680485405480486e-01
8.118433651451866240e-01
8.115606591724359165e-01
8.115668818592643996e-01
8.113449941427943735e-01
8.112787337729725490e-01
8.111530791837185950e-01
8.109707569542784489e-01
8.109239476938217006e-01
8.107488760932947125e-01
8.105403015407891543e-01
8.103442350134681949e-01
8.103094146655390739e-01
8.101993643056851768e-01
8.101565940692402323e-01
8.099584118626750318e-01
