7.625882088146025417e-01
7.017764505462912306e-01
7.004762193291202976e-01
6.995880298991593582e-01
6.993367172332708437e-01
6.991632949549939635e-01
6.989145530498184211e-01
6.981751157930649043e-01
6.975693035395453823e-01
6.979876464512614342e-01
6.977347616245266337e-01
6.972801785571238753e-01
6.968293276235637546e-01
6.969490645565380449e-01
6.967769010754517600e-01
6.961606572829223127e-01
6.962014912041774028e-01
6.956341272013549792e-01
6.952214431065049105e-01
6.951405849159055794e-01
6.943999069968673776e-01
