7.623317497256115738e-01
7.013547872415528683e-01
6.999897090625960550e-01
6.996028615551000973e-01
6.987634317719040311e-01
6.992441414295492708e-01
6.990610224811890649e-01
6.986667875832265340e-01
6.975954860905938526e-01
6.978587747385254225e-01
6.979939695490232632e-01
6.973739976619955927e-01
6.964652142664248258e-01
6.967740545824719911e-01
6.965306537280750998e-01
6.961019559989591876e-01
6.959613131631332550e-01
6.950696794366624243e-01
6.947646717971781571e-01
6.947399810480109350e-01
6.941920509927617111e-01
6.941411123303766750e-01
6.940305365658190340e-01
6.937086700381670523e-01
6.924646337079259917e-01
6.925428140595235593e-01
6.933504874696153619e-01
6.919228559244214871e-01
6.908923568292993922e-01
6.903142792011751627e-01
6.911079936547259717e-01
