7.622965733698684465e-01
7.014034860841885655e-01
6.999255354588845845e-01
6.999479262844128247e-01
6.990922697218304727e-01
6.984737182187396032e-01
6.984000699338308582e-01
6.977228056576622039e-01
6.986749432985066566e-01
6.973960050804680622e-01
6.976781480657020529e-01
6.972616835529028556e-01
6.965466223136004276e-01
6.963565418176392852e-01
6.964460572376353076e-01
6.962750650238034300e-01
6.957543141354574079e-01
6.954487928184373002e-01
6.948976924872484195e-01
6.939671207444265688e-01
6.938669327474270565e-01
6.936689592297339280e-01
6.934741075806839516e-01
6.934584209063905380e-01
6.924570201919735268e-01
