7.626453740849000740e-01
7.015073136042278001e-01
7.009045057008861379e-01
6.996254862894789595e-01
6.994174887474574609e-01
6.992977156307115250e-01
6.993196638894204620e-01
6.986780509016323748e-01
6.978962476304733098e-01
6.981099343896398635e-01
6.984337190749173585e-01
6.979097274680937657e-01
6.982984734904289503e-01
6.974610535223781937e-01
6.980058826860734422e-01
6.971481754723404256e-01
6.971182337331162104e-01
6.970395580432581228e-01
6.961458131869525667e-01
6.960954809240714747e-01
6.956472847265233739e-01
6.951086908278985010e-01
6.957729431543461240e-01
6.945351487954154468e-01
6.941110654275378655e-01
6.940156009037079521e-01
6.934629819916421356e-01
6.934738980255147345e-01
6.923820770529258706e-01
6.928633404841461063e-01
6.926505296068863338e-01
6.919566108767416512e-01
6.922969836724462978e-01
6.910451645659206887e-01
6.910586053727922895e-01
6.904160972487061176e-01
6.898116884168024043e-01
6.894733201332444716e-01
6.888882879754398836e-01
