7.626300325787906953e-01
7.016114640696268223e-01
6.998335794064218796e-01
6.996595024057532530e-01
6.985052534734421670e-01
6.987115210575158830e-01
6.985968362419443523e-01
6.980453419756688094e-01
6.982279099197792327e-01
6.975085506758224030e-01
6.979178352235353433e-01
6.968040642480276547e-01
6.968509793313975020e-01
6.966090003660200258e-01
6.966350690028834114e-01
6.963561117081723539e-01
6.953123221294952305e-01
6.955990179420846742e-01
6.955498527436597689e-01
6.947916250077155187e-01
6.951603335241017811e-01
6.938399859800071789e-01
6.935800169614595445e-01
6.935338788360624340e-01
6.931342901015106195e-01
