7.258926610977124438e-01
7.242965145994679776e-01
7.235926271627505235e-01
7.234206536707405988e-01
7.229064853427509263e-01
7.229522059138971946e-01
7.230796463573321287e-01
7.228924976751065490e-01
7.227200102120542313e-01
7.228214190409968376e-01
7.227665745793059315e-01
7.226794929550097724e-01
7.224365497549501969e-01
7.227308622564370122e-01
7.225658693633520979e-01
7.226363336697173567e-01
7.224877265314705310e-01
7.225933863332096863e-01
7.224592863561246636e-01
7.223834564891485899e-01
7.224501782712845488e-01
7.223211054603893011e-01
7.224459208238619423e-01
7.223422420672334088e-01
7.224472252705607112e-01
7.222409823451179101e-01
7.221150270666176763e-01
7.223265696638307976e-01
7.221461096510719546e-01
7.222338653981875689e-01
7.222154070013246940e-01
7.221226574132998399e-01
7.222088478243769982e-01
7.221881741532882870e-01
7.220813186404804185e-01
7.220888897633781500e-01
7.220328461628752192e-01
7.219787331434864841e-01
7.220892822399688216e-01
7.219027088473017884e-01
7.220156693610900733e-01
7.219980062006380317e-01
7.219474361346552849e-01
7.220191241453249864e-01
7.220825653868361282e-01
7.217926175449602688e-01
7.219565623103619822e-01
7.220005730089669171e-01
7.219996263805669168e-01
7.218847737525598829e-01
