7.250403384811962004e-01
7.239723154150259354e-01
7.236163981806356116e-01
7.231063425731354410e-01
7.230575046600243860e-01
7.229550941683613452e-01
7.229288658394981137e-01
7.228354242282172271e-01
7.227320200719010712e-01
7.228312995106267458e-01
7.227636015834137950e-01
7.227543074482927210e-01
7.226219952296906168e-01
7.226451170711091221e-01
7.225701500432559765e-01
7.226512346404809772e-01
7.225078264364419578e-01
7.226356178426894816e-01
7.225365792981351953e-01
7.225448310184783285e-01
7.225519692935882254e-01
7.225111663912813231e-01
7.225329331315744064e-01
7.223834357322594935e-01
7.223494308063397318e-01
7.225074284373761424e-01
7.224543561188938590e-01
7.222918849021863208e-01
7.224203214858667677e-01
7.223322208697041669e-01
7.221959930258436966e-01
7.223159320438250486e-01
7.222234075442670598e-01
7.222646949009392525e-01
7.222304488904178754e-01
7.221988968955822541e-01
7.222936707563674119e-01
7.221132629214764842e-01
7.221038427215795696e-01
7.219868944094965935e-01
7.220416227087806949e-01
7.220620120676181086e-01
7.221375442922305377e-01
7.221354992625812486e-01
7.220527794414435263e-01
7.221512792590326635e-01
7.218812359407686952e-01
7.219924827734121031e-01
7.219063763420421331e-01
7.220455990812648661e-01
