7.251408229620692758e-01
7.239047772587298146e-01
7.232731832102083924e-01
7.231443265375618878e-01
7.229764373919453924e-01
7.230017255670346810e-01
7.228597810093205789e-01
7.226688806622173500e-01
7.227512533291460262e-01
7.227248090524642787e-01
7.227215330821638029e-01
7.226849445900597191e-01
7.225813536217418065e-01
7.225831347151686623e-01
7.225361912014385268e-01
7.225889291245335411e-01
7.225622165317352463e-01
7.225405069204945407e-01
7.224193539101475547e-01
7.224759716576281132e-01
7.223772482750133728e-01
7.223390527426625241e-01
7.223864035865369404e-01
7.222556473728948268e-01
7.223385159199992023e-01
7.222607177667343947e-01
7.223822948650810982e-01
7.222872871560410690e-01
7.221760761242704829e-01
7.222691745803759833e-01
7.222981174913839508e-01
7.221218014296632015e-01
7.221599242176872657e-01
7.219809086178057278e-01
7.220994552103475739e-01
7.219420427712388566e-01
7.221959964535868970e-01
7.220484267789334387e-01
7.220453486655847852e-01
7.221363718136430965e-01
7.219983716361438875e-01
7.219627792842853165e-01
7.220008504657319248e-01
7.218941903342834809e-01
7.217570453787002238e-01
7.218935581061024509e-01
7.219781489037095934e-01
7.218714762038697108e-01
7.216896574718122404e-01
7.219139008095469823e-01
