7.249552411393235252e-01
7.235901810871526729e-01
7.232663180119693891e-01
7.232567222354511216e-01
7.229854184598587530e-01
7.229472271169716802e-01
7.228089946146589728e-01
7.227471975472788968e-01
7.228028105851560525e-01
7.228001089522633205e-01
7.226752075143515475e-01
7.226999323969831579e-01
7.226986843176161912e-01
7.226687784012133520e-01
7.226339125404723784e-01
7.225996476773637323e-01
7.225133340579633634e-01
7.223812269326597146e-01
7.225740968990630453e-01
7.225783031207685392e-01
7.225817813279148405e-01
7.225025976046967058e-01
7.225291546160420575e-01
7.224416904175243737e-01
7.224815902999415229e-01
7.222680792260093297e-01
7.224655195166127530e-01
7.224371282818218276e-01
7.223387790945010600e-01
7.223368407057496610e-01
7.222371263245043194e-01
7.222729639504283927e-01
7.222876918201629470e-01
7.223359982426554859e-01
7.222619321399603720e-01
7.221986773295905326e-01
7.222143265005117607e-01
7.221721149862002642e-01
7.221213569656347309e-01
7.220018142328475941e-01
7.221252131766785487e-01
7.221057178875127658e-01
7.221868569477678523e-01
7.221572182049005306e-01
7.219713334077463296e-01
7.220401291649181097e-01
7.219772293163945198e-01
7.219864689884856190e-01
7.218759038958686425e-01
7.218709850844483578e-01
