7.262031725420358130e-01
7.240481942225569512e-01
7.234883171300918736e-01
7.228549587459990322e-01
7.227231608792996642e-01
7.226135111845339853e-01
7.226617075383853228e-01
7.226222618319355639e-01
7.225336525767755980e-01
7.226374575886101992e-01
7.224806720456375952e-01
7.224104697711932754e-01
7.225003520520730804e-01
7.223258262244276473e-01
7.225815036807197167e-01
7.224060706437205326e-01
7.223943888950652426e-01
7.224046751713981696e-01
7.223399603328766183e-01
7.224607932300993740e-01
7.223744723743523721e-01
7.222614004589117398e-01
7.223265490973719283e-01
7.223691313792341973e-01
7.223173709342274318e-01
7.224017393093901118e-01
7.221302283457673443e-01
7.221646419348427548e-01
7.222040276557873950e-01
7.219561934471130371e-01
7.219429718800627338e-01
7.220683779579382122e-01
7.218929294960948484e-01
7.221613482545359286e-01
7.220399387347431475e-01
7.218914233838407135e-01
7.219223269639304386e-01
7.221479419702158120e-01
7.217820143928161958e-01
7.218164491196410459e-01
7.219252295006578501e-01
7.218830269365645869e-01
7.217783537535621408e-01
7.219084924021468286e-01
7.220370221061828131e-01
7.217195892867188656e-01
7.219172651394487605e-01
7.218292454561106020e-01
7.217873569113758547e-01
7.215973527286760891e-01
