8.718222091929090922e-01
6.939516270693838473e-01
6.937819468421495550e-01
6.936699298166396632e-01
6.920528911865678756e-01
6.894593504774679804e-01
6.810739706574326924e-01
6.689979901233170656e-01
6.520587206652145307e-01
6.240104516211194552e-01
5.980161856640694440e-01
5.673139535485360874e-01
5.352326387285599729e-01
5.039144675710740540e-01
4.815412495622485856e-01
4.501928333906553004e-01
4.165609065621051488e-01
3.860596679222805805e-01
3.383021162647061320e-01
3.291844771144580295e-01
2.986861657029986072e-01
2.555176007232343727e-01
2.338901879112444404e-01
1.986980467377855997e-01
1.779424498723044534e-01
1.631057522497415535e-01
1.422495750334490938e-01
1.271545635940889429e-01
9.007980317840379170e-02
9.703740864998519622e-02
1.104558929976370008e-01
9.688258451534598192e-02
7.270594403584559884e-02
8.033951153317429872e-02
7.496615919698466912e-02
7.795224385246357635e-02
7.153780059400680069e-02
7.467512332784677354e-02
5.956274266547063184e-02
5.594075722717547355e-02
4.606768411316938816e-02
5.641408925351865805e-02
6.651068882362606849e-02
5.026058056753502506e-02
4.252914081650679967e-02
6.407153245923402629e-02
5.159817079332051915e-02
3.950708614821329262e-02
4.168114334778538072e-02
5.485237996149134460e-02
4.282936963346194170e-02
5.054038846751696817e-02
4.251550090324437287e-02
3.351235586138218842e-02
4.855097441583482859e-02
6.041768203608463561e-02
6.329451893748651303e-02
