8.779309867996233363e-01
6.939492924754736558e-01
6.937415244210437537e-01
6.842165624026489423e-01
6.616845581303463231e-01
6.306930956941535493e-01
5.849671295973363216e-01
5.355360279776110177e-01
4.735361898759180010e-01
4.601698853067532347e-01
3.980907687991889210e-01
3.683331713109105343e-01
3.541295393080112208e-01
3.239182245353802170e-01
2.722312254273557830e-01
2.960337586852383462e-01
2.491812886159628648e-01
2.185150167555822420e-01
2.197557477969672157e-01
2.140860467122398525e-01
1.916083072553526889e-01
