1.045170704608756385e+00
6.935314877421498991e-01
6.931938535264592360e-01
6.907288775616480248e-01
6.839126776046882128e-01
6.741717048332162010e-01
6.547382259659713100e-01
6.324935102141339138e-01
5.888448189469698280e-01
5.468825073536065506e-01
4.889737384211652049e-01
4.381088701963883891e-01
4.020480779134152916e-01
3.660421863233356832e-01
3.195345601445215844e-01
3.000513756719054848e-01
2.770659707736948807e-01
2.700008816926198207e-01
2.222266307408769237e-01
2.181062388861431944e-01
2.067183936953468082e-01
1.736707552524493492e-01
1.751316940149249823e-01
1.680324224576995040e-01
1.621424054821425931e-01
1.612216902575093758e-01
1.449302535208343568e-01
1.331631747215329398e-01
1.401150946922101181e-01
1.481885361245426913e-01
1.251776846890630124e-01
1.222264494371444743e-01
1.295721909900612590e-01
1.195526131146372045e-01
1.191997081392101726e-01
1.139967965283792822e-01
1.231129295452743633e-01
1.259275595355590083e-01
1.166296996225668903e-01
1.113576700676949249e-01
1.018763949216470871e-01
1.180496960272504336e-01
1.121083576795811471e-01
