9.579550665220303296e-01
6.952246906235415302e-01
6.928105862855452601e-01
6.919818401158098764e-01
6.892243010722771679e-01
6.769461164555098387e-01
6.591150766645538228e-01
6.327811683650295116e-01
6.029361436307341116e-01
5.651738543773703327e-01
5.362873316550952341e-01
4.922166850514312908e-01
4.577928256636484283e-01
4.363657074619508025e-01
4.090107601369546986e-01
3.739763051111999470e-01
3.528754971227884285e-01
3.361407373106099494e-01
3.202708971441723396e-01
3.041022921205459584e-01
2.839697665418721706e-01
2.568570699549935776e-01
2.447213835961656037e-01
2.272407032873042243e-01
2.363766994308971192e-01
2.296469304945799039e-01
2.196931116380197724e-01
2.098788031301762613e-01
