8.983976832807880619e-01
6.933501330140519059e-01
6.857840141204938345e-01
6.688927199742565888e-01
6.336278262203687284e-01
5.774165628707572662e-01
5.217341707177358678e-01
4.778289435661002282e-01
4.115728103134730365e-01
3.512963538300500899e-01
3.240754543101950769e-01
2.907339367147993014e-01
2.581940342302191937e-01
2.223395452107468639e-01
2.100978020119340373e-01
2.031707965756115730e-01
1.951197453149377536e-01
1.653361969614682014e-01
1.489570275561450108e-01
1.589892261648831184e-01
1.448064773050073140e-01
1.361109544969584806e-01
1.413910895177762916e-01
