2.135934737205505307e+00
6.903963642120360955e-01
6.807208280563354919e-01
5.763345203399657946e-01
3.384984002113342050e-01
1.305531009435653700e-01
8.337667804956436224e-02
7.441442787647246926e-02
7.681535369157790893e-02
4.350553900003432950e-02
5.465503674745559454e-02
2.476120217144489252e-02
2.995068691670894900e-02
5.719029295444488792e-02
3.789132974296808426e-02
4.028287561237812314e-02
5.366245061159134050e-02
4.088284343481064093e-02
3.035867749154567627e-02
2.729638233780860845e-02
2.006833413243293632e-02
2.909948961436748666e-02
1.666441063582897036e-02
1.285794048011302919e-02
1.280138164758682327e-02
1.253752508759498584e-02
3.185631228983402258e-02
