8.010675907135009766e-01
7.133827209472656250e-01
7.240704894065856934e-01
7.247514724731445312e-01
7.644223570823669434e-01
7.485418319702148438e-01
7.303428053855895996e-01
7.337218523025512695e-01
7.586990594863891602e-01
7.467094659805297852e-01
7.523615360260009766e-01
7.234892249107360840e-01
7.198578715324401855e-01
7.232672572135925293e-01
7.603619098663330078e-01
7.115107178688049316e-01
7.159061431884765625e-01
7.404171228408813477e-01
7.009119987487792969e-01
7.533674836158752441e-01
7.041957378387451172e-01
7.371639013290405273e-01
7.404783964157104492e-01
7.176728844642639160e-01
7.132658958435058594e-01
7.276225090026855469e-01
6.991000771522521973e-01
7.245701551437377930e-01
6.915560364723205566e-01
7.518081068992614746e-01
7.200500369071960449e-01
7.132600545883178711e-01
7.362218499183654785e-01
7.262796759605407715e-01
7.313774824142456055e-01
7.385162115097045898e-01
7.391259074211120605e-01
7.426089048385620117e-01
7.261503338813781738e-01
7.479268312454223633e-01
7.311151623725891113e-01
6.916985511779785156e-01
7.142066955566406250e-01
7.743908762931823730e-01
7.489219903945922852e-01
7.151564359664916992e-01
7.431582212448120117e-01
7.365103960037231445e-01
7.284789085388183594e-01
7.184728384017944336e-01
7.401552200317382812e-01
7.617291212081909180e-01
7.269417643547058105e-01
7.283625006675720215e-01
7.060371041297912598e-01
7.359589934349060059e-01
7.225955128669738770e-01
7.232564687728881836e-01
6.616468429565429688e-01
6.904772520065307617e-01
7.496550679206848145e-01
7.512571811676025391e-01
7.401404380798339844e-01
7.075041532516479492e-01
7.149099111557006836e-01
7.278867363929748535e-01
7.479627728462219238e-01
6.937865018844604492e-01
7.429044842720031738e-01
7.448688149452209473e-01
6.947380304336547852e-01
7.614783048629760742e-01
7.176108956336975098e-01
6.990446448326110840e-01
6.871652007102966309e-01
7.582761049270629883e-01
7.085000276565551758e-01
7.164054512977600098e-01
7.376661896705627441e-01
7.316669821739196777e-01
7.640705108642578125e-01
6.923857331275939941e-01
7.410663366317749023e-01
7.437449693679809570e-01
7.597586512565612793e-01
7.059621810913085938e-01
7.062963843345642090e-01
7.125471830368041992e-01
7.323471307754516602e-01
7.278959155082702637e-01
6.956483721733093262e-01
7.010989785194396973e-01
6.680696010589599609e-01
6.933019161224365234e-01
7.304903864860534668e-01
7.033312320709228516e-01
7.205322384834289551e-01
7.409498095512390137e-01
7.386786341667175293e-01
7.360560894012451172e-01
7.496785521507263184e-01
7.108473181724548340e-01
7.264913916587829590e-01
7.524975538253784180e-01
7.543265223503112793e-01
7.006006240844726562e-01
7.636283040046691895e-01
7.038261890411376953e-01
6.953243017196655273e-01
7.476269006729125977e-01
7.291485071182250977e-01
7.042122483253479004e-01
7.214680910110473633e-01
7.635800242424011230e-01
7.365944385528564453e-01
7.724932432174682617e-01
7.332044243812561035e-01
7.540339231491088867e-01
7.224419713020324707e-01
6.990548968315124512e-01
7.449761629104614258e-01
7.206454277038574219e-01
7.325394153594970703e-01
7.357611060142517090e-01
7.433828115463256836e-01
7.061273455619812012e-01
7.259864211082458496e-01
6.931554675102233887e-01
7.138648033142089844e-01
7.265043854713439941e-01
7.436794638633728027e-01
7.459678053855895996e-01
7.569333314895629883e-01
7.230643033981323242e-01
7.398124933242797852e-01
7.353146076202392578e-01
7.546279430389404297e-01
7.083491683006286621e-01
7.284782528877258301e-01
7.494713664054870605e-01
6.989678144454956055e-01
6.689000725746154785e-01
7.379605174064636230e-01
7.461118102073669434e-01
7.812790274620056152e-01
6.986193656921386719e-01
7.179718613624572754e-01
7.140189409255981445e-01
7.490655183792114258e-01
7.317400574684143066e-01
7.241369485855102539e-01
7.250388264656066895e-01
7.415252923965454102e-01
7.348362803459167480e-01
7.384268641471862793e-01
7.154049277305603027e-01
7.120191454887390137e-01
7.213304638862609863e-01
7.492842078208923340e-01
7.002573013305664062e-01
7.030886411666870117e-01
7.298600077629089355e-01
6.965963840484619141e-01
7.479821443557739258e-01
7.017294168472290039e-01
7.299056649208068848e-01
7.336401939392089844e-01
7.114679217338562012e-01
7.074695229530334473e-01
7.222216129302978516e-01
6.970275640487670898e-01
7.219692468643188477e-01
6.914088726043701172e-01
7.481095194816589355e-01
7.197065949440002441e-01
7.106438875198364258e-01
7.344243526458740234e-01
7.277109622955322266e-01
7.295212745666503906e-01
7.336641550064086914e-01
7.356681823730468750e-01
7.408849596977233887e-01
7.246121764183044434e-01
7.476171851158142090e-01
7.279835343360900879e-01
6.934942007064819336e-01
7.153599858283996582e-01
7.727560997009277344e-01
7.510018944740295410e-01
7.168130278587341309e-01
7.421952486038208008e-01
7.341097593307495117e-01
7.269537448883056641e-01
7.162141799926757812e-01
7.400966882705688477e-01
7.569486498832702637e-01
7.269200086593627930e-01
7.326204776763916016e-01
7.034792304039001465e-01
7.343997955322265625e-01
7.235692739486694336e-01
7.207889556884765625e-01
6.608364582061767578e-01
6.902027726173400879e-01
7.484627366065979004e-01
7.496596574783325195e-01
7.391144037246704102e-01
7.075129151344299316e-01
7.167584896087646484e-01
7.276961803436279297e-01
7.487692236900329590e-01
6.941684484481811523e-01
7.407694458961486816e-01
7.439500093460083008e-01
6.994104981422424316e-01
7.611262798309326172e-01
7.178962826728820801e-01
7.001797556877136230e-01
6.883586645126342773e-01
7.547652125358581543e-01
7.095156908035278320e-01
7.165526747703552246e-01
7.348965406417846680e-01
7.326722145080566406e-01
7.640885710716247559e-01
6.921480894088745117e-01
7.423761487007141113e-01
7.445128560066223145e-01
7.610149383544921875e-01
7.070344090461730957e-01
7.101166844367980957e-01
7.109593152999877930e-01
7.337653636932373047e-01
7.255390882492065430e-01
6.944258213043212891e-01
7.016421556472778320e-01
6.680657267570495605e-01
6.937116384506225586e-01
7.297092080116271973e-01
7.022236585617065430e-01
7.202899456024169922e-01
7.429475188255310059e-01
7.387207746505737305e-01
7.383000254631042480e-01
7.511674761772155762e-01
7.148541212081909180e-01
7.269122004508972168e-01
7.516562342643737793e-01
7.560719251632690430e-01
6.995303630828857422e-01
7.660011053085327148e-01
7.052325606346130371e-01
6.974737644195556641e-01
7.467048764228820801e-01
7.284925580024719238e-01
7.048912644386291504e-01
7.224579453468322754e-01
7.633399963378906250e-01
7.349476814270019531e-01
7.722573876380920410e-01
7.353605031967163086e-01
7.552828788757324219e-01
7.223747968673706055e-01
6.997957825660705566e-01
7.448813915252685547e-01
7.235503196716308594e-01
7.285138964653015137e-01
7.373090386390686035e-01
7.442078590393066406e-01
7.031770348548889160e-01
7.238300442695617676e-01
6.925710439682006836e-01
7.111580371856689453e-01
7.254837155342102051e-01
7.430933117866516113e-01
7.480090856552124023e-01
7.588343024253845215e-01
7.210208177566528320e-01
7.410761117935180664e-01
7.358314990997314453e-01
7.548134326934814453e-01
7.068426609039306641e-01
7.280936837196350098e-01
7.484886646270751953e-01
7.002362608909606934e-01
6.677443385124206543e-01
7.375715374946594238e-01
7.464705705642700195e-01
7.817400693893432617e-01
6.984878182411193848e-01
7.176392674446105957e-01
7.125509381294250488e-01
7.478714585304260254e-01
7.326830625534057617e-01
7.215812802314758301e-01
7.270025014877319336e-01
7.403649687767028809e-01
7.354711890220642090e-01
7.380477786064147949e-01
7.148371338844299316e-01
7.105939984321594238e-01
7.189955115318298340e-01
7.496023774147033691e-01
7.002944946289062500e-01
7.019618749618530273e-01
7.272330522537231445e-01
6.938478946685791016e-01
7.491717338562011719e-01
7.023952603340148926e-01
7.296783328056335449e-01
7.335968613624572754e-01
7.115144133567810059e-01
7.048316597938537598e-01
7.205730080604553223e-01
6.978327035903930664e-01
7.210065722465515137e-01
6.916158795356750488e-01
7.499327659606933594e-01
7.197661995887756348e-01
7.106641530990600586e-01
7.339084744453430176e-01
7.269709110260009766e-01
7.274118661880493164e-01
7.307717800140380859e-01
7.352823615074157715e-01
7.421762943267822266e-01
7.252670526504516602e-01
7.467603683471679688e-01
7.270031571388244629e-01
6.959797739982604980e-01
7.136639952659606934e-01
7.758534550666809082e-01
7.520475387573242188e-01
7.174106240272521973e-01
7.430935502052307129e-01
7.356714606285095215e-01
7.266498804092407227e-01
7.166767716407775879e-01
7.388963103294372559e-01
7.571700215339660645e-01
7.247858643531799316e-01
7.336742281913757324e-01
7.050172686576843262e-01
7.358112931251525879e-01
7.239538431167602539e-01
7.215877175331115723e-01
6.616038084030151367e-01
6.880454421043395996e-01
7.489600181579589844e-01
7.508716583251953125e-01
7.398203611373901367e-01
7.088249325752258301e-01
7.163457870483398438e-01
7.260529398918151855e-01
7.468753457069396973e-01
6.939433813095092773e-01
7.410792112350463867e-01
7.417400479316711426e-01
6.995816826820373535e-01
7.608208656311035156e-01
7.180497646331787109e-01
6.996563673019409180e-01
6.887385845184326172e-01
7.554714679718017578e-01
7.111570239067077637e-01
7.178633809089660645e-01
7.329363226890563965e-01
7.308272719383239746e-01
7.639287710189819336e-01
6.930400729179382324e-01
7.407833933830261230e-01
7.435734272003173828e-01
7.608457207679748535e-01
7.080140113830566406e-01
7.108587026596069336e-01
7.116952538490295410e-01
7.324077486991882324e-01
7.274003624916076660e-01
6.960508823394775391e-01
7.024882435798645020e-01
6.675053834915161133e-01
6.948476433753967285e-01
7.302352786064147949e-01
7.015456557273864746e-01
7.192558050155639648e-01
7.435018420219421387e-01
7.373855710029602051e-01
7.388876080513000488e-01
7.526001334190368652e-01
7.156352996826171875e-01
7.296075820922851562e-01
7.533515095710754395e-01
7.558599114418029785e-01
6.983335614204406738e-01
7.669675350189208984e-01
7.063177824020385742e-01
6.977300643920898438e-01
7.470136284828186035e-01
7.295520901679992676e-01
7.052094936370849609e-01
7.232223749160766602e-01
7.636415362358093262e-01
7.333344817161560059e-01
7.707863450050354004e-01
7.356398701667785645e-01
7.560241222381591797e-01
7.223067283630371094e-01
6.989224553108215332e-01
7.419388294219970703e-01
7.226194739341735840e-01
7.286359071731567383e-01
7.371522188186645508e-01
7.433667182922363281e-01
7.030137181282043457e-01
7.247014045715332031e-01
6.931477785110473633e-01
7.117774486541748047e-01
7.262697219848632812e-01
7.427980899810791016e-01
7.506774663925170898e-01
7.606614232063293457e-01
7.228747606277465820e-01
7.413964271545410156e-01
7.370461225509643555e-01
7.554589509963989258e-01
7.085583209991455078e-01
7.299627661705017090e-01
7.477327585220336914e-01
7.013939619064331055e-01
6.670126914978027344e-01
7.391524314880371094e-01
7.472534775733947754e-01
7.817323207855224609e-01
6.982541680335998535e-01
7.174509763717651367e-01
7.116291522979736328e-01
7.482460141181945801e-01
7.350973486900329590e-01
7.225584387779235840e-01
7.279223203659057617e-01
7.412434816360473633e-01
7.351369857788085938e-01
7.389178872108459473e-01
7.154096364974975586e-01
7.085115313529968262e-01
7.180361151695251465e-01
7.514581680297851562e-01
7.006374001502990723e-01
7.016450166702270508e-01
7.276163101196289062e-01
6.946114301681518555e-01
7.489255070686340332e-01
7.032281160354614258e-01
7.289320230484008789e-01
7.347606420516967773e-01
7.109777331352233887e-01
7.043407559394836426e-01
7.205313444137573242e-01
6.990462541580200195e-01
7.206344604492187500e-01
6.925873756408691406e-01
7.494224905967712402e-01
7.193034887313842773e-01
7.107173204421997070e-01
7.343338131904602051e-01
7.265338897705078125e-01
7.285804748535156250e-01
7.310825586318969727e-01
7.350369095802307129e-01
7.439954280853271484e-01
7.249377965927124023e-01
7.472512125968933105e-01
7.270754575729370117e-01
6.961929202079772949e-01
7.133984565734863281e-01
7.762733697891235352e-01
7.525451183319091797e-01
7.174935936927795410e-01
7.432426810264587402e-01
7.349933385848999023e-01
7.270618677139282227e-01
7.182267904281616211e-01
7.396279573440551758e-01
7.555069327354431152e-01
7.244896888732910156e-01
7.340658307075500488e-01
7.048469781875610352e-01
7.362379431724548340e-01
7.243887186050415039e-01
7.223130464553833008e-01
6.623957157135009766e-01
6.867566704750061035e-01
7.491558194160461426e-01
7.519906163215637207e-01
7.396628856658935547e-01
7.087400555610656738e-01
7.168928384780883789e-01
7.259666919708251953e-01
7.455474138259887695e-01
6.936700940132141113e-01
7.408418655395507812e-01
7.418767213821411133e-01
6.990514397621154785e-01
7.601916193962097168e-01
7.178626060485839844e-01
6.995341181755065918e-01
6.883542537689208984e-01
7.565521001815795898e-01
7.115681767463684082e-01
7.178261280059814453e-01
7.328413128852844238e-01
7.298794388771057129e-01
7.631984353065490723e-01
6.936396360397338867e-01
7.396352291107177734e-01
7.440143227577209473e-01
7.601754069328308105e-01
7.088431119918823242e-01
7.107913494110107422e-01
7.120105624198913574e-01
7.339768409729003906e-01
7.284914851188659668e-01
6.968635916709899902e-01
7.044180631637573242e-01
6.672876477241516113e-01
6.955007910728454590e-01
7.298512458801269531e-01
7.007690668106079102e-01
7.186831831932067871e-01
7.436717152595520020e-01
7.379017472267150879e-01
7.381725907325744629e-01
7.537041306495666504e-01
7.159757018089294434e-01
7.303178310394287109e-01
7.542179226875305176e-01
7.550954818725585938e-01
6.972310543060302734e-01
7.667956352233886719e-01
7.070138454437255859e-01
6.989887952804565430e-01
7.461711168289184570e-01
7.307493686676025391e-01
7.047365903854370117e-01
7.237274050712585449e-01
7.638386487960815430e-01
7.333259582519531250e-01
7.695462107658386230e-01
7.352026700973510742e-01
7.557077407836914062e-01
7.225279211997985840e-01
6.981912255287170410e-01
7.412474155426025391e-01
7.232158184051513672e-01
7.294188141822814941e-01
7.373513579368591309e-01
7.433550357818603516e-01
7.033562660217285156e-01
7.262872457504272461e-01
6.935353279113769531e-01
7.121819257736206055e-01
7.267649173736572266e-01
7.428537607192993164e-01
7.521336078643798828e-01
7.603932619094848633e-01
7.248203754425048828e-01
7.420908212661743164e-01
7.371217608451843262e-01
7.556051015853881836e-01
7.094773054122924805e-01
7.310256361961364746e-01
7.477661371231079102e-01
7.012672424316406250e-01
6.660279035568237305e-01
7.395380735397338867e-01
7.462337017059326172e-01
7.808797359466552734e-01
6.976600289344787598e-01
7.160636782646179199e-01
7.096116542816162109e-01
7.456529736518859863e-01
7.327669858932495117e-01
7.203295826911926270e-01
7.250688076019287109e-01
7.369526624679565430e-01
7.287991046905517578e-01
7.327683568000793457e-01
7.118807435035705566e-01
7.033602595329284668e-01
7.119327187538146973e-01
7.427040338516235352e-01
6.960003972053527832e-01
6.962376832962036133e-01
7.193419933319091797e-01
6.912704706192016602e-01
7.369939684867858887e-01
6.973214149475097656e-01
7.185809612274169922e-01
7.242394685745239258e-01
7.025660872459411621e-01
6.980126500129699707e-01
7.100751399993896484e-01
6.942062377929687500e-01
7.102870345115661621e-01
6.882893443107604980e-01
7.321194410324096680e-01
7.070416808128356934e-01
7.006010413169860840e-01
7.186874151229858398e-01
7.132800817489624023e-01
7.141177058219909668e-01
7.155896425247192383e-01
7.176917791366577148e-01
7.263581156730651855e-01
7.099032998085021973e-01
7.260411977767944336e-01
7.115652561187744141e-01
6.894290447235107422e-01
7.012322545051574707e-01
7.461728453636169434e-01
7.285923957824707031e-01
7.027663588523864746e-01
7.227298021316528320e-01
7.149548530578613281e-01
7.084132432937622070e-01
7.018815279006958008e-01
7.171134948730468750e-01
7.256914973258972168e-01
7.052295804023742676e-01
7.141767740249633789e-01
6.939033269882202148e-01
7.136490345001220703e-01
7.063903212547302246e-01
7.040323019027709961e-01
6.665510535240173340e-01
6.813054680824279785e-01
7.208160161972045898e-01
7.232989072799682617e-01
7.145252227783203125e-01
6.969122886657714844e-01
7.009913325309753418e-01
7.042133808135986328e-01
7.138854265213012695e-01
6.852629184722900391e-01
7.146332859992980957e-01
7.130697965621948242e-01
6.867632865905761719e-01
7.246975898742675781e-01
7.001755833625793457e-01
6.892884969711303711e-01
6.813445091247558594e-01
7.232914566993713379e-01
6.964517831802368164e-01
6.991022229194641113e-01
7.075316309928894043e-01
7.048515677452087402e-01
7.228783369064331055e-01
6.877569556236267090e-01
7.113137841224670410e-01
7.135712504386901855e-01
7.210167646408081055e-01
6.926008462905883789e-01
6.941757202148437500e-01
6.944907307624816895e-01
7.080414295196533203e-01
7.039833664894104004e-01
6.874716877937316895e-01
6.913428306579589844e-01
6.715033054351806641e-01
6.869017481803894043e-01
7.029891014099121094e-01
6.870566010475158691e-01
7.011039257049560547e-01
7.106486558914184570e-01
7.071623802185058594e-01
7.065187692642211914e-01
7.158721089363098145e-01
6.964668035507202148e-01
7.023843526840209961e-01
7.160010337829589844e-01
7.150276899337768555e-01
6.856907606124877930e-01
7.191127538681030273e-01
6.919369101524353027e-01
6.892893910408020020e-01
7.112615108489990234e-01
7.022598981857299805e-01
6.896759867668151855e-01
6.990557909011840820e-01
7.192142605781555176e-01
7.026085853576660156e-01
7.166628837585449219e-01
7.041466236114501953e-01
7.156749367713928223e-01
6.975979804992675781e-01
6.873227953910827637e-01
7.059363126754760742e-01
6.989431381225585938e-01
6.982475519180297852e-01
7.059679031372070312e-01
7.066280245780944824e-01
6.852442026138305664e-01
7.012097835540771484e-01
6.856522560119628906e-01
6.925968527793884277e-01
6.987946629524230957e-01
7.049166560173034668e-01
7.099012136459350586e-01
7.131690382957458496e-01
6.971225142478942871e-01
7.072613239288330078e-01
7.035307884216308594e-01
7.104981541633605957e-01
6.910132169723510742e-01
7.028216719627380371e-01
7.047131657600402832e-01
6.878864169120788574e-01
6.729637384414672852e-01
7.039421796798706055e-01
7.055900692939758301e-01
7.192523479461669922e-01
6.867966651916503906e-01
6.933884024620056152e-01
6.897753477096557617e-01
7.046736478805541992e-01
7.039259076118469238e-01
6.968154311180114746e-01
6.977705955505371094e-01
7.025285363197326660e-01
6.995338797569274902e-01
7.019857168197631836e-01
6.953139305114746094e-01
6.891161203384399414e-01
6.954562067985534668e-01
7.070760130882263184e-01
6.897099018096923828e-01
6.857684254646301270e-01
6.962069272994995117e-01
6.869140863418579102e-01
7.047740817070007324e-01
6.899263262748718262e-01
6.981920003890991211e-01
7.008852958679199219e-01
6.903195977210998535e-01
6.904318928718566895e-01
6.929103136062622070e-01
6.900851726531982422e-01
6.944242119789123535e-01
6.867572665214538574e-01
7.048671245574951172e-01
6.916720867156982422e-01
6.895909309387207031e-01
6.986106634140014648e-01
6.966027021408081055e-01
6.967695355415344238e-01
6.968880295753479004e-01
6.976596117019653320e-01
7.046149969100952148e-01
6.962254643440246582e-01
7.007161378860473633e-01
6.969748139381408691e-01
6.885519027709960938e-01
6.926301717758178711e-01
7.140863537788391113e-01
7.045192122459411621e-01
6.925373673439025879e-01
7.043055891990661621e-01
6.996127367019653320e-01
6.943447589874267578e-01
6.907772421836853027e-01
6.995828151702880859e-01
7.019827365875244141e-01
6.933387517929077148e-01
7.003591060638427734e-01
6.907589435577392578e-01
6.989807486534118652e-01
6.962197422981262207e-01
6.941372752189636230e-01
6.791805028915405273e-01
6.845147013664245605e-01
7.027273774147033691e-01
7.043613195419311523e-01
7.004125714302062988e-01
6.936106681823730469e-01
6.953647136688232422e-01
6.943945288658142090e-01
6.960583925247192383e-01
6.860893964767456055e-01
7.014864087104797363e-01
6.976581215858459473e-01
6.853761076927185059e-01
7.051510810852050781e-01
6.945620775222778320e-01
6.897503733634948730e-01
6.841694712638854980e-01
7.063026428222656250e-01
6.927037239074707031e-01
6.939697265625000000e-01
6.973153948783874512e-01
6.955721378326416016e-01
7.023944854736328125e-01
6.915180683135986328e-01
7.000073194503784180e-01
7.012135386466979980e-01
7.028052806854248047e-01
6.895458102226257324e-01
6.904911398887634277e-01
6.910036802291870117e-01
6.996266841888427734e-01
6.964921355247497559e-01
6.885544657707214355e-01
6.905674338340759277e-01
6.816753745079040527e-01
6.888526678085327148e-01
6.944752335548400879e-01
6.867581605911254883e-01
6.975170969963073730e-01
6.995322704315185547e-01
6.971550583839416504e-01
6.971369385719299316e-01
7.027899026870727539e-01
6.926799416542053223e-01
6.943988800048828125e-01
7.032198905944824219e-01
7.018371820449829102e-01
6.867091059684753418e-01
7.021032571792602539e-01
6.910722255706787109e-01
6.913950443267822266e-01
7.013186216354370117e-01
6.955987811088562012e-01
6.896092891693115234e-01
6.946007609367370605e-01
7.049245834350585938e-01
6.954654455184936523e-01
6.999243497848510742e-01
6.972112655639648438e-01
7.045534849166870117e-01
6.926910877227783203e-01
6.897166371345520020e-01
6.979306936264038086e-01
6.949478387832641602e-01
6.918717622756958008e-01
6.990231275558471680e-01
6.979733109474182129e-01
6.843727231025695801e-01
6.972451210021972656e-01
6.887102127075195312e-01
6.913158297538757324e-01
6.948030591011047363e-01
6.958057880401611328e-01
6.997723579406738281e-01
7.020282745361328125e-01
6.928359270095825195e-01
7.010612487792968750e-01
6.975167393684387207e-01
6.999927163124084473e-01
6.903250217437744141e-01
6.985394954681396484e-01
6.955813169479370117e-01
6.887556314468383789e-01
6.803711652755737305e-01
6.979194283485412598e-01
6.973712444305419922e-01
7.044219374656677246e-01
6.883742809295654297e-01
6.909217834472656250e-01
6.891996264457702637e-01
6.960389018058776855e-01
6.997662782669067383e-01
6.941900253295898438e-01
6.944778561592102051e-01
6.955342292785644531e-01
6.945896744728088379e-01
6.964957118034362793e-01
6.943219900131225586e-01
6.889675855636596680e-01
6.945229768753051758e-01
6.993137598037719727e-01
6.916739940643310547e-01
6.862419247627258301e-01
6.927559375762939453e-01
6.899955868721008301e-01
6.975145339965820312e-01
6.920915842056274414e-01
6.950802206993103027e-01
6.968759894371032715e-01
6.898306012153625488e-01
6.922475695610046387e-01
6.907566785812377930e-01
6.923721432685852051e-01
6.926583051681518555e-01
6.898866891860961914e-01
6.985133886337280273e-01
6.900739073753356934e-01
6.890343427658081055e-01
6.942566633224487305e-01
6.931673884391784668e-01
6.938686966896057129e-01
6.929650306701660156e-01
6.932471990585327148e-01
6.997922062873840332e-01
6.936305761337280273e-01
6.945735216140747070e-01
6.940878629684448242e-01
6.920145750045776367e-01
6.919475197792053223e-01
7.046713829040527344e-01
6.977789402008056641e-01
6.924862861633300781e-01
7.000557184219360352e-01
6.967782378196716309e-01
6.921299695968627930e-01
6.888056993484497070e-01
6.956083178520202637e-01
6.951190233230590820e-01
6.908863782882690430e-01
6.971310377120971680e-01
6.919801235198974609e-01
6.956812143325805664e-01
6.947661042213439941e-01
6.925570368766784668e-01
6.870211958885192871e-01
6.884859204292297363e-01
6.978152990341186523e-01
6.987345218658447266e-01
6.968818902969360352e-01
6.944176554679870605e-01
6.951828002929687500e-01
6.926754713058471680e-01
6.908118724822998047e-01
6.888288259506225586e-01
6.986040472984313965e-01
6.937776803970336914e-01
6.872367262840270996e-01
6.988706588745117188e-01
6.947472095489501953e-01
6.918960213661193848e-01
6.872569322586059570e-01
7.010428905487060547e-01
6.933375597000122070e-01
6.936177611351013184e-01
6.949440836906433105e-01
6.933777332305908203e-01
6.953266263008117676e-01
6.954669952392578125e-01
6.975397467613220215e-01
6.978480219841003418e-01
6.968681812286376953e-01
6.900586485862731934e-01
6.907094717025756836e-01
6.914111971855163574e-01
6.982111930847167969e-01
6.946117281913757324e-01
6.908000111579895020e-01
6.917664408683776855e-01
6.882039904594421387e-01
6.915547251701354980e-01
6.925168633460998535e-01
6.881810426712036133e-01
6.973447799682617188e-01
6.962733864784240723e-01
6.942330002784729004e-01
6.945875287055969238e-01
6.987016797065734863e-01
6.921989321708679199e-01
6.919785141944885254e-01
6.994391679763793945e-01
6.973907351493835449e-01
6.886873841285705566e-01
6.958197355270385742e-01
6.918012499809265137e-01
6.934323906898498535e-01
6.983715295791625977e-01
6.939269304275512695e-01
6.908156871795654297e-01
6.940656304359436035e-01
6.994738578796386719e-01
6.935260295867919922e-01
6.938577890396118164e-01
6.952161788940429688e-01
7.006347179412841797e-01
6.914579272270202637e-01
6.919293999671936035e-01
6.959079504013061523e-01
6.941355466842651367e-01
6.898102164268493652e-01
6.972998976707458496e-01
6.954032182693481445e-01
6.848960518836975098e-01
6.967759728431701660e-01
6.911513805389404297e-01
6.919140815734863281e-01
6.945205926895141602e-01
6.931663751602172852e-01
6.960681676864624023e-01
6.981145739555358887e-01
6.920406222343444824e-01
6.987779736518859863e-01
6.958437561988830566e-01
6.963046789169311523e-01
6.907827258110046387e-01
6.973851323127746582e-01
6.920846700668334961e-01
6.897814273834228516e-01
6.846034526824951172e-01
6.960809230804443359e-01
6.946920156478881836e-01
6.987261176109313965e-01
6.900818347930908203e-01
6.905363798141479492e-01
6.901808977127075195e-01
6.934140324592590332e-01
6.983996033668518066e-01
6.941561698913574219e-01
6.941794157028198242e-01
6.927042007446289062e-01
6.936941146850585938e-01
6.954289674758911133e-01
6.943361163139343262e-01
6.899699568748474121e-01
6.949949860572814941e-01
6.965606212615966797e-01
6.932584047317504883e-01
6.868279576301574707e-01
6.918687820434570312e-01
6.924512386322021484e-01
6.949266195297241211e-01
6.939244866371154785e-01
6.944063305854797363e-01
6.959499120712280273e-01
6.906231045722961426e-01
6.937552690505981445e-01
6.909584403038024902e-01
6.944285631179809570e-01
6.929752230644226074e-01
6.920401453971862793e-01
6.965720653533935547e-01
6.900544166564941406e-01
6.890768408775329590e-01
6.932282447814941406e-01
6.921699047088623047e-01
6.930686235427856445e-01
6.918584108352661133e-01
6.914660930633544922e-01
6.978095173835754395e-01
6.928593516349792480e-01
6.923578381538391113e-01
6.935016512870788574e-01
6.945981383323669434e-01
6.923683881759643555e-01
7.009114027023315430e-01
6.952962875366210938e-01
6.930854320526123047e-01
6.980952024459838867e-01
6.959306597709655762e-01
6.917237043380737305e-01
6.886316537857055664e-01
6.946452260017395020e-01
6.923002004623413086e-01
6.897571682929992676e-01
6.958220005035400391e-01
6.924633979797363281e-01
6.941281557083129883e-01
6.941903829574584961e-01
6.919745802879333496e-01
6.910983920097351074e-01
6.910024285316467285e-01
6.959161162376403809e-01
6.968364119529724121e-01
6.954884529113769531e-01
6.953730583190917969e-01
6.955080628395080566e-01
6.929099559783935547e-01
6.888525485992431641e-01
6.903091669082641602e-01
6.975867152214050293e-01
6.926101446151733398e-01
6.884449720382690430e-01
6.964844465255737305e-01
6.954119205474853516e-01
6.933677196502685547e-01
6.889220476150512695e-01
6.989604234695434570e-01
6.938744783401489258e-01
6.944025754928588867e-01
6.941652297973632812e-01
6.926916837692260742e-01
6.922990083694458008e-01
6.978550553321838379e-01
6.965647935867309570e-01
6.971216201782226562e-01
6.948069334030151367e-01
6.909811496734619141e-01
6.915216445922851562e-01
6.920884251594543457e-01
6.977233886718750000e-01
6.941194534301757812e-01
6.923345327377319336e-01
6.927276849746704102e-01
6.918168663978576660e-01
6.930246949195861816e-01
6.923514604568481445e-01
6.890634298324584961e-01
6.972449421882629395e-01
6.949895024299621582e-01
6.930838823318481445e-01
6.939026713371276855e-01
6.970524787902832031e-01
6.921929121017456055e-01
6.906232237815856934e-01
6.985936760902404785e-01
6.958074569702148438e-01
6.896686553955078125e-01
6.930177211761474609e-01
6.925894021987915039e-01
6.950360536575317383e-01
6.973213553428649902e-01
6.935827732086181641e-01
6.915285587310791016e-01
6.939299106597900391e-01
6.968258619308471680e-01
6.933280825614929199e-01
6.915142536163330078e-01
6.946870088577270508e-01
6.991319656372070312e-01
6.909387111663818359e-01
6.934415102005004883e-01
6.951931118965148926e-01
6.939320564270019531e-01
6.891385912895202637e-01
6.967059373855590820e-01
6.943016052246093750e-01
6.852561831474304199e-01
6.966917514801025391e-01
6.924794912338256836e-01
6.929478645324707031e-01
6.943846940994262695e-01
6.919506788253784180e-01
6.945894956588745117e-01
6.963961124420166016e-01
6.918350458145141602e-01
6.978786587715148926e-01
6.949115991592407227e-01
6.945899724960327148e-01
6.910501122474670410e-01
6.965204477310180664e-01
6.905316710472106934e-01
6.900910735130310059e-01
6.866897344589233398e-01
6.954926252365112305e-01
6.936252117156982422e-01
6.964983344078063965e-01
6.912056207656860352e-01
6.907824277877807617e-01
6.907011866569519043e-01
6.921728849411010742e-01
6.978969573974609375e-01
6.939929723739624023e-01
6.945139765739440918e-01
6.914014816284179688e-01
6.940665245056152344e-01
6.950644850730895996e-01
6.944057345390319824e-01
6.905796527862548828e-01
6.956865191459655762e-01
6.953549385070800781e-01
6.939500570297241211e-01
6.869868040084838867e-01
6.919069290161132812e-01
6.933768391609191895e-01
6.938135027885437012e-01
6.948190331459045410e-01
6.941944360733032227e-01
6.958992481231689453e-01
6.908932328224182129e-01
6.945914030075073242e-01
6.914166212081909180e-01
6.952368021011352539e-01
6.933265924453735352e-01
6.930997371673583984e-01
6.957260370254516602e-01
6.898071765899658203e-01
6.888371706008911133e-01
6.933931708335876465e-01
6.916949748992919922e-01
6.928501129150390625e-01
6.912606954574584961e-01
6.907137632369995117e-01
6.970037221908569336e-01
6.923071146011352539e-01
6.912882328033447266e-01
6.932898163795471191e-01
6.959273815155029297e-01
6.928071975708007812e-01
6.985862255096435547e-01
6.939750313758850098e-01
6.937072873115539551e-01
6.974094510078430176e-01
6.956866979598999023e-01
6.914572715759277344e-01
6.885780096054077148e-01
6.942433714866638184e-01
6.914275884628295898e-01
6.889886856079101562e-01
6.956335902214050293e-01
6.928410530090332031e-01
6.931278109550476074e-01
6.942213177680969238e-01
6.920120716094970703e-01
6.931005716323852539e-01
6.922777295112609863e-01
6.951620578765869141e-01
6.959969401359558105e-01
6.947106122970581055e-01
6.958341598510742188e-01
6.956367492675781250e-01
6.931611895561218262e-01
6.879860758781433105e-01
6.916107535362243652e-01
6.971577405929565430e-01
6.921393275260925293e-01
6.892583370208740234e-01
6.951364278793334961e-01
6.959925293922424316e-01
6.942166686058044434e-01
6.900110244750976562e-01
6.981001496315002441e-01
6.942666172981262207e-01
6.949166059494018555e-01
6.937269568443298340e-01
6.925671100616455078e-01
6.909838318824768066e-01
6.992909908294677734e-01
6.962791681289672852e-01
6.970248222351074219e-01
6.936495304107666016e-01
6.913001537322998047e-01
6.917948126792907715e-01
6.925247907638549805e-01
6.974427103996276855e-01
6.938082575798034668e-01
6.933096647262573242e-01
6.932312250137329102e-01
6.943213343620300293e-01
6.940602064132690430e-01
6.923421621322631836e-01
6.893970370292663574e-01
6.975891590118408203e-01
6.942692399024963379e-01
6.928428411483764648e-01
6.933055520057678223e-01
6.959828138351440430e-01
6.922652721405029297e-01
6.903534531593322754e-01
6.985259056091308594e-01
6.951407790184020996e-01
6.905107498168945312e-01
6.914596557617187500e-01
6.932348012924194336e-01
6.961523294448852539e-01
6.971364617347717285e-01
6.934148073196411133e-01
6.919578313827514648e-01
6.940935254096984863e-01
6.959227323532104492e-01
6.932740211486816406e-01
6.903472542762756348e-01
6.944765448570251465e-01
6.984524130821228027e-01
6.906481981277465820e-01
6.943730115890502930e-01
6.947692632675170898e-01
6.939166188240051270e-01
6.887194514274597168e-01
6.965543031692504883e-01
6.937820911407470703e-01
6.854089498519897461e-01
6.967889666557312012e-01
6.934863924980163574e-01
6.935555934906005859e-01
6.946404576301574707e-01
6.912882924079895020e-01
6.937108039855957031e-01
6.960265636444091797e-01
6.919000744819641113e-01
6.977876424789428711e-01
6.945620179176330566e-01
6.936280131340026855e-01
6.912364959716796875e-01
6.959826946258544922e-01
6.896440982818603516e-01
6.902412772178649902e-01
6.883460283279418945e-01
6.950845122337341309e-01
6.930253505706787109e-01
6.949250102043151855e-01
6.920750141143798828e-01
6.907148957252502441e-01
6.910980343818664551e-01
6.915131807327270508e-01
6.977965235710144043e-01
6.939018964767456055e-01
6.947123408317565918e-01
6.907770633697509766e-01
6.934378743171691895e-01
6.946924328804016113e-01
6.945394873619079590e-01
6.907351613044738770e-01
6.958285570144653320e-01
6.948435306549072266e-01
6.941732168197631836e-01
6.870235204696655273e-01
6.917878389358520508e-01
6.937753558158874512e-01
6.929205060005187988e-01
6.955962181091308594e-01
6.938116550445556641e-01
6.958204507827758789e-01
6.911105513572692871e-01
6.949641704559326172e-01
6.916185617446899414e-01
6.957420706748962402e-01
6.933133602142333984e-01
6.938902139663696289e-01
6.953835487365722656e-01
6.896132826805114746e-01
6.888124942779541016e-01
6.931695938110351562e-01
6.913896799087524414e-01
6.928114891052246094e-01
6.909160614013671875e-01
6.899731755256652832e-01
6.967461109161376953e-01
6.922772526741027832e-01
6.906683444976806641e-01
6.934735178947448730e-01
6.966487169265747070e-01
6.931079626083374023e-01
6.975558996200561523e-01
6.932622790336608887e-01
6.941079497337341309e-01
6.971841454505920410e-01
6.955664157867431641e-01
6.910461187362670898e-01
6.885403990745544434e-01
6.940185427665710449e-01
6.911432743072509766e-01
6.883936524391174316e-01
6.950995326042175293e-01
6.929022669792175293e-01
6.924674510955810547e-01
6.941714286804199219e-01
6.923395395278930664e-01
6.941815614700317383e-01
6.927720308303833008e-01
6.948233842849731445e-01
6.956697106361389160e-01
6.942406296730041504e-01
6.956843137741088867e-01
6.957944035530090332e-01
6.935153603553771973e-01
6.875112056732177734e-01
6.921817064285278320e-01
6.969391703605651855e-01
6.918845176696777344e-01
6.891627311706542969e-01
6.943992972373962402e-01
6.962584257125854492e-01
6.942241191864013672e-01
6.903660893440246582e-01
6.975103616714477539e-01
6.944914460182189941e-01
6.954686045646667480e-01
6.935499310493469238e-01
6.921049952507019043e-01
6.899656057357788086e-01
7.002129554748535156e-01
6.962898373603820801e-01
6.973394155502319336e-01
6.934072971343994141e-01
6.915637254714965820e-01
6.917121410369873047e-01
6.925929188728332520e-01
6.971934437751770020e-01
6.938311457633972168e-01
6.936755180358886719e-01
6.934372782707214355e-01
6.953429579734802246e-01
6.942963600158691406e-01
6.921052336692810059e-01
6.895462870597839355e-01
6.973620057106018066e-01
6.937991380691528320e-01
6.925833821296691895e-01
6.928630471229553223e-01
6.956769824028015137e-01
6.921514272689819336e-01
6.901611685752868652e-01
6.985279321670532227e-01
6.948334574699401855e-01
6.908412575721740723e-01
6.910274028778076172e-01
6.934002041816711426e-01
6.967467069625854492e-01
6.970923542976379395e-01
6.931993365287780762e-01
6.920347213745117188e-01
6.943717002868652344e-01
6.953761577606201172e-01
6.931794285774230957e-01
6.899435520172119141e-01
6.943447589874267578e-01
6.981685161590576172e-01
6.906729936599731445e-01
6.947391629219055176e-01
6.947312355041503906e-01
6.937682628631591797e-01
6.884425878524780273e-01
6.966651082038879395e-01
6.937998533248901367e-01
6.853700876235961914e-01
6.967977881431579590e-01
6.937682628631591797e-01
6.937583684921264648e-01
6.950233578681945801e-01
6.910432577133178711e-01
6.933984160423278809e-01
6.959451436996459961e-01
6.921708583831787109e-01
6.975478529930114746e-01
6.940822005271911621e-01
6.933435201644897461e-01
6.911681890487670898e-01
6.955408453941345215e-01
6.892685890197753906e-01
6.899471282958984375e-01
6.884257793426513672e-01
6.948488950729370117e-01
6.929947733879089355e-01
6.949297785758972168e-01
6.920795440673828125e-01
6.904690265655517578e-01
6.913933157920837402e-01
6.915580630302429199e-01
6.976171731948852539e-01
6.940466165542602539e-01
6.951735615730285645e-01
6.906649470329284668e-01
6.931923627853393555e-01
6.943395137786865234e-01
6.941913366317749023e-01
6.906943917274475098e-01
6.957997679710388184e-01
6.947986483573913574e-01
6.938708424568176270e-01
6.867055892944335938e-01
6.921012401580810547e-01
6.938031911849975586e-01
6.927821040153503418e-01
6.960226297378540039e-01
6.935064196586608887e-01
6.958549618721008301e-01
6.914336681365966797e-01
6.948217749595642090e-01
6.917363405227661133e-01
6.955482959747314453e-01
6.933882832527160645e-01
6.942981481552124023e-01
6.952857375144958496e-01
6.895301938056945801e-01
6.886059045791625977e-01
6.932040452957153320e-01
6.910025477409362793e-01
6.928017735481262207e-01
6.910640597343444824e-01
6.896467208862304688e-01
6.965585947036743164e-01
6.923253536224365234e-01
6.903671622276306152e-01
6.937032938003540039e-01
6.965496540069580078e-01
6.936438679695129395e-01
6.969295144081115723e-01
6.929849982261657715e-01
6.940219402313232422e-01
6.973724365234375000e-01
6.953687667846679688e-01
6.908705234527587891e-01
6.884237527847290039e-01
6.936004161834716797e-01
6.911064982414245605e-01
6.881586909294128418e-01
6.947664022445678711e-01
6.928970813751220703e-01
6.921685934066772461e-01
6.939903497695922852e-01
6.923877000808715820e-01
6.945444941520690918e-01
6.925573348999023438e-01
6.945551633834838867e-01
6.956126689910888672e-01
6.940461993217468262e-01
6.956336498260498047e-01
6.959537267684936523e-01
6.937601566314697266e-01
6.874386668205261230e-01
6.923763751983642578e-01
6.969006657600402832e-01
6.917107105255126953e-01
6.888928413391113281e-01
6.940833330154418945e-01
6.965278983116149902e-01
6.941357851028442383e-01
6.904063224792480469e-01
6.973605751991271973e-01
6.941908597946166992e-01
6.957868337631225586e-01
6.936452388763427734e-01
6.919413208961486816e-01
6.896458864212036133e-01
7.008159756660461426e-01
6.964260935783386230e-01
6.976578235626220703e-01
6.933689713478088379e-01
6.917269825935363770e-01
6.915261745452880859e-01
6.925890445709228516e-01
6.972519159317016602e-01
6.941110491752624512e-01
6.938794851303100586e-01
6.933815479278564453e-01
6.956918239593505859e-01
6.942276358604431152e-01
6.922199130058288574e-01
6.896935105323791504e-01
6.968914270401000977e-01
6.935391426086425781e-01
6.927134394645690918e-01
6.925946474075317383e-01
6.953908205032348633e-01
6.919612884521484375e-01
6.900643706321716309e-01
6.986834406852722168e-01
6.947275996208190918e-01
6.910979151725769043e-01
6.907299757003784180e-01
6.933715939521789551e-01
6.971514821052551270e-01
6.973668932914733887e-01
6.929821968078613281e-01
6.918889284133911133e-01
6.946262121200561523e-01
6.951588392257690430e-01
6.932754516601562500e-01
6.899490952491760254e-01
6.942898035049438477e-01
6.981732845306396484e-01
6.906810402870178223e-01
6.949139833450317383e-01
6.949840784072875977e-01
6.934612989425659180e-01
6.884182691574096680e-01
6.967966556549072266e-01
6.940267682075500488e-01
6.853764057159423828e-01
6.969048976898193359e-01
6.940584182739257812e-01
6.937633156776428223e-01
6.954711675643920898e-01
6.910273432731628418e-01
6.934061050415039062e-01
6.959622502326965332e-01
6.925284266471862793e-01
6.976470351219177246e-01
6.939181089401245117e-01
6.931504607200622559e-01
6.910797953605651855e-01
6.951547861099243164e-01
6.889496445655822754e-01
6.896820664405822754e-01
6.883591413497924805e-01
6.948008537292480469e-01
6.933766603469848633e-01
6.947102546691894531e-01
6.917758584022521973e-01
6.902015209197998047e-01
6.916502118110656738e-01
6.916074156761169434e-01
6.975525021553039551e-01
6.942123770713806152e-01
6.957725882530212402e-01
6.907209753990173340e-01
6.930927038192749023e-01
6.942828893661499023e-01
6.939133405685424805e-01
6.907538175582885742e-01
6.956694126129150391e-01
6.946375370025634766e-01
6.937977075576782227e-01
6.863439679145812988e-01
6.920455098152160645e-01
6.937912106513977051e-01
6.926984786987304688e-01
6.961529850959777832e-01
6.932645440101623535e-01
6.960104107856750488e-01
6.915128827095031738e-01
6.945350766181945801e-01
6.916285753250122070e-01
6.954832673072814941e-01
6.932347416877746582e-01
6.946177482604980469e-01
6.952048540115356445e-01
6.894845962524414062e-01
6.883952021598815918e-01
6.933597326278686523e-01
6.906796693801879883e-01
6.927785873413085938e-01
6.910604834556579590e-01
6.894838809967041016e-01
6.965736150741577148e-01
6.922220587730407715e-01
6.901476979255676270e-01
6.939609646797180176e-01
6.964506506919860840e-01
6.938365101814270020e-01
6.967851519584655762e-01
6.928031444549560547e-01
6.942876577377319336e-01
6.973904967308044434e-01
6.952763795852661133e-01
6.906793117523193359e-01
6.884278059005737305e-01
6.937498450279235840e-01
6.909923553466796875e-01
6.880584955215454102e-01
6.946967840194702148e-01
6.926310658454895020e-01
6.918247938156127930e-01
6.937822103500366211e-01
6.926429867744445801e-01
6.946445703506469727e-01
6.924626827239990234e-01
6.945103406906127930e-01
6.954878568649291992e-01
6.941474676132202148e-01
6.953918933868408203e-01
6.960000395774841309e-01
6.937861442565917969e-01
6.873229146003723145e-01
6.923579573631286621e-01
6.967560052871704102e-01
6.916279196739196777e-01
6.886063814163208008e-01
6.940108537673950195e-01
6.968477964401245117e-01
6.942275166511535645e-01
6.903475522994995117e-01
6.972682476043701172e-01
6.941747665405273438e-01
6.961631178855895996e-01
6.934273838996887207e-01
6.916689276695251465e-01
6.895877122879028320e-01
7.011901140213012695e-01
6.965620517730712891e-01
6.978904604911804199e-01
6.935015916824340820e-01
6.918338537216186523e-01
6.913453936576843262e-01
6.925560832023620605e-01
6.975057721138000488e-01
6.943730115890502930e-01
6.939646601676940918e-01
6.930221915245056152e-01
6.956439614295959473e-01
6.941257119178771973e-01
6.924904584884643555e-01
6.894586682319641113e-01
6.967955231666564941e-01
6.935051679611206055e-01
6.930119395256042480e-01
6.925314664840698242e-01
6.953254938125610352e-01
6.919441223144531250e-01
6.899959444999694824e-01
6.986017227172851562e-01
6.945507526397705078e-01
6.913112401962280273e-01
6.905851364135742188e-01
6.933993101119995117e-01
6.973120570182800293e-01
6.974390745162963867e-01
6.929392218589782715e-01
6.915587782859802246e-01
6.948575973510742188e-01
6.947829723358154297e-01
6.936223506927490234e-01
6.900835037231445312e-01
6.942481994628906250e-01
6.982535719871520996e-01
6.905888915061950684e-01
6.949682831764221191e-01
6.951400637626647949e-01
6.932922005653381348e-01
6.882668137550354004e-01
6.968939900398254395e-01
6.941808462142944336e-01
6.854728460311889648e-01
6.969203948974609375e-01
6.944140791893005371e-01
6.936675310134887695e-01
6.958153247833251953e-01
6.909725069999694824e-01
6.934952139854431152e-01
6.961160302162170410e-01
6.926761269569396973e-01
6.976987719535827637e-01
6.938630938529968262e-01
6.933204531669616699e-01
6.908420920372009277e-01
6.950133442878723145e-01
6.888012290000915527e-01
6.892004609107971191e-01
6.883480548858642578e-01
6.949463486671447754e-01
6.937896609306335449e-01
