7.607957720756530762e-01
7.381584048271179199e-01
6.888487339019775391e-01
7.525033354759216309e-01
7.110344767570495605e-01
7.274435162544250488e-01
7.185321450233459473e-01
7.357017993927001953e-01
7.387681007385253906e-01
7.145565152168273926e-01
7.322260141372680664e-01
7.098007798194885254e-01
7.339960336685180664e-01
7.232316732406616211e-01
7.585717439651489258e-01
7.220669984817504883e-01
7.162454128265380859e-01
7.524516582489013672e-01
7.276533842086791992e-01
6.986209154129028320e-01
7.162907123565673828e-01
7.350117564201354980e-01
7.072448730468750000e-01
6.998112797737121582e-01
7.148632407188415527e-01
7.087480425834655762e-01
6.942914128303527832e-01
7.351746559143066406e-01
7.379009723663330078e-01
7.376508116722106934e-01
7.319815754890441895e-01
6.849849224090576172e-01
7.673594951629638672e-01
7.331641912460327148e-01
7.250404357910156250e-01
7.371671199798583984e-01
7.373413443565368652e-01
7.202891111373901367e-01
7.289752960205078125e-01
7.115796804428100586e-01
7.302403450012207031e-01
7.102814316749572754e-01
7.502541542053222656e-01
7.396519184112548828e-01
7.274128794670104980e-01
7.056929469108581543e-01
7.544884681701660156e-01
7.470569610595703125e-01
7.324198484420776367e-01
7.203301191329956055e-01
7.296429872512817383e-01
7.442944049835205078e-01
6.886799931526184082e-01
7.160081267356872559e-01
7.017750740051269531e-01
7.273374199867248535e-01
6.952528357505798340e-01
7.276096940040588379e-01
6.628063321113586426e-01
6.999207735061645508e-01
7.297679781913757324e-01
7.402547001838684082e-01
7.479723691940307617e-01
7.086740732192993164e-01
7.102644443511962891e-01
7.470052838325500488e-01
7.463964223861694336e-01
7.182947397232055664e-01
7.322123050689697266e-01
7.381099462509155273e-01
7.296974658966064453e-01
7.585082650184631348e-01
7.443470954895019531e-01
6.969501376152038574e-01
7.026250958442687988e-01
7.143378853797912598e-01
7.268539071083068848e-01
7.066792249679565430e-01
7.442254424095153809e-01
7.265745997428894043e-01
7.484076619148254395e-01
6.872069239616394043e-01
7.450817227363586426e-01
7.495789527893066406e-01
7.413347959518432617e-01
7.055729627609252930e-01
7.202920913696289062e-01
6.986058950424194336e-01
7.276017665863037109e-01
7.613612413406372070e-01
7.148506045341491699e-01
6.777243614196777344e-01
6.612318158149719238e-01
7.233647704124450684e-01
7.312186956405639648e-01
7.106125950813293457e-01
7.307602167129516602e-01
7.366160154342651367e-01
7.193866372108459473e-01
7.401828765869140625e-01
7.110048532485961914e-01
7.141996026039123535e-01
7.144055962562561035e-01
7.615416049957275391e-01
7.177385091781616211e-01
7.195345163345336914e-01
7.464333176612854004e-01
7.361923456192016602e-01
6.974344849586486816e-01
7.345690727233886719e-01
7.258660793304443359e-01
7.388866543769836426e-01
7.295643091201782227e-01
7.210940122604370117e-01
7.269264459609985352e-01
7.569723725318908691e-01
7.232254147529602051e-01
7.405106425285339355e-01
7.016271352767944336e-01
7.199286222457885742e-01
7.273058295249938965e-01
7.148849368095397949e-01
7.193457484245300293e-01
7.007034420967102051e-01
7.249649167060852051e-01
7.243561744689941406e-01
7.308169603347778320e-01
6.865606904029846191e-01
7.374486327171325684e-01
7.340757250785827637e-01
7.211546301841735840e-01
7.114468812942504883e-01
7.650837898254394531e-01
6.945865154266357422e-01
7.266957163810729980e-01
7.126686573028564453e-01
7.376393079757690430e-01
7.068137526512145996e-01
7.168257832527160645e-01
7.239522933959960938e-01
7.032489180564880371e-01
6.886439919471740723e-01
7.171894907951354980e-01
7.448100447654724121e-01
7.676011919975280762e-01
7.203333377838134766e-01
6.939679384231567383e-01
7.658084034919738770e-01
7.146634459495544434e-01
7.258726358413696289e-01
7.201048731803894043e-01
7.341047525405883789e-01
7.383182048797607422e-01
7.172091007232666016e-01
7.267855405807495117e-01
6.968799829483032227e-01
7.239067554473876953e-01
7.220376729965209961e-01
7.487902641296386719e-01
7.199491858482360840e-01
7.142529487609863281e-01
7.389242649078369141e-01
7.253243923187255859e-01
6.887601017951965332e-01
7.148358821868896484e-01
7.327872514724731445e-01
7.110211849212646484e-01
7.069574594497680664e-01
7.090773582458496094e-01
7.022253870964050293e-01
6.959975957870483398e-01
7.362354993820190430e-01
7.352581024169921875e-01
7.365902662277221680e-01
7.281327843666076660e-01
6.827043890953063965e-01
7.641353011131286621e-01
7.358000278472900391e-01
7.206769585609436035e-01
7.353426218032836914e-01
7.414112091064453125e-01
7.201738953590393066e-01
7.310134768486022949e-01
7.060151696205139160e-01
7.268490791320800781e-01
7.154731750488281250e-01
7.510422468185424805e-01
7.367646694183349609e-01
7.288103699684143066e-01
7.140983939170837402e-01
7.514780759811401367e-01
7.452762126922607422e-01
7.310197949409484863e-01
7.220726013183593750e-01
7.315661311149597168e-01
7.408061623573303223e-01
6.917924284934997559e-01
7.133277654647827148e-01
7.028750777244567871e-01
7.280166149139404297e-01
6.989927291870117188e-01
7.301723957061767578e-01
6.668097376823425293e-01
6.990262866020202637e-01
7.285081148147583008e-01
7.447884082794189453e-01
7.465923428535461426e-01
7.134815454483032227e-01
7.086470723152160645e-01
7.396010756492614746e-01
7.409631013870239258e-01
7.232983112335205078e-01
7.319216132164001465e-01
7.341071367263793945e-01
7.335189580917358398e-01
7.576093673706054688e-01
7.407956123352050781e-01
6.959562301635742188e-01
7.003245353698730469e-01
7.144674062728881836e-01
7.259696722030639648e-01
7.061731219291687012e-01
7.432532310485839844e-01
7.244964241981506348e-01
7.500153183937072754e-01
6.839290261268615723e-01
7.475026249885559082e-01
7.504614591598510742e-01
7.408173680305480957e-01
7.108312249183654785e-01
7.232725620269775391e-01
6.960728168487548828e-01
7.347089052200317383e-01
7.598707675933837891e-01
7.145744562149047852e-01
6.774732470512390137e-01
6.587628126144409180e-01
7.247661352157592773e-01
7.278406023979187012e-01
7.099081277847290039e-01
7.317272424697875977e-01
7.318333983421325684e-01
7.202406525611877441e-01
7.360019683837890625e-01
7.123570442199707031e-01
7.149871587753295898e-01
7.151108384132385254e-01
7.614533901214599609e-01
7.187142372131347656e-01
7.175250053405761719e-01
7.476478219032287598e-01
7.330341339111328125e-01
6.901623010635375977e-01
7.336023449897766113e-01
7.259312272071838379e-01
7.339311838150024414e-01
7.292889356613159180e-01
7.225019335746765137e-01
7.285300493240356445e-01
7.562681436538696289e-01
7.260362505912780762e-01
7.409102320671081543e-01
6.983039975166320801e-01
7.188070416450500488e-01
7.299441695213317871e-01
7.173246741294860840e-01
7.220727205276489258e-01
7.029262185096740723e-01
7.237108349800109863e-01
7.256298065185546875e-01
7.298204898834228516e-01
6.906570196151733398e-01
7.376099228858947754e-01
7.359676361083984375e-01
7.226250171661376953e-01
7.121337056159973145e-01
7.671121954917907715e-01
6.963237524032592773e-01
7.283598780632019043e-01
7.086888551712036133e-01
7.380572557449340820e-01
7.075452208518981934e-01
7.206500172615051270e-01
7.252659201622009277e-01
7.020138502120971680e-01
6.880589723587036133e-01
7.180137038230895996e-01
7.416977286338806152e-01
7.662926316261291504e-01
7.175028920173645020e-01
6.945326328277587891e-01
7.619929313659667969e-01
7.188113927841186523e-01
7.216113209724426270e-01
7.216393351554870605e-01
7.354985475540161133e-01
7.370040416717529297e-01
7.144635915756225586e-01
7.207174897193908691e-01
6.961793303489685059e-01
7.257760763168334961e-01
7.245380878448486328e-01
7.482178211212158203e-01
7.225618362426757812e-01
7.138715982437133789e-01
7.366866469383239746e-01
7.248846292495727539e-01
6.901181936264038086e-01
7.155429124832153320e-01
7.323747277259826660e-01
7.113535404205322266e-01
7.045825719833374023e-01
7.093653678894042969e-01
7.035081982612609863e-01
6.968204975128173828e-01
7.354584932327270508e-01
7.360825538635253906e-01
7.373872399330139160e-01
7.290857434272766113e-01
6.842738986015319824e-01
7.637528181076049805e-01
7.347171902656555176e-01
7.180790901184082031e-01
7.391995787620544434e-01
7.430367469787597656e-01
7.205915451049804688e-01
7.307901978492736816e-01
7.039365768432617188e-01
7.249016761779785156e-01
7.175230383872985840e-01
7.505744695663452148e-01
7.345850467681884766e-01
7.301639318466186523e-01
7.150791287422180176e-01
7.496335506439208984e-01
7.482914328575134277e-01
7.273788452148437500e-01
7.194586992263793945e-01
7.331678271293640137e-01
7.411425113677978516e-01
6.924692988395690918e-01
7.150811553001403809e-01
7.004194855690002441e-01
7.279395461082458496e-01
6.989760398864746094e-01
7.306430339813232422e-01
6.681168079376220703e-01
6.979218721389770508e-01
7.312631011009216309e-01
7.444981336593627930e-01
7.465088367462158203e-01
7.113062143325805664e-01
7.095228433609008789e-01
7.408234477043151855e-01
7.426133155822753906e-01
7.236357927322387695e-01
7.318009734153747559e-01
7.332155704498291016e-01
7.341232895851135254e-01
7.593628764152526855e-01
7.389906048774719238e-01
6.961220502853393555e-01
6.990940570831298828e-01
7.140183448791503906e-01
7.255285978317260742e-01
7.066968679428100586e-01
7.425035238265991211e-01
7.238144874572753906e-01
7.516625523567199707e-01
6.832712888717651367e-01
7.481995820999145508e-01
7.477824687957763672e-01
7.411633133888244629e-01
7.125362753868103027e-01
7.253879308700561523e-01
6.959897279739379883e-01
7.357745766639709473e-01
7.603191137313842773e-01
7.150824666023254395e-01
6.772691011428833008e-01
6.575568914413452148e-01
7.251389622688293457e-01
7.264940142631530762e-01
7.149216532707214355e-01
7.305025458335876465e-01
7.286747097969055176e-01
7.219405770301818848e-01
7.383012771606445312e-01
7.171876430511474609e-01
7.151214480400085449e-01
7.176195383071899414e-01
7.587701678276062012e-01
7.193769216537475586e-01
7.163213491439819336e-01
7.482161521911621094e-01
7.335678339004516602e-01
6.924905776977539062e-01
7.343268990516662598e-01
7.274708151817321777e-01
7.350118160247802734e-01
7.298923134803771973e-01
7.221881151199340820e-01
7.267488837242126465e-01
7.579902410507202148e-01
7.251340150833129883e-01
7.420421242713928223e-01
6.987159252166748047e-01
7.170894145965576172e-01
7.300988435745239258e-01
7.199405431747436523e-01
7.224798202514648438e-01
7.028542757034301758e-01
7.225677967071533203e-01
7.251384854316711426e-01
7.306507229804992676e-01
6.889374852180480957e-01
7.400501370429992676e-01
7.361893057823181152e-01
7.222211956977844238e-01
7.120802998542785645e-01
7.683581113815307617e-01
6.983413696289062500e-01
7.299346923828125000e-01
7.108513712882995605e-01
7.375925183296203613e-01
7.098951339721679688e-01
7.193227410316467285e-01
7.277748584747314453e-01
7.004642486572265625e-01
6.860344409942626953e-01
7.173315286636352539e-01
7.395768761634826660e-01
7.661017179489135742e-01
7.185746431350708008e-01
6.941440105438232422e-01
7.606182694435119629e-01
7.199131846427917480e-01
7.208406925201416016e-01
7.215391993522644043e-01
7.349693775177001953e-01
7.350022196769714355e-01
7.150001525878906250e-01
7.195102572441101074e-01
6.957296729087829590e-01
7.256074547767639160e-01
7.271925210952758789e-01
7.484325170516967773e-01
7.227774858474731445e-01
7.142612934112548828e-01
7.380454540252685547e-01
7.253115773200988770e-01
6.905118227005004883e-01
7.157642245292663574e-01
7.317963838577270508e-01
7.134314179420471191e-01
7.030864953994750977e-01
7.083796262741088867e-01
7.046213150024414062e-01
6.969882249832153320e-01
7.349810600280761719e-01
7.356399297714233398e-01
7.392554283142089844e-01
7.300267815589904785e-01
6.863890290260314941e-01
7.637444138526916504e-01
7.347640991210937500e-01
7.193642854690551758e-01
7.409812211990356445e-01
7.443327903747558594e-01
7.206123471260070801e-01
7.313880324363708496e-01
7.045079469680786133e-01
7.232365012168884277e-01
7.182970046997070312e-01
7.516261935234069824e-01
7.324458360671997070e-01
7.287796735763549805e-01
7.147518396377563477e-01
7.485273480415344238e-01
7.494449019432067871e-01
7.262235879898071289e-01
7.204741239547729492e-01
7.329747676849365234e-01
7.431873679161071777e-01
6.929443478584289551e-01
7.171837687492370605e-01
7.006262540817260742e-01
7.273840904235839844e-01
7.012603282928466797e-01
7.305862307548522949e-01
6.672926545143127441e-01
6.977016329765319824e-01
7.305783033370971680e-01
7.461240291595458984e-01
7.456111311912536621e-01
7.098308801651000977e-01
7.096025943756103516e-01
7.428327202796936035e-01
7.430522441864013672e-01
7.230399847030639648e-01
7.326176166534423828e-01
7.350699901580810547e-01
7.360624670982360840e-01
7.586159706115722656e-01
7.382596135139465332e-01
6.970835328102111816e-01
6.992472410202026367e-01
7.157249450683593750e-01
7.265819311141967773e-01
7.079243063926696777e-01
7.429055571556091309e-01
7.268317341804504395e-01
7.525250911712646484e-01
6.835513710975646973e-01
7.492711544036865234e-01
7.461419105529785156e-01
7.416438460350036621e-01
7.123363614082336426e-01
7.255417108535766602e-01
6.950222253799438477e-01
7.355938553810119629e-01
7.599784135818481445e-01
7.125290036201477051e-01
6.757169961929321289e-01
6.587342023849487305e-01
7.236588597297668457e-01
7.248910069465637207e-01
7.152366638183593750e-01
7.289111614227294922e-01
7.284254431724548340e-01
7.220238447189331055e-01
7.396579980850219727e-01
7.188172340393066406e-01
7.152850627899169922e-01
7.185945510864257812e-01
7.592785954475402832e-01
7.194276452064514160e-01
7.169524431228637695e-01
7.500879168510437012e-01
7.319346666336059570e-01
6.934601068496704102e-01
7.322546243667602539e-01
7.272765040397644043e-01
7.370882034301757812e-01
7.307451963424682617e-01
7.202817201614379883e-01
7.259057760238647461e-01
7.582637071609497070e-01
7.231180667877197266e-01
7.424304485321044922e-01
6.985915899276733398e-01
7.169142365455627441e-01
7.308134436607360840e-01
7.208763957023620605e-01
7.232545614242553711e-01
7.025311589241027832e-01
7.227356433868408203e-01
7.240452170372009277e-01
7.314107418060302734e-01
6.865637302398681641e-01
7.409527301788330078e-01
7.359884977340698242e-01
7.225846052169799805e-01
7.136141061782836914e-01
7.696519494056701660e-01
6.989310979843139648e-01
7.300215959548950195e-01
7.136642932891845703e-01
7.366163134574890137e-01
7.114285826683044434e-01
7.193977832794189453e-01
7.290330529212951660e-01
6.995512843132019043e-01
6.851065754890441895e-01
7.159172296524047852e-01
7.396187782287597656e-01
7.647606730461120605e-01
7.188881635665893555e-01
6.937205195426940918e-01
7.570006847381591797e-01
7.188865542411804199e-01
7.184308767318725586e-01
7.191907763481140137e-01
7.300841808319091797e-01
7.300043106079101562e-01
7.120457887649536133e-01
7.159165740013122559e-01
6.905682682991027832e-01
7.206807732582092285e-01
7.226102352142333984e-01
7.401288747787475586e-01
7.161281108856201172e-01
7.087224721908569336e-01
7.284075617790222168e-01
7.167364954948425293e-01
6.874448657035827637e-01
7.085039019584655762e-01
7.215899825096130371e-01
7.074788212776184082e-01
6.954241991043090820e-01
6.997743248939514160e-01
6.974853277206420898e-01
6.926624178886413574e-01
7.218689918518066406e-01
7.215536832809448242e-01
7.260947823524475098e-01
7.170784473419189453e-01
6.826291084289550781e-01
7.414476275444030762e-01
7.192903757095336914e-01
7.077903747558593750e-01
7.243885397911071777e-01
7.242531180381774902e-01
7.075462341308593750e-01
7.145389318466186523e-01
6.973103284835815430e-01
7.065829038619995117e-01
7.059692740440368652e-01
7.300679683685302734e-01
7.128857374191284180e-01
7.111257314682006836e-01
7.032964229583740234e-01
7.230219841003417969e-01
7.277991175651550293e-01
7.095443606376647949e-01
7.058340907096862793e-01
7.138147354125976562e-01
7.222144007682800293e-01
6.832189559936523438e-01
7.026758790016174316e-01
6.913379430770874023e-01
7.067440748214721680e-01
6.926307082176208496e-01
7.118166089057922363e-01
6.713630557060241699e-01
6.894247531890869141e-01
7.099642753601074219e-01
7.206351161003112793e-01
7.181018590927124023e-01
6.958487033843994141e-01
6.965039968490600586e-01
7.190412282943725586e-01
7.136951684951782227e-01
7.059321999549865723e-01
7.087400555610656738e-01
7.117946147918701172e-01
7.140792608261108398e-01
7.234461307525634766e-01
7.105329036712646484e-01
6.891605257987976074e-01
6.900120973587036133e-01
7.000411152839660645e-01
7.062178254127502441e-01
6.970815062522888184e-01
7.153164744377136230e-01
7.056185007095336914e-01
7.146520614624023438e-01
6.794933676719665527e-01
7.157303094863891602e-01
7.132706046104431152e-01
7.126734256744384766e-01
6.985877156257629395e-01
7.050385475158691406e-01
6.824935078620910645e-01
7.105124592781066895e-01
7.196835875511169434e-01
6.943373084068298340e-01
6.732088327407836914e-01
6.707718372344970703e-01
7.014215588569641113e-01
6.987802982330322266e-01
6.969504356384277344e-01
7.014332413673400879e-01
6.981431841850280762e-01
6.975983977317810059e-01
7.076520323753356934e-01
7.004030942916870117e-01
6.958783864974975586e-01
6.990230083465576172e-01
7.162787318229675293e-01
6.998805999755859375e-01
6.972540020942687988e-01
7.129850983619689941e-01
7.023503780364990234e-01
6.842039823532104492e-01
7.022759318351745605e-01
7.012320756912231445e-01
7.049665451049804688e-01
6.999625563621520996e-01
6.978911161422729492e-01
7.012909650802612305e-01
7.179620265960693359e-01
6.948743462562561035e-01
7.064887285232543945e-01
6.852847337722778320e-01
6.937842369079589844e-01
7.019946575164794922e-01
6.986205577850341797e-01
7.003711462020874023e-01
6.886723041534423828e-01
6.964318752288818359e-01
7.001284956932067871e-01
7.037473917007446289e-01
6.830368041992187500e-01
7.055259346961975098e-01
7.002989053726196289e-01
6.989495754241943359e-01
6.953204870223999023e-01
7.157762646675109863e-01
6.897718906402587891e-01
7.011555433273315430e-01
6.965060234069824219e-01
7.001087665557861328e-01
6.949103474617004395e-01
6.972737312316894531e-01
7.030207514762878418e-01
6.854827404022216797e-01
6.833898425102233887e-01
6.931892633438110352e-01
7.039732933044433594e-01
7.130620479583740234e-01
6.944043040275573730e-01
6.845489144325256348e-01
7.084996104240417480e-01
6.993196010589599609e-01
6.938848495483398438e-01
6.982727646827697754e-01
6.988345980644226074e-01
6.966806650161743164e-01
6.956027150154113770e-01
6.940015554428100586e-01
6.831037998199462891e-01
6.958413124084472656e-01
6.994404196739196777e-01
7.063947319984436035e-01
6.978169083595275879e-01
6.928708553314208984e-01
6.995757818222045898e-01
6.980907320976257324e-01
6.869676113128662109e-01
6.949051022529602051e-01
6.983470916748046875e-01
6.982243657112121582e-01
6.872484087944030762e-01
6.861155033111572266e-01
6.896572113037109375e-01
6.913232803344726562e-01
6.999644637107849121e-01
6.979219913482666016e-01
7.046226263046264648e-01
6.981827616691589355e-01
6.835587620735168457e-01
7.072494029998779297e-01
6.998406648635864258e-01
6.955295801162719727e-01
7.040005922317504883e-01
7.005598545074462891e-01
6.953465938568115234e-01
6.958910226821899414e-01
6.940225362777709961e-01
6.922041773796081543e-01
6.961991786956787109e-01
7.080825567245483398e-01
6.958278417587280273e-01
6.968685984611511230e-01
6.968783140182495117e-01
7.011991143226623535e-01
7.085537314414978027e-01
6.977324485778808594e-01
6.970933079719543457e-01
7.003162503242492676e-01
7.053130865097045898e-01
6.815541982650756836e-01
6.951218843460083008e-01
6.901332139968872070e-01
6.937376856803894043e-01
6.920495033264160156e-01
6.996315717697143555e-01
6.834410429000854492e-01
6.886466741561889648e-01
6.989174485206604004e-01
7.049643993377685547e-01
7.008300423622131348e-01
6.911971569061279297e-01
6.930580735206604004e-01
7.051098942756652832e-01
6.962753534317016602e-01
6.994623541831970215e-01
6.963908076286315918e-01
7.004989981651306152e-01
7.042942643165588379e-01
7.037248611450195312e-01
6.973287463188171387e-01
6.899492740631103516e-01
6.903930902481079102e-01
6.951534152030944824e-01
6.993179321289062500e-01
6.966370344161987305e-01
7.040160894393920898e-01
6.977413296699523926e-01
6.960633397102355957e-01
6.834505796432495117e-01
7.009848356246948242e-01
6.994518637657165527e-01
7.017391324043273926e-01
6.977465152740478516e-01
6.994330883026123047e-01
6.813871860504150391e-01
7.028889656066894531e-01
7.027313709259033203e-01
6.908218264579772949e-01
6.793806552886962891e-01
6.850591897964477539e-01
6.962389945983886719e-01
6.906405091285705566e-01
6.935540437698364258e-01
6.934553384780883789e-01
6.881932020187377930e-01
6.914823651313781738e-01
6.977637410163879395e-01
6.968250870704650879e-01
6.921907663345336914e-01
6.960322856903076172e-01
7.012099027633666992e-01
6.963102817535400391e-01
6.939757466316223145e-01
7.017278075218200684e-01
6.945227980613708496e-01
6.858618855476379395e-01
6.939568519592285156e-01
6.956915855407714844e-01
6.967700123786926270e-01
6.929215192794799805e-01
6.941037178039550781e-01
6.972780227661132812e-01
7.060663104057312012e-01
6.890462636947631836e-01
6.980408430099487305e-01
6.855997443199157715e-01
6.907005310058593750e-01
6.963820457458496094e-01
6.956659555435180664e-01
6.969785690307617188e-01
6.889450550079345703e-01
6.917337179183959961e-01
6.968473196029663086e-01
6.982319951057434082e-01
6.873573064804077148e-01
6.969847083091735840e-01
6.926499605178833008e-01
6.962205767631530762e-01
6.942840814590454102e-01
7.021349072456359863e-01
6.920228004455566406e-01
6.963948607444763184e-01
6.967088580131530762e-01
6.929585933685302734e-01
6.943941712379455566e-01
6.954830884933471680e-01
6.994851827621459961e-01
6.861286163330078125e-01
6.881041526794433594e-01
6.905885934829711914e-01
6.976699829101562500e-01
7.007878422737121582e-01
6.913387775421142578e-01
6.860587596893310547e-01
6.976073980331420898e-01
6.980451345443725586e-01
6.914699077606201172e-01
6.959525942802429199e-01
6.933197379112243652e-01
6.910433769226074219e-01
6.942173838615417480e-01
6.913501024246215820e-01
6.847952604293823242e-01
6.916122436523437500e-01
6.955541372299194336e-01
6.993457078933715820e-01
6.955304145812988281e-01
6.915804147720336914e-01
6.934888362884521484e-01
6.955387592315673828e-01
6.903699636459350586e-01
6.947956085205078125e-01
6.938743591308593750e-01
6.986474990844726562e-01
6.879241466522216797e-01
6.848273873329162598e-01
6.905684471130371094e-01
6.942769289016723633e-01
6.946136951446533203e-01
6.928128004074096680e-01
6.996876001358032227e-01
6.941798329353332520e-01
6.879028677940368652e-01
6.976094841957092285e-01
6.955211162567138672e-01
6.950026154518127441e-01
6.996895074844360352e-01
6.944236755371093750e-01
6.941253542900085449e-01
6.921483278274536133e-01
6.955236792564392090e-01
6.897788643836975098e-01
6.957517266273498535e-01
7.022564411163330078e-01
6.928337812423706055e-01
6.941077709197998047e-01
6.970713734626770020e-01
6.953631043434143066e-01
7.041595578193664551e-01
6.955401897430419922e-01
6.961404681205749512e-01
6.975015401840209961e-01
7.004780173301696777e-01
6.844313740730285645e-01
6.942234039306640625e-01
6.921902894973754883e-01
6.905612945556640625e-01
6.931730508804321289e-01
6.966327428817749023e-01
6.906422972679138184e-01
6.900594234466552734e-01
6.960937380790710449e-01
7.007377743721008301e-01
6.958336830139160156e-01
6.909663081169128418e-01
6.940411925315856934e-01
7.006863355636596680e-01
6.915781497955322266e-01
6.986266374588012695e-01
6.934390664100646973e-01
6.976097226142883301e-01
7.028567194938659668e-01
6.976015567779541016e-01
6.942309737205505371e-01
6.917309761047363281e-01
6.927881240844726562e-01
6.945985555648803711e-01
6.981347799301147461e-01
6.978826522827148438e-01
7.011019587516784668e-01
6.960657835006713867e-01
6.903010606765747070e-01
6.867809295654296875e-01
6.963435411453247070e-01
6.954761147499084473e-01
6.984952688217163086e-01
6.993079185485839844e-01
6.983847022056579590e-01
6.825594305992126465e-01
7.011384963989257812e-01
6.978325843811035156e-01
6.911265254020690918e-01
6.839294433593750000e-01
6.929551362991333008e-01
6.962422728538513184e-01
6.880932450294494629e-01
6.935238838195800781e-01
6.917517185211181641e-01
6.846307516098022461e-01
6.895406842231750488e-01
6.952428817749023438e-01
6.964107751846313477e-01
6.915799975395202637e-01
6.955448985099792480e-01
6.955689191818237305e-01
6.953330636024475098e-01
6.931895017623901367e-01
6.983453035354614258e-01
6.924527287483215332e-01
6.877936720848083496e-01
6.912649869918823242e-01
6.946241855621337891e-01
6.950839757919311523e-01
6.913903951644897461e-01
6.941378116607666016e-01
6.964057683944702148e-01
7.019196748733520508e-01
6.880147457122802734e-01
6.954534053802490234e-01
6.861267089843750000e-01
6.902139782905578613e-01
6.958521604537963867e-01
6.948937773704528809e-01
6.960525512695312500e-01
6.903275847434997559e-01
6.904582381248474121e-01
6.964225769042968750e-01
6.964151263236999512e-01
6.899700164794921875e-01
6.940684914588928223e-01
6.904321908950805664e-01
6.958545446395874023e-01
6.939867138862609863e-01
6.969472765922546387e-01
6.938869953155517578e-01
6.950980424880981445e-01
6.976764798164367676e-01
6.904474496841430664e-01
6.951683163642883301e-01
6.955590248107910156e-01
6.983296871185302734e-01
6.874259114265441895e-01
6.915343999862670898e-01
6.905333399772644043e-01
6.955881714820861816e-01
6.963720321655273438e-01
6.908277273178100586e-01
6.872468590736389160e-01
6.943835020065307617e-01
6.983684301376342773e-01
6.914623975753784180e-01
6.958475708961486816e-01
6.918385624885559082e-01
6.893373131752014160e-01
6.934639811515808105e-01
6.903663873672485352e-01
6.869929432868957520e-01
6.905021667480468750e-01
6.941718459129333496e-01
6.970676183700561523e-01
6.952831745147705078e-01
6.917822957038879395e-01
6.913301348686218262e-01
6.948454976081848145e-01
6.927958130836486816e-01
6.958326697349548340e-01
6.927534341812133789e-01
6.988779306411743164e-01
6.881450414657592773e-01
6.847857236862182617e-01
6.917103528976440430e-01
6.954106092453002930e-01
6.927547454833984375e-01
6.911401748657226562e-01
6.981452703475952148e-01
6.933196783065795898e-01
6.900676488876342773e-01
6.932768225669860840e-01
6.943557858467102051e-01
6.962693333625793457e-01
6.986730098724365234e-01
6.928005218505859375e-01
6.941449642181396484e-01
6.912820339202880859e-01
6.966106891632080078e-01
6.896818280220031738e-01
6.954150795936584473e-01
7.000776529312133789e-01
6.922874450683593750e-01
6.937662959098815918e-01
6.971836090087890625e-01
6.928893327713012695e-01
7.025688290596008301e-01
6.946623921394348145e-01
6.964326500892639160e-01
6.963713765144348145e-01
6.985747814178466797e-01
6.866821646690368652e-01
6.944417357444763184e-01
6.936250925064086914e-01
6.898644566535949707e-01
6.936751604080200195e-01
6.953658461570739746e-01
6.936658620834350586e-01
6.910665035247802734e-01
6.947606801986694336e-01
6.990957856178283691e-01
6.938456296920776367e-01
6.912997364997863770e-01
6.949517726898193359e-01
6.989986300468444824e-01
6.902832984924316406e-01
6.985591650009155273e-01
6.925077438354492188e-01
6.965292692184448242e-01
7.027074098587036133e-01
6.953157782554626465e-01
6.931788325309753418e-01
6.928616166114807129e-01
6.944533586502075195e-01
6.947089433670043945e-01
6.982066631317138672e-01
6.987217664718627930e-01
7.002111673355102539e-01
6.945965886116027832e-01
6.883983016014099121e-01
6.886181831359863281e-01
6.946392059326171875e-01
6.939086914062500000e-01
6.970399022102355957e-01
7.004452943801879883e-01
6.986429691314697266e-01
6.832295656204223633e-01
7.004266977310180664e-01
6.959491968154907227e-01
6.917057037353515625e-01
6.862446069717407227e-01
6.970028281211853027e-01
6.968002915382385254e-01
6.872215867042541504e-01
6.938968896865844727e-01
6.915155053138732910e-01
6.835238933563232422e-01
6.894232034683227539e-01
6.946800947189331055e-01
6.959918737411499023e-01
6.909943222999572754e-01
6.955451965332031250e-01
6.932321190834045410e-01
6.950802803039550781e-01
6.934067010879516602e-01
6.971906423568725586e-01
6.915483474731445312e-01
6.889882087707519531e-01
6.905790567398071289e-01
6.941079497337341309e-01
6.947360634803771973e-01
6.916583776473999023e-01
6.942642927169799805e-01
6.962996125221252441e-01
7.004235386848449707e-01
6.878591775894165039e-01
6.944662332534790039e-01
6.865276098251342773e-01
6.904996633529663086e-01
6.957103013992309570e-01
6.948570609092712402e-01
6.960184574127197266e-01
6.918943524360656738e-01
6.902250051498413086e-01
6.956956386566162109e-01
6.957743167877197266e-01
6.917412877082824707e-01
6.926196217536926270e-01
6.899071931838989258e-01
6.954976320266723633e-01
6.941542625427246094e-01
6.951606869697570801e-01
6.949972510337829590e-01
6.950764060020446777e-01
6.985300779342651367e-01
6.897690892219543457e-01
6.954836845397949219e-01
6.959267854690551758e-01
6.977911591529846191e-01
6.880714893341064453e-01
6.932084560394287109e-01
6.908714175224304199e-01
6.942431330680847168e-01
6.948879957199096680e-01
6.914849281311035156e-01
6.873990893363952637e-01
6.933270692825317383e-01
6.989611983299255371e-01
6.916596889495849609e-01
6.956050395965576172e-01
6.914861202239990234e-01
6.886959671974182129e-01
6.935135722160339355e-01
6.901580095291137695e-01
6.883782148361206055e-01
6.903312802314758301e-01
6.937862634658813477e-01
6.965318918228149414e-01
6.949536800384521484e-01
6.919530034065246582e-01
6.901947259902954102e-01
6.943852305412292480e-01
6.940903663635253906e-01
6.966429352760314941e-01
6.921374797821044922e-01
6.987640857696533203e-01
6.882793903350830078e-01
6.852169632911682129e-01
6.925263404846191406e-01
6.964656114578247070e-01
6.918336749076843262e-01
6.900918483734130859e-01
6.972784399986267090e-01
6.923845410346984863e-01
6.908140778541564941e-01
6.918955445289611816e-01
6.937507390975952148e-01
6.966406106948852539e-01
6.982062458992004395e-01
6.923106908798217773e-01
6.943956613540649414e-01
6.909707784652709961e-01
6.970787644386291504e-01
6.895420551300048828e-01
6.949251890182495117e-01
6.991496086120605469e-01
6.923062205314636230e-01
6.934872865676879883e-01
6.973202228546142578e-01
6.920965909957885742e-01
7.022665143013000488e-01
6.946511864662170410e-01
6.966207027435302734e-01
6.959655284881591797e-01
6.972958445549011230e-01
6.881539225578308105e-01
6.948384046554565430e-01
6.943325400352478027e-01
6.900897026062011719e-01
6.937375068664550781e-01
6.946971416473388672e-01
6.955494880676269531e-01
6.918150186538696289e-01
6.939491629600524902e-01
6.980774402618408203e-01
6.928744316101074219e-01
6.918072104454040527e-01
6.954443454742431641e-01
6.977829337120056152e-01
6.894697546958923340e-01
6.985585093498229980e-01
6.916292905807495117e-01
6.956374645233154297e-01
7.027561664581298828e-01
6.940708160400390625e-01
6.931431889533996582e-01
6.936538219451904297e-01
6.951252818107604980e-01
6.948626041412353516e-01
6.986486911773681641e-01
6.985660791397094727e-01
7.001998424530029297e-01
6.938207149505615234e-01
6.875399947166442871e-01
6.898949742317199707e-01
6.937116384506225586e-01
6.923626065254211426e-01
6.959294676780700684e-01
7.014426589012145996e-01
6.991501450538635254e-01
6.837577819824218750e-01
7.000424265861511230e-01
6.949937939643859863e-01
6.922357678413391113e-01
6.877527236938476562e-01
6.993184089660644531e-01
6.976422071456909180e-01
6.866683959960937500e-01
6.946532726287841797e-01
6.915349960327148438e-01
6.822521090507507324e-01
6.889309287071228027e-01
6.943042874336242676e-01
6.956491470336914062e-01
6.912541389465332031e-01
6.954922676086425781e-01
6.919782757759094238e-01
6.949326992034912109e-01
6.930658817291259766e-01
6.965711116790771484e-01
6.914911866188049316e-01
6.896360516548156738e-01
6.901777982711791992e-01
6.942098736763000488e-01
6.947845220565795898e-01
6.914789080619812012e-01
6.949030160903930664e-01
6.962143182754516602e-01
6.997883319854736328e-01
6.872105002403259277e-01
6.941704154014587402e-01
6.862351894378662109e-01
6.910483241081237793e-01
6.957814693450927734e-01
6.949400305747985840e-01
6.956949830055236816e-01
6.928577423095703125e-01
6.904680728912353516e-01
6.956225633621215820e-01
6.950157880783081055e-01
6.932421922683715820e-01
6.913813352584838867e-01
6.895141601562500000e-01
6.953754425048828125e-01
6.941325664520263672e-01
6.936814188957214355e-01
6.960723996162414551e-01
6.949023008346557617e-01
6.993271112442016602e-01
6.891920566558837891e-01
6.961429715156555176e-01
6.955754756927490234e-01
6.966589093208312988e-01
6.883968114852905273e-01
6.945073008537292480e-01
6.909556984901428223e-01
6.937758922576904297e-01
6.940972805023193359e-01
6.917296648025512695e-01
6.876756548881530762e-01
6.927104592323303223e-01
6.994720697402954102e-01
6.919293403625488281e-01
6.955226063728332520e-01
6.912984848022460938e-01
6.889029741287231445e-01
6.931427121162414551e-01
6.905125379562377930e-01
6.890698075294494629e-01
6.902623176574707031e-01
6.933898925781250000e-01
6.965266466140747070e-01
6.950926184654235840e-01
6.920127868652343750e-01
6.898010969161987305e-01
6.943123340606689453e-01
6.945616602897644043e-01
6.971096396446228027e-01
6.917306184768676758e-01
6.985659003257751465e-01
6.879068017005920410e-01
6.849718093872070312e-01
6.930580139160156250e-01
6.972047686576843262e-01
6.914083957672119141e-01
6.893735527992248535e-01
6.966587305068969727e-01
6.923126578330993652e-01
6.910028457641601562e-01
6.913148760795593262e-01
6.928698420524597168e-01
6.966497302055358887e-01
6.978437900543212891e-01
6.917850375175476074e-01
6.943038702011108398e-01
6.906878948211669922e-01
6.965405941009521484e-01
6.896195411682128906e-01
6.948548555374145508e-01
6.987515091896057129e-01
6.918953657150268555e-01
6.932988166809082031e-01
6.971541643142700195e-01
6.920603513717651367e-01
7.022184729576110840e-01
6.950531005859375000e-01
6.964986324310302734e-01
6.955492496490478516e-01
6.966704130172729492e-01
6.888286471366882324e-01
6.954519152641296387e-01
6.941840648651123047e-01
6.900392174720764160e-01
6.936212182044982910e-01
6.945686340332031250e-01
6.961396932601928711e-01
6.920213699340820312e-01
6.931670308113098145e-01
6.976839900016784668e-01
6.921966075897216797e-01
6.921268701553344727e-01
6.953784227371215820e-01
6.971610784530639648e-01
6.895141601562500000e-01
6.988382935523986816e-01
6.910157799720764160e-01
6.952773928642272949e-01
7.033668756484985352e-01
6.937432885169982910e-01
6.931160688400268555e-01
6.942105293273925781e-01
6.949555277824401855e-01
6.950616240501403809e-01
6.994581222534179688e-01
6.985794305801391602e-01
7.005107402801513672e-01
6.935782432556152344e-01
6.877236962318420410e-01
6.898382902145385742e-01
6.933437585830688477e-01
6.918413639068603516e-01
6.957138776779174805e-01
7.012800574302673340e-01
6.997212171554565430e-01
6.838631033897399902e-01
6.999130249023437500e-01
6.951381564140319824e-01
6.924172043800354004e-01
6.886067390441894531e-01
6.995784640312194824e-01
6.979403495788574219e-01
6.862542629241943359e-01
6.952117681503295898e-01
6.916295289993286133e-01
6.813634634017944336e-01
6.888607740402221680e-01
6.944261789321899414e-01
6.954547762870788574e-01
6.916592717170715332e-01
6.954191923141479492e-01
6.912240386009216309e-01
6.949386000633239746e-01
6.927391886711120605e-01
6.964426040649414062e-01
6.920196413993835449e-01
6.894857287406921387e-01
6.901173591613769531e-01
6.943352222442626953e-01
6.950451731681823730e-01
6.914396286010742188e-01
6.953109502792358398e-01
6.959311962127685547e-01
6.988602876663208008e-01
6.872092485427856445e-01
6.944684982299804688e-01
6.857883334159851074e-01
6.913465261459350586e-01
6.960673928260803223e-01
6.944776177406311035e-01
6.956725120544433594e-01
6.927774548530578613e-01
6.907027959823608398e-01
6.953709125518798828e-01
6.946792602539062500e-01
6.933488845825195312e-01
6.908385753631591797e-01
6.894499063491821289e-01
6.951620578765869141e-01
6.940720081329345703e-01
6.930806040763854980e-01
6.964946985244750977e-01
6.947981715202331543e-01
6.997981667518615723e-01
6.893189549446105957e-01
6.964231729507446289e-01
6.951507925987243652e-01
6.958083510398864746e-01
6.882512569427490234e-01
6.947420835494995117e-01
6.908056735992431641e-01
6.934158205986022949e-01
6.945006847381591797e-01
6.918014287948608398e-01
6.871253252029418945e-01
6.927981972694396973e-01
6.996657252311706543e-01
6.919080018997192383e-01
6.955391168594360352e-01
6.911391615867614746e-01
6.895195245742797852e-01
6.929114460945129395e-01
6.909987926483154297e-01
6.892817616462707520e-01
6.901708245277404785e-01
6.932085752487182617e-01
6.967409849166870117e-01
6.950699687004089355e-01
6.922738552093505859e-01
6.898387074470520020e-01
6.944358348846435547e-01
6.952574849128723145e-01
6.976013779640197754e-01
6.913619041442871094e-01
6.986386179924011230e-01
6.875764727592468262e-01
6.849989891052246094e-01
6.931732892990112305e-01
6.974127292633056641e-01
6.913101077079772949e-01
6.886836290359497070e-01
6.962340474128723145e-01
6.922421455383300781e-01
6.903947591781616211e-01
6.912387013435363770e-01
6.926317214965820312e-01
6.963621973991394043e-01
6.975623369216918945e-01
6.914914250373840332e-01
6.943312883377075195e-01
6.905298829078674316e-01
6.960226297378540039e-01
6.894984841346740723e-01
6.944820284843444824e-01
6.986736059188842773e-01
6.915552616119384766e-01
6.927698254585266113e-01
6.967089772224426270e-01
6.920601725578308105e-01
7.024554014205932617e-01
6.955357789993286133e-01
6.963923573493957520e-01
6.951706409454345703e-01
6.961828470230102539e-01
6.888835430145263672e-01
6.956949830055236816e-01
6.939787864685058594e-01
6.906411647796630859e-01
6.934484839439392090e-01
6.945423483848571777e-01
6.961324214935302734e-01
6.924027800559997559e-01
6.924659609794616699e-01
6.973079442977905273e-01
6.922156810760498047e-01
6.924038529396057129e-01
6.954624056816101074e-01
6.969284415245056152e-01
6.896811723709106445e-01
6.989364624023437500e-01
6.906318664550781250e-01
6.954040527343750000e-01
7.034581899642944336e-01
6.941484808921813965e-01
6.929383873939514160e-01
6.949424743652343750e-01
6.946213841438293457e-01
6.947269439697265625e-01
7.000832557678222656e-01
6.986511945724487305e-01
7.009635567665100098e-01
6.932874917984008789e-01
6.883185505867004395e-01
6.900849342346191406e-01
6.931427121162414551e-01
6.913541555404663086e-01
6.959849596023559570e-01
7.012163996696472168e-01
6.997193694114685059e-01
6.836516857147216797e-01
6.997389793395996094e-01
6.953719258308410645e-01
6.921844482421875000e-01
6.888096332550048828e-01
6.995874047279357910e-01
6.984799504280090332e-01
6.861338019371032715e-01
6.952733993530273438e-01
6.917617917060852051e-01
6.808370351791381836e-01
6.890584230422973633e-01
6.944966316223144531e-01
6.953939199447631836e-01
6.919531822204589844e-01
6.955672502517700195e-01
6.910699009895324707e-01
6.949748396873474121e-01
6.921659111976623535e-01
6.967029571533203125e-01
6.925321817398071289e-01
6.893168687820434570e-01
6.900718212127685547e-01
6.943193674087524414e-01
6.950323581695556641e-01
6.913526654243469238e-01
6.956265568733215332e-01
6.954393386840820312e-01
6.981904506683349609e-01
6.874667406082153320e-01
6.943643689155578613e-01
6.857581138610839844e-01
6.920632123947143555e-01
6.961131691932678223e-01
6.943460106849670410e-01
6.956070065498352051e-01
6.927810907363891602e-01
6.908643245697021484e-01
6.949831843376159668e-01
6.942023038864135742e-01
6.934771537780761719e-01
6.905106306076049805e-01
6.896638274192810059e-01
6.952730417251586914e-01
6.939876079559326172e-01
6.926057338714599609e-01
6.967352628707885742e-01
6.949942708015441895e-01
7.002025842666625977e-01
6.891666650772094727e-01
6.964721679687500000e-01
6.948578953742980957e-01
6.950618028640747070e-01
6.879184246063232422e-01
6.945724487304687500e-01
6.907025575637817383e-01
6.934916973114013672e-01
6.949087381362915039e-01
6.913710236549377441e-01
6.866415143013000488e-01
6.929292082786560059e-01
7.002211809158325195e-01
6.918066143989562988e-01
6.953917741775512695e-01
6.908480525016784668e-01
6.897053718566894531e-01
6.924721598625183105e-01
6.913620233535766602e-01
6.894224882125854492e-01
6.902117729187011719e-01
6.929094195365905762e-01
6.972713470458984375e-01
6.951061487197875977e-01
6.924762725830078125e-01
6.900390982627868652e-01
6.947121620178222656e-01
6.956475973129272461e-01
6.978894472122192383e-01
6.915918588638305664e-01
6.988286972045898438e-01
6.873337626457214355e-01
6.850945949554443359e-01
6.932269930839538574e-01
6.968173384666442871e-01
6.910437345504760742e-01
6.887928843498229980e-01
6.961852312088012695e-01
6.924818754196166992e-01
6.900727748870849609e-01
6.914258003234863281e-01
6.924065351486206055e-01
6.962540745735168457e-01
6.970088481903076172e-01
6.915407180786132812e-01
6.944370269775390625e-01
6.900927424430847168e-01
6.953114867210388184e-01
6.893135905265808105e-01
6.941909193992614746e-01
6.983253955841064453e-01
6.913526058197021484e-01
6.930267214775085449e-01
6.965029239654541016e-01
6.925629973411560059e-01
7.029286026954650879e-01
6.957365274429321289e-01
6.962705850601196289e-01
6.945817470550537109e-01
6.958462595939636230e-01
6.887352466583251953e-01
6.960645318031311035e-01
6.938880681991577148e-01
6.914204359054565430e-01
6.935912370681762695e-01
6.950761079788208008e-01
6.957384347915649414e-01
6.927138566970825195e-01
6.924160122871398926e-01
6.972084045410156250e-01
6.916996240615844727e-01
6.930767893791198730e-01
6.954973340034484863e-01
6.967753171920776367e-01
6.898999214172363281e-01
6.991868019104003906e-01
6.908147335052490234e-01
6.954478025436401367e-01
7.035040259361267090e-01
6.942039728164672852e-01
6.928913593292236328e-01
6.953449249267578125e-01
6.946120262145996094e-01
6.945332288742065430e-01
7.003526687622070312e-01
6.985120773315429688e-01
7.010787129402160645e-01
6.927844882011413574e-01
6.885706186294555664e-01
6.905620694160461426e-01
6.934316754341125488e-01
6.913472414016723633e-01
6.960043311119079590e-01
7.012216448783874512e-01
6.998601555824279785e-01
6.834325790405273438e-01
6.994987130165100098e-01
6.955928206443786621e-01
6.916668415069580078e-01
6.892607212066650391e-01
6.993974447250366211e-01
6.984339356422424316e-01
6.858417391777038574e-01
6.953018903732299805e-01
6.915286779403686523e-01
6.804999709129333496e-01
6.891207695007324219e-01
6.947250366210937500e-01
6.952984929084777832e-01
6.924214959144592285e-01
6.957185268402099609e-01
6.909103989601135254e-01
6.951007246971130371e-01
6.919225454330444336e-01
6.966320872306823730e-01
6.929570436477661133e-01
6.891852021217346191e-01
6.899694800376892090e-01
6.946448683738708496e-01
6.952032446861267090e-01
6.911163926124572754e-01
6.961970329284667969e-01
6.953741312026977539e-01
6.978147029876708984e-01
6.874632835388183594e-01
6.943762898445129395e-01
6.856714487075805664e-01
6.926211714744567871e-01
6.962512731552124023e-01
6.944209337234497070e-01
6.956431865692138672e-01
6.928232312202453613e-01
6.908673644065856934e-01
6.946864128112792969e-01
6.939449310302734375e-01
6.937187910079956055e-01
6.901676654815673828e-01
6.897377967834472656e-01
6.953169107437133789e-01
6.940577030181884766e-01
6.924819946289062500e-01
6.970263719558715820e-01
6.947441697120666504e-01
6.999497413635253906e-01
6.891858577728271484e-01
6.966135501861572266e-01
6.946393251419067383e-01
6.946576833724975586e-01
6.878136396408081055e-01
6.944805383682250977e-01
6.905051469802856445e-01
6.935214996337890625e-01
6.951957345008850098e-01
6.913060545921325684e-01
6.862276196479797363e-01
6.930680871009826660e-01
7.001801729202270508e-01
6.917472481727600098e-01
6.956701278686523438e-01
6.909261345863342285e-01
6.903867125511169434e-01
6.924577355384826660e-01
6.918853521347045898e-01
6.898179054260253906e-01
6.899429559707641602e-01
6.929019689559936523e-01
6.976703405380249023e-01
6.949917674064636230e-01
6.925797462463378906e-01
6.899216771125793457e-01
6.951095461845397949e-01
6.959658861160278320e-01
6.980475187301635742e-01
6.914051175117492676e-01
6.988342404365539551e-01
6.871783733367919922e-01
6.853389739990234375e-01
6.932519674301147461e-01
6.965336799621582031e-01
6.908730268478393555e-01
6.887719035148620605e-01
6.964475512504577637e-01
6.925382018089294434e-01
6.897586584091186523e-01
6.916188001632690430e-01
6.921775937080383301e-01
6.959012150764465332e-01
6.967965364456176758e-01
6.917434930801391602e-01
6.940770149230957031e-01
6.895962953567504883e-01
6.945040225982666016e-01
6.891460418701171875e-01
6.938527822494506836e-01
6.978601813316345215e-01
6.913416385650634766e-01
6.931062340736389160e-01
6.960965394973754883e-01
6.929165720939636230e-01
7.029860019683837891e-01
6.956465840339660645e-01
6.961384415626525879e-01
6.941239237785339355e-01
6.954890489578247070e-01
6.889911293983459473e-01
6.965895891189575195e-01
6.937127709388732910e-01
6.918284893035888672e-01
6.940735578536987305e-01
6.948749423027038574e-01
6.958983540534973145e-01
6.928303837776184082e-01
6.925640106201171875e-01
6.970474720001220703e-01
6.914019584655761719e-01
6.935083866119384766e-01
6.955206990242004395e-01
6.964547038078308105e-01
6.899287104606628418e-01
6.988263130187988281e-01
6.911503076553344727e-01
6.952493190765380859e-01
7.031369805335998535e-01
6.941683292388916016e-01
6.928139925003051758e-01
6.952639222145080566e-01
6.945725083351135254e-01
6.942994594573974609e-01
7.007778882980346680e-01
6.985461115837097168e-01
7.012684941291809082e-01
6.924727559089660645e-01
6.885827779769897461e-01
6.908822655677795410e-01
6.935898065567016602e-01
6.912391781806945801e-01
6.959457397460937500e-01
7.009012699127197266e-01
6.999162435531616211e-01
6.837967634201049805e-01
6.990255713462829590e-01
6.952925324440002441e-01
6.914737224578857422e-01
6.896074414253234863e-01
6.995991468429565430e-01
6.983803510665893555e-01
6.856677532196044922e-01
6.953140497207641602e-01
6.914410591125488281e-01
6.803393959999084473e-01
6.887879371643066406e-01
6.944610476493835449e-01
6.954373121261596680e-01
6.924660205841064453e-01
6.956691741943359375e-01
6.904025077819824219e-01
6.949929594993591309e-01
6.913749575614929199e-01
6.964763998985290527e-01
6.932038664817810059e-01
6.889886856079101562e-01
6.897818446159362793e-01
6.946203112602233887e-01
6.952149868011474609e-01
6.908096075057983398e-01
6.964349746704101562e-01
6.952304244041442871e-01
6.975702047348022461e-01
6.877614855766296387e-01
6.942562460899353027e-01
6.855813860893249512e-01
6.929001212120056152e-01
6.962401270866394043e-01
6.946333050727844238e-01
6.955153346061706543e-01
6.929535269737243652e-01
6.910013556480407715e-01
6.943861842155456543e-01
6.936807632446289062e-01
6.940477490425109863e-01
6.897232532501220703e-01
6.898682713508605957e-01
6.953153610229492188e-01
6.938844919204711914e-01
6.920915246009826660e-01
6.971052885055541992e-01
6.945058107376098633e-01
6.998450756072998047e-01
6.894865036010742188e-01
6.963157653808593750e-01
6.944638490676879883e-01
6.942203044891357422e-01
6.879371404647827148e-01
6.941479444503784180e-01
6.904472708702087402e-01
6.930913329124450684e-01
6.955003738403320312e-01
6.909101009368896484e-01
6.858996748924255371e-01
6.931268572807312012e-01
7.000831365585327148e-01
6.917293071746826172e-01
6.955254673957824707e-01
6.908353567123413086e-01
6.905602216720581055e-01
6.924251914024353027e-01
6.920115947723388672e-01
6.900985240936279297e-01
6.894603967666625977e-01
6.925286054611206055e-01
6.980631351470947266e-01
6.948764324188232422e-01
6.923412084579467773e-01
6.899687051773071289e-01
6.952366828918457031e-01
6.959450244903564453e-01
6.975023746490478516e-01
6.909935474395751953e-01
6.985019445419311523e-01
6.867791414260864258e-01
6.853061914443969727e-01
6.933183670043945312e-01
6.963164806365966797e-01
6.907739639282226562e-01
6.890561580657958984e-01
6.963285207748413086e-01
6.923677921295166016e-01
6.894012689590454102e-01
6.921412348747253418e-01
6.920692324638366699e-01
6.955926418304443359e-01
6.963370442390441895e-01
6.918158531188964844e-01
6.936815977096557617e-01
6.890814304351806641e-01
6.938376426696777344e-01
6.889635324478149414e-01
6.940258741378784180e-01
6.976708769798278809e-01
6.914129257202148438e-01
6.932051181793212891e-01
6.953524947166442871e-01
6.931747198104858398e-01
7.031403779983520508e-01
6.953263282775878906e-01
6.962962150573730469e-01
6.938757300376892090e-01
6.952033042907714844e-01
6.887754201889038086e-01
6.967478990554809570e-01
6.936423182487487793e-01
6.921800374984741211e-01
6.941890716552734375e-01
6.945334076881408691e-01
6.957575082778930664e-01
6.926292777061462402e-01
6.923413276672363281e-01
6.971506476402282715e-01
6.912490725517272949e-01
6.938665509223937988e-01
6.955924034118652344e-01
6.965281367301940918e-01
6.899700164794921875e-01
6.988341212272644043e-01
6.911043524742126465e-01
6.952430009841918945e-01
7.031584978103637695e-01
6.942567825317382812e-01
6.925558447837829590e-01
6.950633525848388672e-01
6.944853067398071289e-01
6.939266324043273926e-01
7.012151479721069336e-01
6.981469392776489258e-01
7.016262412071228027e-01
6.921756267547607422e-01
6.886430382728576660e-01
6.909397840499877930e-01
6.935691237449645996e-01
6.911127567291259766e-01
6.958720088005065918e-01
7.008954882621765137e-01
6.998832225799560547e-01
6.835440397262573242e-01
6.985276341438293457e-01
6.951380968093872070e-01
6.908915042877197266e-01
6.894824504852294922e-01
6.991605758666992188e-01
6.982330679893493652e-01
6.855561733245849609e-01
6.952269077301025391e-01
6.913043260574340820e-01
6.802061200141906738e-01
6.885398030281066895e-01
6.943899393081665039e-01
6.955184340476989746e-01
6.928678750991821289e-01
6.960304379463195801e-01
6.902410984039306641e-01
6.950371265411376953e-01
6.907060146331787109e-01
6.964020729064941406e-01
6.933991312980651855e-01
6.887844800949096680e-01
6.899007558822631836e-01
6.947613358497619629e-01
6.952530741691589355e-01
6.904662847518920898e-01
6.966658830642700195e-01
6.954266428947448730e-01
6.972028017044067383e-01
6.878094673156738281e-01
6.942588090896606445e-01
6.855367422103881836e-01
6.929508447647094727e-01
6.962999701499938965e-01
6.949744820594787598e-01
6.952903866767883301e-01
6.927955150604248047e-01
6.908168792724609375e-01
6.940949559211730957e-01
6.933733224868774414e-01
6.940387487411499023e-01
6.891040205955505371e-01
6.897801160812377930e-01
6.952531337738037109e-01
6.937159895896911621e-01
6.918482780456542969e-01
6.969041824340820312e-01
6.945592164993286133e-01
6.996565461158752441e-01
6.894366145133972168e-01
6.962563395500183105e-01
6.944791674613952637e-01
6.939906477928161621e-01
6.877818703651428223e-01
6.942495107650756836e-01
6.903628706932067871e-01
6.928220987319946289e-01
6.956539750099182129e-01
6.908679604530334473e-01
6.855148077011108398e-01
6.930040121078491211e-01
6.998740434646606445e-01
6.918163299560546875e-01
6.953810453414916992e-01
6.906259059906005859e-01
6.908707618713378906e-01
6.921659708023071289e-01
6.922466158866882324e-01
6.901904344558715820e-01
6.893147230148315430e-01
6.922921538352966309e-01
6.982887983322143555e-01
6.947646737098693848e-01
6.923207044601440430e-01
6.897611021995544434e-01
6.950212717056274414e-01
6.959746479988098145e-01
6.973076462745666504e-01
6.909244656562805176e-01
6.977553963661193848e-01
6.865310072898864746e-01
6.854393482208251953e-01
6.932558417320251465e-01
6.960169672966003418e-01
6.909005641937255859e-01
6.891503930091857910e-01
6.962133646011352539e-01
6.921690702438354492e-01
6.894621253013610840e-01
6.922711730003356934e-01
6.914871335029602051e-01
6.958104372024536133e-01
6.960592269897460938e-01
6.918685436248779297e-01
6.933315396308898926e-01
6.890386343002319336e-01
6.934475302696228027e-01
6.889759302139282227e-01
6.939680576324462891e-01
6.973495483398437500e-01
6.917400956153869629e-01
6.933639049530029297e-01
6.947637796401977539e-01
6.934537291526794434e-01
7.033081650733947754e-01
6.950382590293884277e-01
6.964769363403320312e-01
6.938918828964233398e-01
6.948819756507873535e-01
6.883678436279296875e-01
6.967985033988952637e-01
6.936107873916625977e-01
6.921772956848144531e-01
6.943535208702087402e-01
6.942405700683593750e-01
6.954910755157470703e-01
6.923063397407531738e-01
6.923874616622924805e-01
6.969485282897949219e-01
6.909040212631225586e-01
6.941565275192260742e-01
6.956186294555664062e-01
6.963289976119995117e-01
6.899831295013427734e-01
6.992779970169067383e-01
6.909393072128295898e-01
6.950294375419616699e-01
7.030064463615417480e-01
6.941694617271423340e-01
6.923038959503173828e-01
6.951116919517517090e-01
6.944765448570251465e-01
6.938502788543701172e-01
7.014329433441162109e-01
6.978780627250671387e-01
7.016800642013549805e-01
6.918929815292358398e-01
6.888620853424072266e-01
6.910421848297119141e-01
6.936435103416442871e-01
6.911816000938415527e-01
6.955434679985046387e-01
7.009353637695312500e-01
7.000294923782348633e-01
6.833193898200988770e-01
6.981537342071533203e-01
6.950131654739379883e-01
6.909431219100952148e-01
6.892961263656616211e-01
6.990125775337219238e-01
6.981910467147827148e-01
6.853233575820922852e-01
6.952616572380065918e-01
6.914178729057312012e-01
6.801983714103698730e-01
6.884469389915466309e-01
6.948023438453674316e-01
6.955348253250122070e-01
6.929498910903930664e-01
6.961464881896972656e-01
6.900840997695922852e-01
6.950196027755737305e-01
6.902830600738525391e-01
6.964442133903503418e-01
6.934415102005004883e-01
6.886137723922729492e-01
6.901192069053649902e-01
6.947094798088073730e-01
6.953817605972290039e-01
6.902026534080505371e-01
6.966342329978942871e-01
6.957654356956481934e-01
6.969850659370422363e-01
6.881175041198730469e-01
6.941522955894470215e-01
6.856695413589477539e-01
6.927816867828369141e-01
6.957980394363403320e-01
6.952806115150451660e-01
6.955431699752807617e-01
6.927569508552551270e-01
6.909529566764831543e-01
6.940897107124328613e-01
6.935999989509582520e-01
6.940122246742248535e-01
6.884612441062927246e-01
6.896880865097045898e-01
6.954510211944580078e-01
6.939860582351684570e-01
6.916778087615966797e-01
6.968130469322204590e-01
6.943357586860656738e-01
6.994504332542419434e-01
6.894336938858032227e-01
6.963301897048950195e-01
6.946623325347900391e-01
6.939920783042907715e-01
6.877136826515197754e-01
6.943746805191040039e-01
6.904734969139099121e-01
6.928494572639465332e-01
6.958084106445312500e-01
6.908415555953979492e-01
6.853902935981750488e-01
6.928348541259765625e-01
6.998910903930664062e-01
6.917271018028259277e-01
6.950235962867736816e-01
6.904780268669128418e-01
6.909126639366149902e-01
6.922171115875244141e-01
6.921094059944152832e-01
6.902099847793579102e-01
6.891441345214843750e-01
6.919034719467163086e-01
6.984355449676513672e-01
6.944909095764160156e-01
6.922018527984619141e-01
6.896142959594726562e-01
6.945475935935974121e-01
6.958951950073242188e-01
6.970577836036682129e-01
6.910198926925659180e-01
6.975448131561279297e-01
6.863999962806701660e-01
6.856006979942321777e-01
6.934128403663635254e-01
6.957942843437194824e-01
6.906950473785400391e-01
6.891213655471801758e-01
6.962134242057800293e-01
6.921457648277282715e-01
6.897967457771301270e-01
6.923801302909851074e-01
6.913455128669738770e-01
6.957198977470397949e-01
6.958098411560058594e-01
6.920373439788818359e-01
6.927507519721984863e-01
6.887431740760803223e-01
6.930500268936157227e-01
6.888779401779174805e-01
6.944020390510559082e-01
6.971641182899475098e-01
6.920170187950134277e-01
6.933890581130981445e-01
6.943160295486450195e-01
6.936610341072082520e-01
7.032955288887023926e-01
6.947975158691406250e-01
6.967425346374511719e-01
6.938578486442565918e-01
6.944700479507446289e-01
6.881614327430725098e-01
6.970707774162292480e-01
6.936581134796142578e-01
6.921311020851135254e-01
6.944950222969055176e-01
6.941452622413635254e-01
6.954804658889770508e-01
6.921716928482055664e-01
6.924149990081787109e-01
6.967847347259521484e-01
6.908142566680908203e-01
6.944624185562133789e-01
6.956430077552795410e-01
6.958774328231811523e-01
6.901749968528747559e-01
6.994345784187316895e-01
6.908394098281860352e-01
6.949758529663085938e-01
7.029990553855895996e-01
6.943035125732421875e-01
6.920239329338073730e-01
6.949838399887084961e-01
6.942611932754516602e-01
6.936076283454895020e-01
7.015140056610107422e-01
6.971111297607421875e-01
7.016403675079345703e-01
6.918020844459533691e-01
6.886938810348510742e-01
6.911352872848510742e-01
6.938666105270385742e-01
6.911247968673706055e-01
6.953635811805725098e-01
7.009798884391784668e-01
6.999326944351196289e-01
6.830536127090454102e-01
6.976556777954101562e-01
6.945647001266479492e-01
6.910129189491271973e-01
6.890295743942260742e-01
6.987504363059997559e-01
6.977939605712890625e-01
6.850212216377258301e-01
6.950863599777221680e-01
6.915884017944335938e-01
6.803780794143676758e-01
6.881700754165649414e-01
6.948980093002319336e-01
6.955089569091796875e-01
6.934984922409057617e-01
6.960858702659606934e-01
6.899023652076721191e-01
6.948927640914916992e-01
6.899322271347045898e-01
6.965283155441284180e-01
6.937276721000671387e-01
6.883659958839416504e-01
6.900771856307983398e-01
6.947464346885681152e-01
6.957638263702392578e-01
6.899578571319580078e-01
6.963651180267333984e-01
6.957529187202453613e-01
6.970862150192260742e-01
6.882181167602539062e-01
6.944227218627929688e-01
6.856077313423156738e-01
6.930289268493652344e-01
6.955678462982177734e-01
6.953489780426025391e-01
6.956756711006164551e-01
6.925338506698608398e-01
6.909123063087463379e-01
6.940036416053771973e-01
6.936460137367248535e-01
6.940375566482543945e-01
6.879222989082336426e-01
6.896237730979919434e-01
6.955649852752685547e-01
6.938449144363403320e-01
6.914268136024475098e-01
6.966246962547302246e-01
6.941813826560974121e-01
6.992789506912231445e-01
6.896660327911376953e-01
6.962542533874511719e-01
6.948217153549194336e-01
6.942313909530639648e-01
6.877134442329406738e-01
6.942961812019348145e-01
6.902698278427124023e-01
6.923649907112121582e-01
6.959679126739501953e-01
6.908787488937377930e-01
6.852999329566955566e-01
6.926425099372863770e-01
6.997838616371154785e-01
6.916380524635314941e-01
6.946535706520080566e-01
6.902551054954528809e-01
6.909807324409484863e-01
6.920018792152404785e-01
6.919242739677429199e-01
6.902421712875366211e-01
6.892646551132202148e-01
6.915153264999389648e-01
6.986063718795776367e-01
6.944361925125122070e-01
6.919811964035034180e-01
6.895757913589477539e-01
6.939671039581298828e-01
6.961941719055175781e-01
6.968228816986083984e-01
6.909649968147277832e-01
6.974098086357116699e-01
6.864717602729797363e-01
6.858057379722595215e-01
6.932078003883361816e-01
6.956326365470886230e-01
6.904094219207763672e-01
6.892946362495422363e-01
6.962199211120605469e-01
6.920449137687683105e-01
6.901949644088745117e-01
6.924237608909606934e-01
6.912859678268432617e-01
6.956966519355773926e-01
6.958463191986083984e-01
6.923955678939819336e-01
6.924287080764770508e-01
6.884387135505676270e-01
6.929309368133544922e-01
6.882197856903076172e-01
6.944009661674499512e-01
6.972663998603820801e-01
6.919633150100708008e-01
6.935431361198425293e-01
6.940401792526245117e-01
6.937897205352783203e-01
7.031171321868896484e-01
6.947484016418457031e-01
6.967241168022155762e-01
6.937773227691650391e-01
6.941040754318237305e-01
6.880705356597900391e-01
6.970171928405761719e-01
6.938885450363159180e-01
6.922340393066406250e-01
6.945955157279968262e-01
6.938461661338806152e-01
6.953940391540527344e-01
6.920353174209594727e-01
6.923497915267944336e-01
6.968545913696289062e-01
6.903541088104248047e-01
6.945955157279968262e-01
6.953707337379455566e-01
6.953149437904357910e-01
6.901114583015441895e-01
6.994074583053588867e-01
6.908608675003051758e-01
6.947125792503356934e-01
7.030012607574462891e-01
6.942422389984130859e-01
6.919129490852355957e-01
6.951742172241210938e-01
6.943310499191284180e-01
6.935285925865173340e-01
7.014610767364501953e-01
6.966326832771301270e-01
7.014924287796020508e-01
6.920322775840759277e-01
6.884474754333496094e-01
6.914144158363342285e-01
6.940774917602539062e-01
6.907189488410949707e-01
6.950553059577941895e-01
7.011432051658630371e-01
6.996740698814392090e-01
6.828944683074951172e-01
6.971121430397033691e-01
6.941883563995361328e-01
6.909920573234558105e-01
6.890788078308105469e-01
6.987793445587158203e-01
6.979878544807434082e-01
6.849595904350280762e-01
6.946998834609985352e-01
6.914086341857910156e-01
6.802364587783813477e-01
6.879569292068481445e-01
6.948821544647216797e-01
6.950339674949645996e-01
6.937392950057983398e-01
6.958882212638854980e-01
6.897922754287719727e-01
6.947264075279235840e-01
6.896046400070190430e-01
6.966825723648071289e-01
6.936129331588745117e-01
6.882967352867126465e-01
6.901547312736511230e-01
6.949560642242431641e-01
6.955642104148864746e-01
6.895422339439392090e-01
6.964934468269348145e-01
6.958286762237548828e-01
6.969196200370788574e-01
6.884578466415405273e-01
6.944007277488708496e-01
6.855340003967285156e-01
6.929979920387268066e-01
6.951884031295776367e-01
6.953476071357727051e-01
6.956509351730346680e-01
6.924752593040466309e-01
6.911841630935668945e-01
6.938868761062622070e-01
6.934300661087036133e-01
6.944463253021240234e-01
6.877855658531188965e-01
6.897101998329162598e-01
6.956295371055603027e-01
6.937095522880554199e-01
6.910971403121948242e-01
6.962900161743164062e-01
6.942062973976135254e-01
6.992807388305664062e-01
6.895431876182556152e-01
6.960259079933166504e-01
6.948500871658325195e-01
6.941605806350708008e-01
6.875414848327636719e-01
6.941304802894592285e-01
6.900749802589416504e-01
6.919555068016052246e-01
6.957828998565673828e-01
6.908432841300964355e-01
6.849623918533325195e-01
6.928512454032897949e-01
6.996348500251770020e-01
6.915771365165710449e-01
6.944731473922729492e-01
6.900085806846618652e-01
6.911676526069641113e-01
6.917257308959960938e-01
6.916906833648681641e-01
6.903125047683715820e-01
6.891590356826782227e-01
6.911681294441223145e-01
6.987535953521728516e-01
6.943475604057312012e-01
6.915972828865051270e-01
6.894814968109130859e-01
6.934768557548522949e-01
6.963230371475219727e-01
6.967725157737731934e-01
6.907873749732971191e-01
6.973178982734680176e-01
6.862946748733520508e-01
6.857290267944335938e-01
6.931747794151306152e-01
6.957520842552185059e-01
6.900410056114196777e-01
6.892276406288146973e-01
6.960203647613525391e-01
6.921414732933044434e-01
6.902949810028076172e-01
6.924875974655151367e-01
6.911816000938415527e-01
6.957045793533325195e-01
6.958200931549072266e-01
6.925016045570373535e-01
6.921529173851013184e-01
6.882349848747253418e-01
6.925709247589111328e-01
6.879413127899169922e-01
6.946558952331542969e-01
6.972665190696716309e-01
6.921245455741882324e-01
6.935937404632568359e-01
6.936705112457275391e-01
6.937435865402221680e-01
7.029951214790344238e-01
6.946361660957336426e-01
6.967189311981201172e-01
6.935461759567260742e-01
6.939215064048767090e-01
6.878536939620971680e-01
6.969977617263793945e-01
6.939386725425720215e-01
6.922053694725036621e-01
6.947115063667297363e-01
6.936871409416198730e-01
6.951315402984619141e-01
6.916854977607727051e-01
6.920722723007202148e-01
6.968247890472412109e-01
6.897693872451782227e-01
6.945937275886535645e-01
6.950998306274414062e-01
6.953798532485961914e-01
6.901646256446838379e-01
6.996210813522338867e-01
6.906524300575256348e-01
6.943097114562988281e-01
7.028744220733642578e-01
6.942573785781860352e-01
6.920391917228698730e-01
6.950697898864746094e-01
6.942054629325866699e-01
6.934214830398559570e-01
7.014833092689514160e-01
6.961878538131713867e-01
7.015306353569030762e-01
6.920196413993835449e-01
6.882205605506896973e-01
6.914886236190795898e-01
6.941471695899963379e-01
6.906408071517944336e-01
6.947016716003417969e-01
7.010993957519531250e-01
6.995679140090942383e-01
6.824340224266052246e-01
6.967226266860961914e-01
6.938527822494506836e-01
6.909359693527221680e-01
6.887691617012023926e-01
6.985167264938354492e-01
6.978656053543090820e-01
6.846449971199035645e-01
6.946648359298706055e-01
6.914898157119750977e-01
6.799405217170715332e-01
6.874952912330627441e-01
6.950476169586181641e-01
6.946930885314941406e-01
6.939168572425842285e-01
6.956953406333923340e-01
6.893654465675354004e-01
6.945041418075561523e-01
6.896662712097167969e-01
6.965227127075195312e-01
6.935461759567260742e-01
6.883162260055541992e-01
6.899549961090087891e-01
6.950820088386535645e-01
6.955345273017883301e-01
6.891804933547973633e-01
6.963449716567993164e-01
6.959251761436462402e-01
6.966336965560913086e-01
6.885035037994384766e-01
6.943412423133850098e-01
6.854788064956665039e-01
6.926433444023132324e-01
6.950665116310119629e-01
6.952218413352966309e-01
6.955797672271728516e-01
6.922742128372192383e-01
6.912189722061157227e-01
6.938335299491882324e-01
6.933274865150451660e-01
6.945675015449523926e-01
6.874909996986389160e-01
6.899885535240173340e-01
6.955204010009765625e-01
6.933501958847045898e-01
6.910250186920166016e-01
6.960810422897338867e-01
6.942191720008850098e-01
6.990121006965637207e-01
6.896586418151855469e-01
6.955350041389465332e-01
6.948966383934020996e-01
6.944511532783508301e-01
6.875193715095520020e-01
6.940649747848510742e-01
6.899904012680053711e-01
6.918423175811767578e-01
6.959035396575927734e-01
6.909424662590026855e-01
6.849921345710754395e-01
6.927401423454284668e-01
6.993305683135986328e-01
6.914520263671875000e-01
6.942518949508666992e-01
6.898313164710998535e-01
6.911163926124572754e-01
6.918210387229919434e-01
6.915330886840820312e-01
6.904752254486083984e-01
6.891415119171142578e-01
6.906738877296447754e-01
6.988928318023681641e-01
6.943008899688720703e-01
6.915347576141357422e-01
6.895825266838073730e-01
6.932517290115356445e-01
6.961957812309265137e-01
6.966612339019775391e-01
6.907817125320434570e-01
6.973879933357238770e-01
6.861475706100463867e-01
6.857898831367492676e-01
6.931409835815429688e-01
6.955077052116394043e-01
6.898958683013916016e-01
6.892662644386291504e-01
6.960878372192382812e-01
6.921709179878234863e-01
6.905922293663024902e-01
6.926451921463012695e-01
6.909909248352050781e-01
6.956378221511840820e-01
6.958180665969848633e-01
6.926887631416320801e-01
6.918362975120544434e-01
6.880496144294738770e-01
6.921430230140686035e-01
6.873979568481445312e-01
6.946513056755065918e-01
6.975688934326171875e-01
6.921579837799072266e-01
6.936504840850830078e-01
6.933607459068298340e-01
6.937426328659057617e-01
7.025102376937866211e-01
6.946068406105041504e-01
6.968169808387756348e-01
6.932156682014465332e-01
6.938045620918273926e-01
6.876983642578125000e-01
6.970882415771484375e-01
6.939419507980346680e-01
6.920409798622131348e-01
6.949055194854736328e-01
6.937962174415588379e-01
6.950784921646118164e-01
6.916444301605224609e-01
6.918511390686035156e-01
6.968784928321838379e-01
6.893804073333740234e-01
6.947966814041137695e-01
6.950012445449829102e-01
6.951094269752502441e-01
6.902607083320617676e-01
6.996188759803771973e-01
6.905187368392944336e-01
6.939669847488403320e-01
7.030135989189147949e-01
6.941238641738891602e-01
6.920579671859741211e-01
6.949718594551086426e-01
6.941238641738891602e-01
6.934530138969421387e-01
7.015416622161865234e-01
6.957867145538330078e-01
7.015630602836608887e-01
6.921193599700927734e-01
6.881061792373657227e-01
6.916808485984802246e-01
6.941580772399902344e-01
6.904570460319519043e-01
6.945700645446777344e-01
7.008725404739379883e-01
6.993620395660400391e-01
6.820550560951232910e-01
6.963199377059936523e-01
6.937140226364135742e-01
6.908246278762817383e-01
6.884833574295043945e-01
6.982333660125732422e-01
6.978883743286132812e-01
6.844629049301147461e-01
6.943421363830566406e-01
6.914882659912109375e-01
6.798402070999145508e-01
6.871352791786193848e-01
6.952979564666748047e-01
6.944079399108886719e-01
6.937425732612609863e-01
6.955952644348144531e-01
6.892153620719909668e-01
6.944589018821716309e-01
6.896848678588867188e-01
6.965975165367126465e-01
6.931965351104736328e-01
6.883667111396789551e-01
6.899313926696777344e-01
6.952112317085266113e-01
6.956393122673034668e-01
6.888481378555297852e-01
6.964014768600463867e-01
6.959770917892456055e-01
6.964035034179687500e-01
6.883955001831054688e-01
6.942474842071533203e-01
6.853834390640258789e-01
6.923695206642150879e-01
6.947333812713623047e-01
6.950733065605163574e-01
6.955552697181701660e-01
6.922131180763244629e-01
6.910280585289001465e-01
6.939502954483032227e-01
6.933141946792602539e-01
6.946195960044860840e-01
6.872019767761230469e-01
6.900498867034912109e-01
6.952904462814331055e-01
6.930934190750122070e-01
6.909883618354797363e-01
6.958600878715515137e-01
6.941379308700561523e-01
6.988290548324584961e-01
6.894312500953674316e-01
6.953758597373962402e-01
6.950424909591674805e-01
6.947479248046875000e-01
6.876061558723449707e-01
6.938763856887817383e-01
6.899353861808776855e-01
6.917393803596496582e-01
6.959826350212097168e-01
6.908824443817138672e-01
6.848400235176086426e-01
6.925951242446899414e-01
6.990838050842285156e-01
6.916410326957702637e-01
6.941512823104858398e-01
6.897282600402832031e-01
6.912533640861511230e-01
6.916264891624450684e-01
6.914907693862915039e-01
6.903787255287170410e-01
6.891490817070007324e-01
6.903650760650634766e-01
6.991324424743652344e-01
6.940645575523376465e-01
6.912986040115356445e-01
6.894140243530273438e-01
6.929079294204711914e-01
6.961867809295654297e-01
6.964877843856811523e-01
6.908363103866577148e-01
6.975313425064086914e-01
6.862420439720153809e-01
6.858153939247131348e-01
6.931883692741394043e-01
6.956273913383483887e-01
6.897521615028381348e-01
6.892355680465698242e-01
6.958759427070617676e-01
6.923494935035705566e-01
6.910946369171142578e-01
6.924178004264831543e-01
6.906332969665527344e-01
6.954221725463867188e-01
6.958149075508117676e-01
6.927527785301208496e-01
6.916725635528564453e-01
6.878552436828613281e-01
6.917423605918884277e-01
6.869826912879943848e-01
6.948267221450805664e-01
6.978483796119689941e-01
6.923973560333251953e-01
6.939259767532348633e-01
6.930734515190124512e-01
6.937453746795654297e-01
7.023771405220031738e-01
6.945757865905761719e-01
6.970645189285278320e-01
6.931497454643249512e-01
6.937247514724731445e-01
6.876121759414672852e-01
6.972300410270690918e-01
6.938387155532836914e-01
6.919533610343933105e-01
6.948792934417724609e-01
6.937038302421569824e-01
6.948861479759216309e-01
6.915904283523559570e-01
6.914588809013366699e-01
6.969982385635375977e-01
6.891698241233825684e-01
6.945632696151733398e-01
6.946812868118286133e-01
6.948774456977844238e-01
6.903950572013854980e-01
6.996975541114807129e-01
6.904313564300537109e-01
6.937373280525207520e-01
7.030364274978637695e-01
6.939682960510253906e-01
6.921790242195129395e-01
6.950978636741638184e-01
6.939668059349060059e-01
6.932830810546875000e-01
7.015185356140136719e-01
6.955727338790893555e-01
7.014131546020507812e-01
6.922075748443603516e-01
6.879353523254394531e-01
6.917505860328674316e-01
6.943132877349853516e-01
6.903849244117736816e-01
6.945304870605468750e-01
7.010120749473571777e-01
6.990111470222473145e-01
6.818404197692871094e-01
6.959705948829650879e-01
6.933941841125488281e-01
6.906204819679260254e-01
6.881482601165771484e-01
6.978242397308349609e-01
6.979478597640991211e-01
6.845189929008483887e-01
6.940776109695434570e-01
6.916879415512084961e-01
6.800999641418457031e-01
6.867963671684265137e-01
6.956803202629089355e-01
6.939697265625000000e-01
6.937185525894165039e-01
6.956543922424316406e-01
6.889634132385253906e-01
6.944824457168579102e-01
6.895055770874023438e-01
6.966430544853210449e-01
6.932662725448608398e-01
6.884810924530029297e-01
6.898282170295715332e-01
6.956046223640441895e-01
6.957328319549560547e-01
6.887019872665405273e-01
6.964666843414306641e-01
6.961024999618530273e-01
6.963940262794494629e-01
6.881160736083984375e-01
6.939129233360290527e-01
6.853823661804199219e-01
6.921955943107604980e-01
6.944767236709594727e-01
6.948263049125671387e-01
6.955211758613586426e-01
6.918113231658935547e-01
6.910954713821411133e-01
6.937938928604125977e-01
6.933484673500061035e-01
6.948618292808532715e-01
6.867721080780029297e-01
6.901841759681701660e-01
6.950755715370178223e-01
6.929082870483398438e-01
6.908935308456420898e-01
6.955707073211669922e-01
6.940152645111083984e-01
6.985480189323425293e-01
6.893544197082519531e-01
6.954208016395568848e-01
6.952741146087646484e-01
6.950068473815917969e-01
6.875597238540649414e-01
6.938880681991577148e-01
6.898415684700012207e-01
6.918302178382873535e-01
6.960663795471191406e-01
6.908223032951354980e-01
6.846517920494079590e-01
6.925957798957824707e-01
6.989102959632873535e-01
6.916942596435546875e-01
6.942025423049926758e-01
6.896865367889404297e-01
6.911914944648742676e-01
6.917644143104553223e-01
6.911462545394897461e-01
6.903517246246337891e-01
6.893984079360961914e-01
6.902469396591186523e-01
6.992425918579101562e-01
6.941169500350952148e-01
6.912049055099487305e-01
6.894479393959045410e-01
6.926659345626831055e-01
6.958156824111938477e-01
6.962428092956542969e-01
6.906425356864929199e-01
6.976771354675292969e-01
6.862494945526123047e-01
6.857547760009765625e-01
6.932476758956909180e-01
6.954760551452636719e-01
6.894290447235107422e-01
6.895758509635925293e-01
6.960175037384033203e-01
6.924495697021484375e-01
6.913892030715942383e-01
6.920775175094604492e-01
6.901723146438598633e-01
6.954120993614196777e-01
6.959859728813171387e-01
6.927187442779541016e-01
6.916450858116149902e-01
6.876195669174194336e-01
6.915884017944335938e-01
6.863600015640258789e-01
6.947519779205322266e-01
6.979138255119323730e-01
6.921016573905944824e-01
6.939237117767333984e-01
6.930561065673828125e-01
6.935778856277465820e-01
7.021067142486572266e-01
6.944085359573364258e-01
6.971043348312377930e-01
6.930186152458190918e-01
6.936404705047607422e-01
6.876935958862304688e-01
6.971544027328491211e-01
6.934477090835571289e-01
6.919044256210327148e-01
6.950887441635131836e-01
6.936796903610229492e-01
6.948764920234680176e-01
6.914392709732055664e-01
6.910454630851745605e-01
6.970499753952026367e-01
6.888698935508728027e-01
6.946378946304321289e-01
6.942864656448364258e-01
6.949830055236816406e-01
6.903902292251586914e-01
6.996073722839355469e-01
6.902939081192016602e-01
6.934654712677001953e-01
7.030189633369445801e-01
6.939332485198974609e-01
6.921458840370178223e-01
6.951811313629150391e-01
6.941768527030944824e-01
6.934075951576232910e-01
7.016108036041259766e-01
6.951987743377685547e-01
7.011952400207519531e-01
6.922532320022583008e-01
6.875150203704833984e-01
6.920354366302490234e-01
6.944242715835571289e-01
6.903101205825805664e-01
6.942991018295288086e-01
7.008208036422729492e-01
6.989613175392150879e-01
6.819304823875427246e-01
6.956497430801391602e-01
6.931046247482299805e-01
6.906944513320922852e-01
6.880785822868347168e-01
6.977428793907165527e-01
6.980175971984863281e-01
6.845096945762634277e-01
6.937397122383117676e-01
6.917017102241516113e-01
6.799366474151611328e-01
6.864122152328491211e-01
6.955832242965698242e-01
6.936289072036743164e-01
6.935892105102539062e-01
6.952738761901855469e-01
6.887097358703613281e-01
6.945157647132873535e-01
6.893619894981384277e-01
6.965442895889282227e-01
6.930090188980102539e-01
6.884257793426513672e-01
6.897233724594116211e-01
6.955367326736450195e-01
6.956583261489868164e-01
6.884489059448242188e-01
6.964530348777770996e-01
6.962112188339233398e-01
6.963808536529541016e-01
6.881371736526489258e-01
6.939617991447448730e-01
6.855235695838928223e-01
6.923989057540893555e-01
6.940019130706787109e-01
6.948816776275634766e-01
6.955001354217529297e-01
6.917488574981689453e-01
6.912472844123840332e-01
6.936967968940734863e-01
6.932377815246582031e-01
6.950002908706665039e-01
6.867428421974182129e-01
6.903505325317382812e-01
6.949155330657958984e-01
6.928268671035766602e-01
6.905931234359741211e-01
6.953524351119995117e-01
6.940957307815551758e-01
6.983355283737182617e-01
6.891734600067138672e-01
6.952474713325500488e-01
6.952981948852539062e-01
6.949042081832885742e-01
6.873756647109985352e-01
6.937380433082580566e-01
6.896355152130126953e-01
6.919126510620117188e-01
6.961063742637634277e-01
6.908479332923889160e-01
6.844385266304016113e-01
6.926232576370239258e-01
6.989114880561828613e-01
6.916601061820983887e-01
6.941775679588317871e-01
6.893610358238220215e-01
6.909323930740356445e-01
6.917880773544311523e-01
6.908132433891296387e-01
6.902781724929809570e-01
6.893677711486816406e-01
6.898266673088073730e-01
6.993561387062072754e-01
6.940599679946899414e-01
6.909726262092590332e-01
6.893635988235473633e-01
6.924847364425659180e-01
6.956053972244262695e-01
6.960149407386779785e-01
6.905279159545898438e-01
6.975662708282470703e-01
6.858806014060974121e-01
6.855328083038330078e-01
6.932536959648132324e-01
6.954798698425292969e-01
6.892381906509399414e-01
6.896048784255981445e-01
6.957233548164367676e-01
6.924090981483459473e-01
6.914036870002746582e-01
6.919168829917907715e-01
6.897572278976440430e-01
6.954280734062194824e-01
6.959572434425354004e-01
6.927222013473510742e-01
6.914804577827453613e-01
6.873720884323120117e-01
6.912639141082763672e-01
6.859800815582275391e-01
6.947895884513854980e-01
6.979117989540100098e-01
6.922878026962280273e-01
6.940286755561828613e-01
6.928266286849975586e-01
6.934976577758789062e-01
7.019253969192504883e-01
6.941630840301513672e-01
6.969596743583679199e-01
6.928303241729736328e-01
6.937701106071472168e-01
6.876027584075927734e-01
6.970557570457458496e-01
6.933158636093139648e-01
6.918316483497619629e-01
6.948189735412597656e-01
6.934723854064941406e-01
6.948660016059875488e-01
6.910379528999328613e-01
6.906292438507080078e-01
6.969188451766967773e-01
6.886307597160339355e-01
6.946539878845214844e-01
6.941644549369812012e-01
6.948154568672180176e-01
6.906036138534545898e-01
6.993675827980041504e-01
6.898881196975708008e-01
6.931709647178649902e-01
7.029478549957275391e-01
6.938453316688537598e-01
6.921893954277038574e-01
6.952522397041320801e-01
6.940841078758239746e-01
6.932054162025451660e-01
7.014598846435546875e-01
6.950486898422241211e-01
7.011311054229736328e-01
6.923870444297790527e-01
6.872441172599792480e-01
6.920202970504760742e-01
6.944909095764160156e-01
6.902191638946533203e-01
6.941875219345092773e-01
7.004902958869934082e-01
6.987479925155639648e-01
6.818844676017761230e-01
6.953890919685363770e-01
6.929940581321716309e-01
6.906246542930603027e-01
6.879121065139770508e-01
6.974918246269226074e-01
6.979299783706665039e-01
6.842355132102966309e-01
6.935492753982543945e-01
6.918707489967346191e-01
6.798516511917114258e-01
6.863883137702941895e-01
6.955109834671020508e-01
6.933585405349731445e-01
6.935909986495971680e-01
6.949095129966735840e-01
6.883016824722290039e-01
6.946001052856445312e-01
6.892553567886352539e-01
6.965081095695495605e-01
6.928550004959106445e-01
6.882935762405395508e-01
6.895184516906738281e-01
6.956759691238403320e-01
6.958221197128295898e-01
6.883664727210998535e-01
6.966333389282226562e-01
6.962724924087524414e-01
6.963021159172058105e-01
6.880272626876831055e-01
6.937925815582275391e-01
6.853339672088623047e-01
6.922535896301269531e-01
6.936802864074707031e-01
6.946817636489868164e-01
6.952745914459228516e-01
6.914449930191040039e-01
6.911761164665222168e-01
6.936695575714111328e-01
6.930708289146423340e-01
6.949868202209472656e-01
6.865111589431762695e-01
6.903675794601440430e-01
6.947934031486511230e-01
6.925755143165588379e-01
6.905187964439392090e-01
6.953096389770507812e-01
6.940617561340332031e-01
6.980559825897216797e-01
6.890191435813903809e-01
6.951880455017089844e-01
6.952864527702331543e-01
6.947761178016662598e-01
6.873586177825927734e-01
6.938119530677795410e-01
6.896036267280578613e-01
6.920422315597534180e-01
