7.455012202262878418e-01
7.251965403556823730e-01
7.179868221282958984e-01
7.563779950141906738e-01
7.297961711883544922e-01
7.311847209930419922e-01
7.227493524551391602e-01
7.468614578247070312e-01
7.481615543365478516e-01
7.380686402320861816e-01
7.493817806243896484e-01
7.265434265136718750e-01
6.988916397094726562e-01
7.463493943214416504e-01
7.430469393730163574e-01
7.103304862976074219e-01
7.025370001792907715e-01
7.221313118934631348e-01
7.179173231124877930e-01
7.330954670906066895e-01
6.961126923561096191e-01
7.474558949470520020e-01
7.186478972434997559e-01
7.000584602355957031e-01
7.281577587127685547e-01
7.250368595123291016e-01
7.081207036972045898e-01
7.214529514312744141e-01
7.327719330787658691e-01
7.390257716178894043e-01
7.188353538513183594e-01
7.130036950111389160e-01
7.488060593605041504e-01
7.211483716964721680e-01
7.327973246574401855e-01
7.306272983551025391e-01
7.285149097442626953e-01
7.404740452766418457e-01
7.535382509231567383e-01
7.195289731025695801e-01
7.025550007820129395e-01
7.054629325866699219e-01
7.051430940628051758e-01
7.474522590637207031e-01
7.270873785018920898e-01
7.002342939376831055e-01
7.496925592422485352e-01
7.560083270072937012e-01
7.669529318809509277e-01
7.152976393699645996e-01
7.280400991439819336e-01
7.103418707847595215e-01
7.179579734802246094e-01
7.260403633117675781e-01
7.267498373985290527e-01
7.079443931579589844e-01
7.244366407394409180e-01
7.211753129959106445e-01
6.608804464340209961e-01
6.964375376701354980e-01
7.255792617797851562e-01
7.904601097106933594e-01
7.195478677749633789e-01
7.482981681823730469e-01
6.820001602172851562e-01
7.524845600128173828e-01
7.363152503967285156e-01
7.359932661056518555e-01
7.478934526443481445e-01
7.514342665672302246e-01
6.885344982147216797e-01
7.287106513977050781e-01
7.103042006492614746e-01
7.167209386825561523e-01
7.111542224884033203e-01
7.224004268646240234e-01
7.101983428001403809e-01
7.179931402206420898e-01
7.579357624053955078e-01
6.934273838996887207e-01
7.654098868370056152e-01
6.949739456176757812e-01
7.799825668334960938e-01
7.458733916282653809e-01
6.885820031166076660e-01
7.081678509712219238e-01
7.346560359001159668e-01
7.107471823692321777e-01
7.510414123535156250e-01
7.252349853515625000e-01
6.818936467170715332e-01
7.016674280166625977e-01
6.753273010253906250e-01
7.207646369934082031e-01
7.177789211273193359e-01
6.859663128852844238e-01
7.275722622871398926e-01
6.981390118598937988e-01
7.025321125984191895e-01
7.457028031349182129e-01
7.254859805107116699e-01
7.107330560684204102e-01
7.276439070701599121e-01
7.422170639038085938e-01
7.430109381675720215e-01
6.846591234207153320e-01
7.727037668228149414e-01
7.227671146392822266e-01
7.229267954826354980e-01
7.221029996871948242e-01
7.284082770347595215e-01
7.097334861755371094e-01
7.220436334609985352e-01
7.538406848907470703e-01
7.092559337615966797e-01
7.884333133697509766e-01
7.257684469223022461e-01
7.406167984008789062e-01
7.030883431434631348e-01
6.866990327835083008e-01
7.359781861305236816e-01
7.244617342948913574e-01
7.236346006393432617e-01
6.909413933753967285e-01
7.345888614654541016e-01
7.319036722183227539e-01
7.031012177467346191e-01
7.026281356811523438e-01
7.220482826232910156e-01
7.249272465705871582e-01
7.231795787811279297e-01
7.318128943443298340e-01
7.598901987075805664e-01
7.391449809074401855e-01
7.195699214935302734e-01
7.164434790611267090e-01
7.494593858718872070e-01
7.158154845237731934e-01
7.344846725463867188e-01
7.554684877395629883e-01
7.150928378105163574e-01
7.009859681129455566e-01
7.175074219703674316e-01
7.640609145164489746e-01
7.431642413139343262e-01
7.281770110130310059e-01
7.103145122528076172e-01
7.507056593894958496e-01
7.109668254852294922e-01
7.230412364006042480e-01
7.064132094383239746e-01
7.379217743873596191e-01
7.486962676048278809e-01
7.384067773818969727e-01
7.311849594116210938e-01
7.191407680511474609e-01
6.876912713050842285e-01
7.470639944076538086e-01
7.366967201232910156e-01
7.122475504875183105e-01
6.986137628555297852e-01
7.116230130195617676e-01
7.069104313850402832e-01
7.335749268531799316e-01
6.949385404586791992e-01
7.342917323112487793e-01
7.164587378501892090e-01
6.912541389465332031e-01
7.175195813179016113e-01
7.186747789382934570e-01
6.973853707313537598e-01
7.179681062698364258e-01
7.240340113639831543e-01
7.342367172241210938e-01
7.214074134826660156e-01
7.138593196868896484e-01
7.355340719223022461e-01
7.227430343627929688e-01
7.242202758789062500e-01
7.257908582687377930e-01
7.209824919700622559e-01
7.406277060508728027e-01
7.407020926475524902e-01
7.151717543601989746e-01
6.996727585792541504e-01
7.006079554557800293e-01
7.058658599853515625e-01
7.483285665512084961e-01
7.292218208312988281e-01
7.024432420730590820e-01
7.474631667137145996e-01
7.493113875389099121e-01
7.544599771499633789e-01
7.110915184020996094e-01
7.247614860534667969e-01
7.103498578071594238e-01
7.139395475387573242e-01
7.193893194198608398e-01
7.200410962104797363e-01
7.074310183525085449e-01
7.317547202110290527e-01
7.191351056098937988e-01
6.615551710128784180e-01
6.935672163963317871e-01
7.190979123115539551e-01
7.836702466011047363e-01
7.173236012458801270e-01
7.460642457008361816e-01
6.819060444831848145e-01
7.439265251159667969e-01
7.330054044723510742e-01
7.361540794372558594e-01
7.404553890228271484e-01
7.512352466583251953e-01
6.839944720268249512e-01
7.328144311904907227e-01
7.065166831016540527e-01
7.132470607757568359e-01
7.062563896179199219e-01
7.226175069808959961e-01
7.061135768890380859e-01
7.131772041320800781e-01
7.494676113128662109e-01
6.871995925903320312e-01
7.619229555130004883e-01
6.977682709693908691e-01
7.736539244651794434e-01
7.462862730026245117e-01
6.861705780029296875e-01
7.137435674667358398e-01
7.374252676963806152e-01
7.096179127693176270e-01
7.524961233139038086e-01
7.330744266510009766e-01
6.842133998870849609e-01
7.025690078735351562e-01
6.774150729179382324e-01
7.212467789649963379e-01
7.164015769958496094e-01
6.885194182395935059e-01
7.238389253616333008e-01
7.009347081184387207e-01
7.064818143844604492e-01
7.517265081405639648e-01
7.290807962417602539e-01
7.111318111419677734e-01
7.267827391624450684e-01
7.393236756324768066e-01
7.424250841140747070e-01
6.830370426177978516e-01
7.716721892356872559e-01
7.170362472534179688e-01
7.211830615997314453e-01
7.234834432601928711e-01
7.269958853721618652e-01
7.060776352882385254e-01
7.245307564735412598e-01
7.512767314910888672e-01
7.095435857772827148e-01
7.906674742698669434e-01
7.221034765243530273e-01
7.407446503639221191e-01
7.039225101470947266e-01
6.896466016769409180e-01
7.329997420310974121e-01
7.218157052993774414e-01
7.250653505325317383e-01
6.865735650062561035e-01
7.313117384910583496e-01
7.335744500160217285e-01
7.052286863327026367e-01
7.008557319641113281e-01
7.195132970809936523e-01
7.253727912902832031e-01
7.275671958923339844e-01
7.314165234565734863e-01
7.597743272781372070e-01
7.388875484466552734e-01
7.193702459335327148e-01
7.164786458015441895e-01
7.485384941101074219e-01
7.118492722511291504e-01
7.327874302864074707e-01
7.559790015220642090e-01
7.145029902458190918e-01
7.018411755561828613e-01
7.138296961784362793e-01
7.612174153327941895e-01
7.440733313560485840e-01
7.251321077346801758e-01
7.072373032569885254e-01
7.504956722259521484e-01
7.109545469284057617e-01
7.244220972061157227e-01
7.073574066162109375e-01
7.390893697738647461e-01
7.511395812034606934e-01
7.398359775543212891e-01
7.331777811050415039e-01
7.180347442626953125e-01
6.872484683990478516e-01
7.452460527420043945e-01
7.406582236289978027e-01
7.147325873374938965e-01
6.996020674705505371e-01
7.151085734367370605e-01
7.053392529487609863e-01
7.349714636802673340e-01
6.952306032180786133e-01
7.318998575210571289e-01
7.164912819862365723e-01
6.916387081146240234e-01
7.208982706069946289e-01
7.192538380622863770e-01
6.980471014976501465e-01
7.165144085884094238e-01
7.278724908828735352e-01
7.337083220481872559e-01
7.209169864654541016e-01
7.134996056556701660e-01
7.341478466987609863e-01
7.227116227149963379e-01
7.271267771720886230e-01
7.283378243446350098e-01
7.181147336959838867e-01
7.412202954292297363e-01
7.396980524063110352e-01
7.154545783996582031e-01
6.998314261436462402e-01
6.984781026840209961e-01
7.048085331916809082e-01
7.499885559082031250e-01
7.316795587539672852e-01
7.022010684013366699e-01
7.469040155410766602e-01
7.512553334236145020e-01
7.574856877326965332e-01
7.118624448776245117e-01
7.255408763885498047e-01
7.094916701316833496e-01
7.165503501892089844e-01
7.176858186721801758e-01
7.180777192115783691e-01
7.061431407928466797e-01
7.303283810615539551e-01
7.198037505149841309e-01
6.603694558143615723e-01
6.932212114334106445e-01
7.222918272018432617e-01
7.835558056831359863e-01
7.153971195220947266e-01
7.448216676712036133e-01
6.810221076011657715e-01
7.411639690399169922e-01
7.342489957809448242e-01
7.346873879432678223e-01
7.409880161285400391e-01
7.528851628303527832e-01
6.854826807975769043e-01
7.326878309249877930e-01
7.052376270294189453e-01
7.120056152343750000e-01
7.041142582893371582e-01
7.244749069213867188e-01
7.063096761703491211e-01
7.133460640907287598e-01
7.525065541267395020e-01
6.867167949676513672e-01
7.648327946662902832e-01
7.011380195617675781e-01
7.733000516891479492e-01
7.471238374710083008e-01
6.849330067634582520e-01
7.174340486526489258e-01
7.402380704879760742e-01
7.082378864288330078e-01
7.529073953628540039e-01
7.328619956970214844e-01
6.870660185813903809e-01
7.031776905059814453e-01
6.804058551788330078e-01
7.209555506706237793e-01
7.185099124908447266e-01
6.859893202781677246e-01
7.260011434555053711e-01
6.993877887725830078e-01
7.059130072593688965e-01
7.499399185180664062e-01
7.264618277549743652e-01
7.133761644363403320e-01
7.246013283729553223e-01
7.421191930770874023e-01
7.429002523422241211e-01
6.858642697334289551e-01
7.717611789703369141e-01
7.162918448448181152e-01
7.215156555175781250e-01
7.268847823143005371e-01
7.297557592391967773e-01
7.070739269256591797e-01
7.267597913742065430e-01
7.506460547447204590e-01
7.093787193298339844e-01
7.917469739913940430e-01
7.216565608978271484e-01
7.430604696273803711e-01
7.029940485954284668e-01
6.903612613677978516e-01
7.332174181938171387e-01
7.251334786415100098e-01
7.238699197769165039e-01
6.865216493606567383e-01
7.331352233886718750e-01
7.333124279975891113e-01
7.057752609252929688e-01
7.006803750991821289e-01
7.189569473266601562e-01
7.246117591857910156e-01
7.303232550621032715e-01
7.298789620399475098e-01
7.593052983283996582e-01
7.409462332725524902e-01
7.196676135063171387e-01
7.154866456985473633e-01
7.485972642898559570e-01
7.090172767639160156e-01
7.339155673980712891e-01
7.568852305412292480e-01
7.150149345397949219e-01
7.006220221519470215e-01
7.140613794326782227e-01
7.625729441642761230e-01
7.422407269477844238e-01
7.235534787178039551e-01
7.091426253318786621e-01
7.494320273399353027e-01
7.100382447242736816e-01
7.233083248138427734e-01
7.052848935127258301e-01
7.382627129554748535e-01
7.491452097892761230e-01
7.394914031028747559e-01
7.317301034927368164e-01
7.165457010269165039e-01
6.860619783401489258e-01
7.445772886276245117e-01
7.399581074714660645e-01
7.154905796051025391e-01
7.011379599571228027e-01
7.162933945655822754e-01
7.050813436508178711e-01
7.342081069946289062e-01
6.948179006576538086e-01
7.321352958679199219e-01
7.145614027976989746e-01
6.904474496841430664e-01
7.229577898979187012e-01
7.187229394912719727e-01
6.997737288475036621e-01
7.147215604782104492e-01
7.277166843414306641e-01
7.327290177345275879e-01
7.207111120223999023e-01
7.143224477767944336e-01
7.341121435165405273e-01
7.199993729591369629e-01
7.276292443275451660e-01
7.289679050445556641e-01
7.180435657501220703e-01
7.427307367324829102e-01
7.381947040557861328e-01
7.160705327987670898e-01
7.007470726966857910e-01
7.006446123123168945e-01
7.046611309051513672e-01
7.515292763710021973e-01
7.326827049255371094e-01
7.018465399742126465e-01
7.482126951217651367e-01
7.505447268486022949e-01
7.588961720466613770e-01
7.127479314804077148e-01
7.229551672935485840e-01
7.102499008178710938e-01
7.171835899353027344e-01
7.158741354942321777e-01
7.180182933807373047e-01
7.045577764511108398e-01
7.277540564537048340e-01
7.192043066024780273e-01
6.611932516098022461e-01
6.918411254882812500e-01
7.242376208305358887e-01
7.845972180366516113e-01
7.147421836853027344e-01
7.460770606994628906e-01
6.817621588706970215e-01
7.383906841278076172e-01
7.358613610267639160e-01
7.314628362655639648e-01
7.416885495185852051e-01
7.521641254425048828e-01
6.857535839080810547e-01
7.320390939712524414e-01
7.053945660591125488e-01
7.122651934623718262e-01
7.029709815979003906e-01
7.252436280250549316e-01
7.062869668006896973e-01
7.144360542297363281e-01
7.541149854660034180e-01
6.878646612167358398e-01
7.665531039237976074e-01
7.019535899162292480e-01
7.762046456336975098e-01
7.455590367317199707e-01
6.819257736206054688e-01
7.187197208404541016e-01
7.417496442794799805e-01
7.081341147422790527e-01
7.541083097457885742e-01
7.323873043060302734e-01
6.888899207115173340e-01
7.034720182418823242e-01
6.818710565567016602e-01
7.201065421104431152e-01
7.176398038864135742e-01
6.845898628234863281e-01
7.259314060211181641e-01
6.996771097183227539e-01
7.054464221000671387e-01
7.490863204002380371e-01
7.242425084114074707e-01
7.128391265869140625e-01
7.227489948272705078e-01
7.432330846786499023e-01
7.423243522644042969e-01
6.871852874755859375e-01
7.716169357299804688e-01
7.149872779846191406e-01
7.228653430938720703e-01
7.288589477539062500e-01
7.312765717506408691e-01
7.061587572097778320e-01
7.265071868896484375e-01
7.524439096450805664e-01
7.085279226303100586e-01
7.914729118347167969e-01
7.217286229133605957e-01
7.438934445381164551e-01
7.016037106513977051e-01
6.900768876075744629e-01
7.339479923248291016e-01
7.253636121749877930e-01
7.224397063255310059e-01
6.857139468193054199e-01
7.360452413558959961e-01
7.319556474685668945e-01
7.063714861869812012e-01
7.014612555503845215e-01
7.181146144866943359e-01
7.237645983695983887e-01
7.315104603767395020e-01
7.292245626449584961e-01
7.587488889694213867e-01
7.432173490524291992e-01
7.196456789970397949e-01
7.137409448623657227e-01
7.479950189590454102e-01
7.078350782394409180e-01
7.348190546035766602e-01
7.567889690399169922e-01
7.148993015289306641e-01
7.023088932037353516e-01
7.156587839126586914e-01
7.620925307273864746e-01
7.411445379257202148e-01
7.239809036254882812e-01
7.094820141792297363e-01
7.484000921249389648e-01
7.093448042869567871e-01
7.203564047813415527e-01
7.029671669006347656e-01
7.343212366104125977e-01
7.431200742721557617e-01
7.339700460433959961e-01
7.236569523811340332e-01
7.107093930244445801e-01
6.824516654014587402e-01
7.369328737258911133e-01
7.321465015411376953e-01
7.095363140106201172e-01
6.981122493743896484e-01
7.103515267372131348e-01
6.990774273872375488e-01
7.238237261772155762e-01
6.888406276702880859e-01
7.186712026596069336e-01
7.039712071418762207e-01
6.853343844413757324e-01
7.141329050064086914e-01
7.096006870269775391e-01
6.938349008560180664e-01
7.023520469665527344e-01
7.156490683555603027e-01
7.167735099792480469e-01
7.088831067085266113e-01
7.052936553955078125e-01
7.171466946601867676e-01
7.056560516357421875e-01
7.134072780609130859e-01
7.154500484466552734e-01
7.050707340240478516e-01
7.241403460502624512e-01
7.189004421234130859e-01
7.039825320243835449e-01
6.924674510955810547e-01
6.930198669433593750e-01
6.953061819076538086e-01
7.268503308296203613e-01
7.156107425689697266e-01
6.920022964477539062e-01
7.235713601112365723e-01
7.253475785255432129e-01
7.295398712158203125e-01
6.986420154571533203e-01
7.046546936035156250e-01
6.977629661560058594e-01
7.033038735389709473e-01
6.994243264198303223e-01
7.004827857017517090e-01
6.927897930145263672e-01
7.085821628570556641e-01
7.033163309097290039e-01
6.682094335556030273e-01
6.847241520881652832e-01
7.060183882713317871e-01
7.425531148910522461e-01
6.949145793914794922e-01
7.189700007438659668e-01
6.784106492996215820e-01
7.120314836502075195e-01
7.121714353561401367e-01
7.088449001312255859e-01
7.125263214111328125e-01
7.175016999244689941e-01
6.838189363479614258e-01
7.076072692871093750e-01
6.895561218261718750e-01
6.992494463920593262e-01
6.894977688789367676e-01
7.064853906631469727e-01
6.934450864791870117e-01
6.950834989547729492e-01
7.243093252182006836e-01
6.815526485443115234e-01
7.272713184356689453e-01
6.933672428131103516e-01
7.308572530746459961e-01
7.136500477790832520e-01
6.769319176673889160e-01
7.013332247734069824e-01
7.130055427551269531e-01
6.908210515975952148e-01
7.197830080986022949e-01
7.059388160705566406e-01
6.829127073287963867e-01
6.921234130859375000e-01
6.809623241424560547e-01
6.977272033691406250e-01
6.971077322959899902e-01
6.788390874862670898e-01
7.006121277809143066e-01
6.865867376327514648e-01
6.904183626174926758e-01
7.119737863540649414e-01
6.994845867156982422e-01
6.935978531837463379e-01
6.990099549293518066e-01
7.126740813255310059e-01
7.070872187614440918e-01
6.830977201461791992e-01
7.209754586219787598e-01
6.941702365875244141e-01
7.008171081542968750e-01
7.066065669059753418e-01
7.034408450126647949e-01
6.894916296005249023e-01
6.976959109306335449e-01
7.116698622703552246e-01
6.881201267242431641e-01
7.280602455139160156e-01
6.988830566406250000e-01
7.106428742408752441e-01
6.844537258148193359e-01
6.829768419265747070e-01
7.015671730041503906e-01
7.003517746925354004e-01
6.969372034072875977e-01
6.817332506179809570e-01
7.070729732513427734e-01
7.009616494178771973e-01
6.902015209197998047e-01
6.878530979156494141e-01
6.954825520515441895e-01
6.982150077819824219e-01
7.020232081413269043e-01
6.986920237541198730e-01
7.123769521713256836e-01
7.069559097290039062e-01
6.960079669952392578e-01
6.908557415008544922e-01
7.058289647102355957e-01
6.893119812011718750e-01
7.008178234100341797e-01
7.092295885086059570e-01
6.958087086677551270e-01
6.889467239379882812e-01
6.961033940315246582e-01
7.112866640090942383e-01
7.012314200401306152e-01
6.960539221763610840e-01
6.893041729927062988e-01
7.080267667770385742e-01
6.888315677642822266e-01
6.955069303512573242e-01
6.903508901596069336e-01
7.005454301834106445e-01
7.026150226593017578e-01
7.033153772354125977e-01
6.955608129501342773e-01
6.890369653701782227e-01
6.810765266418457031e-01
7.033805847167968750e-01
7.050139307975769043e-01
6.920172572135925293e-01
6.904606819152832031e-01
6.955103278160095215e-01
6.873937249183654785e-01
7.027577161788940430e-01
6.820336580276489258e-01
6.899443268775939941e-01
6.873729825019836426e-01
6.842005848884582520e-01
7.013173699378967285e-01
6.951515674591064453e-01
6.887781620025634766e-01
6.852253079414367676e-01
6.988391280174255371e-01
6.928938627243041992e-01
6.959423422813415527e-01
6.955423951148986816e-01
6.946578621864318848e-01
6.906894445419311523e-01
6.966784000396728516e-01
7.016947865486145020e-01
6.917276382446289062e-01
7.028270959854125977e-01
6.977743506431579590e-01
6.931982040405273438e-01
6.887972950935363770e-01
6.894232034683227539e-01
6.908147335052490234e-01
7.023243308067321777e-01
7.011981010437011719e-01
6.882995963096618652e-01
7.009819746017456055e-01
7.038064002990722656e-01
7.034757733345031738e-01
6.908072233200073242e-01
6.937119364738464355e-01
6.926862597465515137e-01
6.952557563781738281e-01
6.912950277328491211e-01
6.906789541244506836e-01
6.902805566787719727e-01
6.984150409698486328e-01
6.956464052200317383e-01
6.823437213897705078e-01
6.866857409477233887e-01
6.963111162185668945e-01
7.119036912918090820e-01
6.850063800811767578e-01
7.026546001434326172e-01
6.826689243316650391e-01
6.978471875190734863e-01
6.993678212165832520e-01
6.973866224288940430e-01
6.967548727989196777e-01
6.986188292503356934e-01
6.893423199653625488e-01
6.966856718063354492e-01
6.842615604400634766e-01
6.969337463378906250e-01
6.880283951759338379e-01
7.005192041397094727e-01
6.917675733566284180e-01
6.891719102859497070e-01
7.097818851470947266e-01
6.840972304344177246e-01
7.084543704986572266e-01
6.954587101936340332e-01
7.089155316352844238e-01
7.001216411590576172e-01
6.809192895889282227e-01
6.967695355415344238e-01
7.021039128303527832e-01
6.871541738510131836e-01
7.066695690155029297e-01
6.971724033355712891e-01
6.852272748947143555e-01
6.917564272880554199e-01
6.869835257530212402e-01
6.922649145126342773e-01
6.923677921295166016e-01
6.814357042312622070e-01
6.926624774932861328e-01
6.856700778007507324e-01
6.890056729316711426e-01
6.990028023719787598e-01
6.925716400146484375e-01
6.904941201210021973e-01
6.939059495925903320e-01
7.030080556869506836e-01
6.964601278305053711e-01
6.866000294685363770e-01
7.028499245643615723e-01
6.905286312103271484e-01
6.962008476257324219e-01
7.019876241683959961e-01
6.964660882949829102e-01
6.878163814544677734e-01
6.897739171981811523e-01
6.993284225463867188e-01
6.857950687408447266e-01
7.070577740669250488e-01
6.955215930938720703e-01
7.017704844474792480e-01
6.822360754013061523e-01
6.851386427879333496e-01
6.937649250030517578e-01
6.958374381065368652e-01
6.929924488067626953e-01
6.861457824707031250e-01
7.012699246406555176e-01
6.938591599464416504e-01
6.904776096343994141e-01
6.883214116096496582e-01
6.922837495803833008e-01
6.946876049041748047e-01
6.961704492568969727e-01
6.928820610046386719e-01
7.014313936233520508e-01
6.997292637825012207e-01
6.927812099456787109e-01
6.891178488731384277e-01
6.971386671066284180e-01
6.887513995170593262e-01
6.949729919433593750e-01
6.988025307655334473e-01
6.946220397949218750e-01
6.897532939910888672e-01
6.955082416534423828e-01
6.999731063842773438e-01
6.933986544609069824e-01
6.930607557296752930e-01
6.873960494995117188e-01
6.994603276252746582e-01
6.867538690567016602e-01
6.929889321327209473e-01
6.908068060874938965e-01
6.936911940574645996e-01
6.945706605911254883e-01
6.979383826255798340e-01
6.903184652328491211e-01
6.871440410614013672e-01
6.846682429313659668e-01
6.972995400428771973e-01
7.001254558563232422e-01
6.904408931732177734e-01
6.916569471359252930e-01
6.950508356094360352e-01
6.874912977218627930e-01
6.990185976028442383e-01
6.835128664970397949e-01
6.840692758560180664e-01
6.860775351524353027e-01
6.873832345008850098e-01
6.994497776031494141e-01
6.941925883293151855e-01
6.915020942687988281e-01
6.819196343421936035e-01
6.962287425994873047e-01
6.875284910202026367e-01
6.949309706687927246e-01
6.948744058609008789e-01
6.902735829353332520e-01
6.882033348083496094e-01
6.935244798660278320e-01
6.994935274124145508e-01
6.892434954643249512e-01
6.978034973144531250e-01
6.924526691436767578e-01
6.916184425354003906e-01
6.893231868743896484e-01
6.910268664360046387e-01
6.916444301605224609e-01
6.955595612525939941e-01
6.984375715255737305e-01
6.895380020141601562e-01
6.958438158035278320e-01
6.980606317520141602e-01
6.963449716567993164e-01
6.906244158744812012e-01
6.916162371635437012e-01
6.934119462966918945e-01
6.940456628799438477e-01
6.896750330924987793e-01
6.896879673004150391e-01
6.923277974128723145e-01
6.962885856628417969e-01
6.952517628669738770e-01
6.898692250251770020e-01
6.901616454124450684e-01
6.947554945945739746e-01
7.015428543090820312e-01
6.841114163398742676e-01
6.983091831207275391e-01
6.867565512657165527e-01
6.949008703231811523e-01
6.959735155105590820e-01
6.941948533058166504e-01
6.927945017814636230e-01
6.930986046791076660e-01
6.928791999816894531e-01
6.947624683380126953e-01
6.836935877799987793e-01
6.979775428771972656e-01
6.893117427825927734e-01
7.001843452453613281e-01
6.927182078361511230e-01
6.890230774879455566e-01
7.048028111457824707e-01
6.873131990432739258e-01
7.016530632972717285e-01
6.980730891227722168e-01
7.015751600265502930e-01
6.961360573768615723e-01
6.839804649353027344e-01
6.964714527130126953e-01
6.994329094886779785e-01
6.873649358749389648e-01
7.019265890121459961e-01
6.943819522857666016e-01
6.873230934143066406e-01
6.924567818641662598e-01
6.917692422866821289e-01
6.912937760353088379e-01
6.913181543350219727e-01
6.841356158256530762e-01
6.901607513427734375e-01
6.865351200103759766e-01
6.897552609443664551e-01
6.943495869636535645e-01
6.907933354377746582e-01
6.899356842041015625e-01
6.933555006980895996e-01
7.001322507858276367e-01
6.937440037727355957e-01
6.888819336891174316e-01
6.963561773300170898e-01
6.909263134002685547e-01
6.950141787528991699e-01
7.006129622459411621e-01
6.949130296707153320e-01
6.881169080734252930e-01
6.876141428947448730e-01
6.950912475585937500e-01
6.859765648841857910e-01
6.982120871543884277e-01
6.950520277023315430e-01
6.986043453216552734e-01
6.820580959320068359e-01
6.872888803482055664e-01
6.923137903213500977e-01
6.938317418098449707e-01
6.923820972442626953e-01
6.892536282539367676e-01
7.000402808189392090e-01
6.917424798011779785e-01
6.915783882141113281e-01
6.890211701393127441e-01
6.920863986015319824e-01
6.938210129737854004e-01
6.940617561340332031e-01
6.913198828697204590e-01
6.981613039970397949e-01
6.977669000625610352e-01
6.919326782226562500e-01
6.887676119804382324e-01
6.941286325454711914e-01
6.893672943115234375e-01
6.924619674682617188e-01
6.954862475395202637e-01
6.949562430381774902e-01
6.915224790573120117e-01
6.955456733703613281e-01
6.956141591072082520e-01
6.908535957336425781e-01
6.920304894447326660e-01
6.877601742744445801e-01
6.959041357040405273e-01
6.870345473289489746e-01
6.927993297576904297e-01
6.917262077331542969e-01
6.910079121589660645e-01
6.918085217475891113e-01
6.961656808853149414e-01
6.895304918289184570e-01
6.872032880783081055e-01
6.869731545448303223e-01
6.947926282882690430e-01
6.984866857528686523e-01
6.906386613845825195e-01
6.930863857269287109e-01
6.954213976860046387e-01
6.878690123558044434e-01
6.980034708976745605e-01
6.853559017181396484e-01
6.829445958137512207e-01
6.863413453102111816e-01
6.896578669548034668e-01
6.985616683959960938e-01
6.947808265686035156e-01
6.943973302841186523e-01
6.810157895088195801e-01
6.960694193840026855e-01
6.856243014335632324e-01
6.950577497482299805e-01
6.950965523719787598e-01
6.897876262664794922e-01
6.879125833511352539e-01
6.921681165695190430e-01
6.992499232292175293e-01
6.879403591156005859e-01
6.959035396575927734e-01
6.902309656143188477e-01
6.912518739700317383e-01
6.901038885116577148e-01
6.925029754638671875e-01
6.925541758537292480e-01
6.927429437637329102e-01
6.975750327110290527e-01
6.906740069389343262e-01
6.942812800407409668e-01
6.956757903099060059e-01
6.939461231231689453e-01
6.911678314208984375e-01
6.902849674224853516e-01
6.939640641212463379e-01
6.937364935874938965e-01
6.892967224121093750e-01
6.897140741348266602e-01
6.932331919670104980e-01
6.960018873214721680e-01
6.953015327453613281e-01
6.929976940155029297e-01
6.920865774154663086e-01
6.943277120590209961e-01
6.973583698272705078e-01
6.838622093200683594e-01
6.969482302665710449e-01
6.891316175460815430e-01
6.936236023902893066e-01
6.944140195846557617e-01
6.929035782814025879e-01
6.912735700607299805e-01
6.907982826232910156e-01
6.942878961563110352e-01
6.936037540435791016e-01
6.844015717506408691e-01
6.987010240554809570e-01
6.901059150695800781e-01
7.003608942031860352e-01
6.934140324592590332e-01
6.902164220809936523e-01
7.034173607826232910e-01
6.893401145935058594e-01
6.986681222915649414e-01
6.994580030441284180e-01
6.993350982666015625e-01
6.946092844009399414e-01
6.856937408447265625e-01
6.966065168380737305e-01
6.983288526535034180e-01
6.880688071250915527e-01
6.996463537216186523e-01
6.928498148918151855e-01
6.891404390335083008e-01
6.923159360885620117e-01
6.940332651138305664e-01
6.910807490348815918e-01
6.913305521011352539e-01
6.849522590637207031e-01
6.889511942863464355e-01
6.866736412048339844e-01
6.908388733863830566e-01
6.928601861000061035e-01
6.907520890235900879e-01
6.902865171432495117e-01
6.934918761253356934e-01
6.996049880981445312e-01
6.937545537948608398e-01
6.900003552436828613e-01
6.934727430343627930e-01
6.915959715843200684e-01
6.946379542350769043e-01
7.001470327377319336e-01
6.943845152854919434e-01
6.887798905372619629e-01
6.868075132369995117e-01
6.931486725807189941e-01
6.866995096206665039e-01
6.949852705001831055e-01
6.951213479042053223e-01
6.981374621391296387e-01
6.818823814392089844e-01
6.886605620384216309e-01
6.912559270858764648e-01
6.931493282318115234e-01
6.922280192375183105e-01
6.908323764801025391e-01
6.989329457283020020e-01
6.910600662231445312e-01
6.926469206809997559e-01
6.900832653045654297e-01
6.923006176948547363e-01
6.930715441703796387e-01
6.936191320419311523e-01
6.904877424240112305e-01
6.975070834159851074e-01
6.975805759429931641e-01
6.923346519470214844e-01
6.887890100479125977e-01
6.927561163902282715e-01
6.894245743751525879e-01
6.916323304176330566e-01
6.940299272537231445e-01
6.955017447471618652e-01
6.926009058952331543e-01
6.967412829399108887e-01
6.941319704055786133e-01
6.903767585754394531e-01
6.916896700859069824e-01
6.882035732269287109e-01
6.943545341491699219e-01
6.871688365936279297e-01
6.931160092353820801e-01
6.922260522842407227e-01
6.894379854202270508e-01
6.907357573509216309e-01
6.952505111694335938e-01
6.889786720275878906e-01
6.875438094139099121e-01
6.885129213333129883e-01
6.934367418289184570e-01
6.978994607925415039e-01
6.910136938095092773e-01
6.937318444252014160e-01
6.962461471557617188e-01
6.881322264671325684e-01
6.976964473724365234e-01
6.865033507347106934e-01
6.823959946632385254e-01
6.868171095848083496e-01
6.909972429275512695e-01
6.984099745750427246e-01
6.950453519821166992e-01
6.963044404983520508e-01
6.806749701499938965e-01
6.958131790161132812e-01
6.845797300338745117e-01
6.951604485511779785e-01
6.953831315040588379e-01
6.898763775825500488e-01
6.874804496765136719e-01
6.915771961212158203e-01
6.988725662231445312e-01
6.876174211502075195e-01
6.959508657455444336e-01
6.893576383590698242e-01
6.908110380172729492e-01
6.909927129745483398e-01
6.937720179557800293e-01
6.928206682205200195e-01
6.917128562927246094e-01
6.977633237838745117e-01
6.916679739952087402e-01
6.939449310302734375e-01
6.944512128829956055e-01
6.925157904624938965e-01
6.914268136024475098e-01
6.903200149536132812e-01
6.947147250175476074e-01
6.931953430175781250e-01
6.893950700759887695e-01
6.895856261253356934e-01
6.933214664459228516e-01
6.957750320434570312e-01
6.949434280395507812e-01
6.946943998336791992e-01
6.935236454010009766e-01
6.941320896148681641e-01
6.946179866790771484e-01
6.844342947006225586e-01
6.961838006973266602e-01
6.905511617660522461e-01
6.933910846710205078e-01
6.932142376899719238e-01
6.916337013244628906e-01
6.902107000350952148e-01
6.896734833717346191e-01
6.952980160713195801e-01
6.934832334518432617e-01
6.847966909408569336e-01
6.987673640251159668e-01
6.902486681938171387e-01
7.008786201477050781e-01
6.933576464653015137e-01
6.912620067596435547e-01
7.030329704284667969e-01
6.905257105827331543e-01
6.973428726196289062e-01
7.001233100891113281e-01
6.980836987495422363e-01
6.941268444061279297e-01
6.864145398139953613e-01
6.967411637306213379e-01
6.978048682212829590e-01
6.879316568374633789e-01
6.981992125511169434e-01
6.923334598541259766e-01
6.901957392692565918e-01
6.926234364509582520e-01
6.949301362037658691e-01
6.910375356674194336e-01
6.914985179901123047e-01
6.854560971260070801e-01
6.887016892433166504e-01
6.871836781501770020e-01
6.913881301879882812e-01
6.924245357513427734e-01
6.904214620590209961e-01
6.907065510749816895e-01
6.932039856910705566e-01
6.990896463394165039e-01
6.942573189735412598e-01
6.908055543899536133e-01
6.924487352371215820e-01
6.919820308685302734e-01
6.935800909996032715e-01
7.002098560333251953e-01
6.938551664352416992e-01
6.887360811233520508e-01
6.863369941711425781e-01
6.926755905151367188e-01
6.873724460601806641e-01
6.936196088790893555e-01
6.946821808815002441e-01
6.976464390754699707e-01
6.817167997360229492e-01
6.897278428077697754e-01
6.901733279228210449e-01
6.922293305397033691e-01
6.925151944160461426e-01
6.921587586402893066e-01
6.982260942459106445e-01
6.908256411552429199e-01
6.935504674911499023e-01
6.904078722000122070e-01
6.918917894363403320e-01
6.928917765617370605e-01
6.929800510406494141e-01
6.900531053543090820e-01
6.970670223236083984e-01
6.975000500679016113e-01
6.924617290496826172e-01
6.893609166145324707e-01
6.920596957206726074e-01
6.891646385192871094e-01
6.910793781280517578e-01
6.931368708610534668e-01
6.956256031990051270e-01
6.931770443916320801e-01
6.977095603942871094e-01
6.932567358016967773e-01
6.905887126922607422e-01
6.918131113052368164e-01
6.889263391494750977e-01
6.935361027717590332e-01
6.872360110282897949e-01
6.937183737754821777e-01
6.924026012420654297e-01
6.887246370315551758e-01
6.906307935714721680e-01
6.949836611747741699e-01
6.883974671363830566e-01
6.877028942108154297e-01
6.895655393600463867e-01
6.929267048835754395e-01
6.972755789756774902e-01
6.915653347969055176e-01
6.943238973617553711e-01
6.964412927627563477e-01
6.883683204650878906e-01
6.974264383316040039e-01
6.867980957031250000e-01
6.823354959487915039e-01
6.875364780426025391e-01
6.918845176696777344e-01
6.981165409088134766e-01
6.958335638046264648e-01
6.973228454589843750e-01
6.802800297737121582e-01
6.953545808792114258e-01
6.840725541114807129e-01
6.954142451286315918e-01
6.948763728141784668e-01
6.899400949478149414e-01
6.875391602516174316e-01
6.912583112716674805e-01
6.982926726341247559e-01
6.877803802490234375e-01
6.961669921875000000e-01
6.886953115463256836e-01
6.910156607627868652e-01
6.915266513824462891e-01
6.942961812019348145e-01
6.929350495338439941e-01
6.913985013961791992e-01
6.977539062500000000e-01
6.921692490577697754e-01
6.937184333801269531e-01
6.940489411354064941e-01
6.921940445899963379e-01
6.919538974761962891e-01
6.903781890869140625e-01
6.952237486839294434e-01
6.930272579193115234e-01
6.894574165344238281e-01
6.897870302200317383e-01
6.937599182128906250e-01
6.953090429306030273e-01
6.944820284843444824e-01
6.951004266738891602e-01
6.944256424903869629e-01
6.944479942321777344e-01
6.930360794067382812e-01
6.850483417510986328e-01
6.961751580238342285e-01
6.908484697341918945e-01
6.932976841926574707e-01
6.923552751541137695e-01
6.908974051475524902e-01
6.896244883537292480e-01
6.889586448669433594e-01
6.954668164253234863e-01
6.931454539299011230e-01
6.849386096000671387e-01
6.991367340087890625e-01
6.901700496673583984e-01
7.009800672531127930e-01
6.931166648864746094e-01
6.916285753250122070e-01
7.029736042022705078e-01
6.909686326980590820e-01
6.966753005981445312e-01
6.996768712997436523e-01
6.973438858985900879e-01
6.933984160423278809e-01
6.868494749069213867e-01
6.969513297080993652e-01
6.978667974472045898e-01
6.880754232406616211e-01
6.978259682655334473e-01
6.920494437217712402e-01
6.908915042877197266e-01
6.925227642059326172e-01
6.956406831741333008e-01
6.909521222114562988e-01
6.916679739952087402e-01
6.858291029930114746e-01
6.884700655937194824e-01
6.876659393310546875e-01
6.913183927536010742e-01
6.927725672721862793e-01
6.904435157775878906e-01
6.905631422996520996e-01
6.930662989616394043e-01
6.988940238952636719e-01
6.947751045227050781e-01
6.910593509674072266e-01
6.917617917060852051e-01
6.920900344848632812e-01
6.933963894844055176e-01
7.001073956489562988e-01
6.933919787406921387e-01
6.881626248359680176e-01
6.865636706352233887e-01
6.924566030502319336e-01
6.879560351371765137e-01
6.932769417762756348e-01
6.943196654319763184e-01
6.974448561668395996e-01
6.818522214889526367e-01
6.900599002838134766e-01
6.892851591110229492e-01
6.915822029113769531e-01
6.922523975372314453e-01
6.924335360527038574e-01
6.975902915000915527e-01
6.907603144645690918e-01
6.938535571098327637e-01
6.907957196235656738e-01
6.919378638267517090e-01
6.929647922515869141e-01
6.926287412643432617e-01
6.898695230484008789e-01
6.969339847564697266e-01
6.975205540657043457e-01
6.920137405395507812e-01
6.893688440322875977e-01
6.916937232017517090e-01
6.885046362876892090e-01
6.907168030738830566e-01
6.929219961166381836e-01
6.954361200332641602e-01
6.932224631309509277e-01
6.986606121063232422e-01
6.930544972419738770e-01
6.910164952278137207e-01
6.920361518859863281e-01
6.894522905349731445e-01
6.931647062301635742e-01
6.878596544265747070e-01
6.941235661506652832e-01
6.920669674873352051e-01
6.884601116180419922e-01
6.903648376464843750e-01
6.947716474533081055e-01
6.880315542221069336e-01
6.877171993255615234e-01
6.896075606346130371e-01
6.921313405036926270e-01
6.971553564071655273e-01
6.920619010925292969e-01
6.944628357887268066e-01
6.964465379714965820e-01
6.887865662574768066e-01
6.971207857131958008e-01
6.871940493583679199e-01
6.829268932342529297e-01
6.878715157508850098e-01
6.921048760414123535e-01
6.979651451110839844e-01
6.962689757347106934e-01
6.974287033081054688e-01
6.801770925521850586e-01
6.952754855155944824e-01
6.837279796600341797e-01
6.953721642494201660e-01
6.941046118736267090e-01
6.902680397033691406e-01
6.878643631935119629e-01
6.912692189216613770e-01
6.976658105850219727e-01
6.879680156707763672e-01
6.963992118835449219e-01
6.887375712394714355e-01
6.907801628112792969e-01
6.921910643577575684e-01
6.942359209060668945e-01
6.928529143333435059e-01
6.913453340530395508e-01
6.978309154510498047e-01
6.918078064918518066e-01
6.938682198524475098e-01
6.937767267227172852e-01
6.921790838241577148e-01
6.919809579849243164e-01
6.903997659683227539e-01
6.953883767127990723e-01
6.923985481262207031e-01
6.893004179000854492e-01
6.898523569107055664e-01
6.939197182655334473e-01
6.954715251922607422e-01
6.937568783760070801e-01
6.948717236518859863e-01
6.948760747909545898e-01
6.947488784790039062e-01
6.922299861907958984e-01
6.852406859397888184e-01
6.960182785987854004e-01
6.910904645919799805e-01
6.929683089256286621e-01
6.916812062263488770e-01
6.907660961151123047e-01
6.891856789588928223e-01
6.887230277061462402e-01
6.955981850624084473e-01
6.933283805847167969e-01
6.852167844772338867e-01
6.990137696266174316e-01
6.899241805076599121e-01
7.010757923126220703e-01
6.929537057876586914e-01
6.921612024307250977e-01
7.029142975807189941e-01
6.910266876220703125e-01
6.963890790939331055e-01
6.991996765136718750e-01
6.976128816604614258e-01
6.931324601173400879e-01
6.871014833450317383e-01
6.965689063072204590e-01
6.980975866317749023e-01
6.881377100944519043e-01
6.974600553512573242e-01
6.919112205505371094e-01
6.916095018386840820e-01
6.925267577171325684e-01
6.959964036941528320e-01
6.908705234527587891e-01
6.919154524803161621e-01
6.859235167503356934e-01
6.878993511199951172e-01
6.874279975891113281e-01
6.914110779762268066e-01
6.929809451103210449e-01
6.909310221672058105e-01
6.904351115226745605e-01
6.927164793014526367e-01
6.987572908401489258e-01
6.949204206466674805e-01
6.914260387420654297e-01
6.911962032318115234e-01
6.922045946121215820e-01
6.928901672363281250e-01
6.999440789222717285e-01
6.928109526634216309e-01
6.876931190490722656e-01
6.868543028831481934e-01
6.924392580986022949e-01
6.882112026214599609e-01
6.930511593818664551e-01
6.941996812820434570e-01
6.976704597473144531e-01
6.816543936729431152e-01
6.902732253074645996e-01
6.887313723564147949e-01
6.911911368370056152e-01
6.918763518333435059e-01
6.922425031661987305e-01
6.969984173774719238e-01
6.906375885009765625e-01
6.940849423408508301e-01
6.908197402954101562e-01
6.917846202850341797e-01
6.932868957519531250e-01
6.921157240867614746e-01
6.901561617851257324e-01
6.970098018646240234e-01
6.974554657936096191e-01
6.919170022010803223e-01
6.895866394042968750e-01
6.914794445037841797e-01
6.879274249076843262e-01
6.902344822883605957e-01
6.926442980766296387e-01
6.955222487449645996e-01
6.932137608528137207e-01
6.995760798454284668e-01
6.929224729537963867e-01
6.912121176719665527e-01
6.920888423919677734e-01
6.893750429153442383e-01
6.928139328956604004e-01
6.883815526962280273e-01
6.945660114288330078e-01
6.916783452033996582e-01
6.879821419715881348e-01
6.903032064437866211e-01
6.943810582160949707e-01
6.877835988998413086e-01
6.878111958503723145e-01
6.897360682487487793e-01
6.915385723114013672e-01
6.965524554252624512e-01
6.930604577064514160e-01
6.948227882385253906e-01
6.960949301719665527e-01
6.888009309768676758e-01
6.963800191879272461e-01
6.870779991149902344e-01
6.832353472709655762e-01
6.878999471664428711e-01
6.925206184387207031e-01
6.978750228881835938e-01
6.965529322624206543e-01
6.975969076156616211e-01
6.802771091461181641e-01
6.952397823333740234e-01
6.841492652893066406e-01
6.952288746833801270e-01
6.933901309967041016e-01
6.900668144226074219e-01
6.881107091903686523e-01
6.910682320594787598e-01
6.971909999847412109e-01
6.878501176834106445e-01
6.964705586433410645e-01
6.891108751296997070e-01
6.907417774200439453e-01
6.925909519195556641e-01
6.943595409393310547e-01
6.927322745323181152e-01
6.914618611335754395e-01
6.980930566787719727e-01
6.920025944709777832e-01
6.942003369331359863e-01
6.936822533607482910e-01
6.922027468681335449e-01
6.924952268600463867e-01
6.905372142791748047e-01
6.955382823944091797e-01
6.917035579681396484e-01
6.890751719474792480e-01
6.899278759956359863e-01
6.938090324401855469e-01
6.958122849464416504e-01
6.933114528656005859e-01
6.950186491012573242e-01
6.951763629913330078e-01
6.947246789932250977e-01
6.918247938156127930e-01
6.856037974357604980e-01
6.962790489196777344e-01
6.907737851142883301e-01
6.928153038024902344e-01
6.914534568786621094e-01
6.909852623939514160e-01
6.890434026718139648e-01
6.887838840484619141e-01
6.954338550567626953e-01
6.933007836341857910e-01
6.847329139709472656e-01
6.986774206161499023e-01
6.895223259925842285e-01
7.008764743804931641e-01
6.926190257072448730e-01
6.928573250770568848e-01
7.025753259658813477e-01
6.906372308731079102e-01
6.961326599121093750e-01
6.984528303146362305e-01
6.977462172508239746e-01
6.932281255722045898e-01
6.871033310890197754e-01
6.964429020881652832e-01
6.982297301292419434e-01
6.885114908218383789e-01
6.973388791084289551e-01
6.918033361434936523e-01
6.918003559112548828e-01
6.917527914047241211e-01
6.962578892707824707e-01
6.912420988082885742e-01
6.920168399810791016e-01
6.860216856002807617e-01
6.877116560935974121e-01
6.877717375755310059e-01
6.917994618415832520e-01
6.927784681320190430e-01
6.909474134445190430e-01
6.901143193244934082e-01
6.927412152290344238e-01
6.985473632812500000e-01
6.951335668563842773e-01
6.916099190711975098e-01
6.911431550979614258e-01
6.921771764755249023e-01
6.926894187927246094e-01
7.000184059143066406e-01
6.929119825363159180e-01
6.876100301742553711e-01
6.867572665214538574e-01
6.924644112586975098e-01
6.886547207832336426e-01
6.928296089172363281e-01
6.937759518623352051e-01
6.979772448539733887e-01
6.815223097801208496e-01
6.904504299163818359e-01
6.882579922676086426e-01
6.913819313049316406e-01
6.916455030441284180e-01
6.919214725494384766e-01
6.964536309242248535e-01
6.903405785560607910e-01
6.938791871070861816e-01
6.906915307044982910e-01
6.917749643325805664e-01
6.934508681297302246e-01
6.914487481117248535e-01
6.900598406791687012e-01
6.970487236976623535e-01
6.974124908447265625e-01
6.917654275894165039e-01
6.895129084587097168e-01
6.913092136383056641e-01
6.875826716423034668e-01
6.899951696395874023e-01
6.919654011726379395e-01
6.952865123748779297e-01
6.935314536094665527e-01
7.001330852508544922e-01
6.929218769073486328e-01
6.908451914787292480e-01
6.922522783279418945e-01
6.899851560592651367e-01
6.919516324996948242e-01
6.887282729148864746e-01
6.949710249900817871e-01
6.912634372711181641e-01
6.874001026153564453e-01
6.903117299079895020e-01
6.942474842071533203e-01
6.879909038543701172e-01
6.878598928451538086e-01
6.897696256637573242e-01
6.908524632453918457e-01
6.964969635009765625e-01
6.936802268028259277e-01
6.954671144485473633e-01
6.958539485931396484e-01
6.888434886932373047e-01
6.961031556129455566e-01
6.872401833534240723e-01
6.834406256675720215e-01
6.880135536193847656e-01
6.926470994949340820e-01
6.979152560234069824e-01
6.965582370758056641e-01
6.970734000205993652e-01
6.800430417060852051e-01
6.948759555816650391e-01
6.844907999038696289e-01
6.949434280395507812e-01
6.934846639633178711e-01
6.898716688156127930e-01
6.886827945709228516e-01
6.906720399856567383e-01
6.965653896331787109e-01
6.876732707023620605e-01
6.966922283172607422e-01
6.897414922714233398e-01
6.905962228775024414e-01
6.926466226577758789e-01
6.948629617691040039e-01
6.924467682838439941e-01
6.916130185127258301e-01
6.981358528137207031e-01
6.917431950569152832e-01
6.944945454597473145e-01
6.933196187019348145e-01
6.923601031303405762e-01
6.932520866394042969e-01
6.909085512161254883e-01
6.955251097679138184e-01
6.911635398864746094e-01
6.890767216682434082e-01
6.893089413642883301e-01
6.935238838195800781e-01
6.964890956878662109e-01
6.927537322044372559e-01
6.944932341575622559e-01
6.954327225685119629e-01
6.943709850311279297e-01
6.918264627456665039e-01
6.856867074966430664e-01
6.964685916900634766e-01
6.908065080642700195e-01
6.924899816513061523e-01
6.911870837211608887e-01
6.907910108566284180e-01
6.892911195755004883e-01
6.885868906974792480e-01
6.950646042823791504e-01
6.932500004768371582e-01
6.848648786544799805e-01
6.984447240829467773e-01
6.893031597137451172e-01
7.012768983840942383e-01
6.921550035476684570e-01
6.933006048202514648e-01
7.025581002235412598e-01
6.903352141380310059e-01
6.959858536720275879e-01
6.979012489318847656e-01
6.977316737174987793e-01
6.928561925888061523e-01
6.868973970413208008e-01
6.964526772499084473e-01
6.984068751335144043e-01
6.886578798294067383e-01
6.969618797302246094e-01
6.917144060134887695e-01
6.917383074760437012e-01
6.916439533233642578e-01
6.961115002632141113e-01
6.914391517639160156e-01
6.916410326957702637e-01
6.859916448593139648e-01
6.874694824218750000e-01
6.876981258392333984e-01
6.915335059165954590e-01
6.927899122238159180e-01
6.908567547798156738e-01
6.898043751716613770e-01
6.921787858009338379e-01
6.985746026039123535e-01
6.953839063644409180e-01
6.914065480232238770e-01
6.914037466049194336e-01
6.918796300888061523e-01
6.926651000976562500e-01
6.998900175094604492e-01
6.927903890609741211e-01
6.871191263198852539e-01
6.867662668228149414e-01
6.928749680519104004e-01
6.889854669570922852e-01
6.931661367416381836e-01
6.936314105987548828e-01
6.978276968002319336e-01
6.813752055168151855e-01
6.907958388328552246e-01
6.883546113967895508e-01
6.914188265800476074e-01
6.915002465248107910e-01
6.919233202934265137e-01
6.961128711700439453e-01
6.903352737426757812e-01
6.940696239471435547e-01
6.905084848403930664e-01
6.919573545455932617e-01
6.935923695564270020e-01
6.910917758941650391e-01
6.902310252189636230e-01
6.970227956771850586e-01
6.974099278450012207e-01
6.912333369255065918e-01
6.898740530014038086e-01
6.913927197456359863e-01
6.872431039810180664e-01
6.899729967117309570e-01
6.921826601028442383e-01
6.951713562011718750e-01
6.933391094207763672e-01
7.001945972442626953e-01
6.929501891136169434e-01
6.909594535827636719e-01
6.923173666000366211e-01
6.900854706764221191e-01
6.912917494773864746e-01
6.885873675346374512e-01
6.949475407600402832e-01
6.913915276527404785e-01
6.865279674530029297e-01
6.900472044944763184e-01
6.940530538558959961e-01
6.880244016647338867e-01
6.880947351455688477e-01
6.895063519477844238e-01
6.904342174530029297e-01
6.963580846786499023e-01
6.943351626396179199e-01
6.952034235000610352e-01
6.955708265304565430e-01
6.891413927078247070e-01
6.957567930221557617e-01
6.873160004615783691e-01
6.834062337875366211e-01
6.882563829421997070e-01
6.927776932716369629e-01
6.979248523712158203e-01
6.966912746429443359e-01
6.965485811233520508e-01
6.801091432571411133e-01
6.944897770881652832e-01
6.849060654640197754e-01
6.947831511497497559e-01
6.933693289756774902e-01
6.895964145660400391e-01
6.888515949249267578e-01
6.905114054679870605e-01
6.963024735450744629e-01
6.874384284019470215e-01
6.965158581733703613e-01
6.899607777595520020e-01
6.902956366539001465e-01
6.927486062049865723e-01
6.945604681968688965e-01
6.925930976867675781e-01
6.918538808822631836e-01
6.982954740524291992e-01
6.912956833839416504e-01
6.945638060569763184e-01
6.929163336753845215e-01
6.922317743301391602e-01
6.934784054756164551e-01
6.909545063972473145e-01
6.956725716590881348e-01
6.911310553550720215e-01
6.893644332885742188e-01
6.889433860778808594e-01
6.935765743255615234e-01
6.965792179107666016e-01
6.923959255218505859e-01
6.946040391921997070e-01
6.953449845314025879e-01
6.944273710250854492e-01
6.915273070335388184e-01
6.856228709220886230e-01
6.963213086128234863e-01
6.909258961677551270e-01
6.920403838157653809e-01
6.908251643180847168e-01
6.908138990402221680e-01
6.891925930976867676e-01
6.883816719055175781e-01
6.949882507324218750e-01
6.930912733078002930e-01
6.847452521324157715e-01
6.983326077461242676e-01
6.894352436065673828e-01
7.014529109001159668e-01
6.922882199287414551e-01
6.934517621994018555e-01
7.024904489517211914e-01
6.902467608451843262e-01
6.961743235588073730e-01
6.975341439247131348e-01
6.976706981658935547e-01
6.928949952125549316e-01
6.868050694465637207e-01
6.963390111923217773e-01
6.986345648765563965e-01
6.890020370483398438e-01
6.969494819641113281e-01
6.915456652641296387e-01
6.919521093368530273e-01
6.916730403900146484e-01
6.962303519248962402e-01
6.916621327400207520e-01
6.915178894996643066e-01
6.860942244529724121e-01
6.870862245559692383e-01
6.877194643020629883e-01
6.914618611335754395e-01
6.926708817481994629e-01
6.908254623413085938e-01
6.898148059844970703e-01
6.918079257011413574e-01
6.982724666595458984e-01
6.953446865081787109e-01
6.915006637573242188e-01
6.911986470222473145e-01
6.915583014488220215e-01
6.927679777145385742e-01
6.997359395027160645e-01
6.928887367248535156e-01
6.865275502204895020e-01
6.865378022193908691e-01
6.929833292961120605e-01
6.893046498298645020e-01
6.931441426277160645e-01
6.932944059371948242e-01
6.974532008171081543e-01
6.811583638191223145e-01
6.908822655677795410e-01
6.885860562324523926e-01
6.918581724166870117e-01
6.912086009979248047e-01
6.919081211090087891e-01
6.957765817642211914e-01
6.900732517242431641e-01
6.942599415779113770e-01
6.905405521392822266e-01
6.920644044876098633e-01
6.937547326087951660e-01
6.911322474479675293e-01
6.904923915863037109e-01
6.971156597137451172e-01
6.969850063323974609e-01
6.908572316169738770e-01
6.900613903999328613e-01
6.912525296211242676e-01
6.869480609893798828e-01
6.899969577789306641e-01
6.918496489524841309e-01
6.950038671493530273e-01
6.933423876762390137e-01
7.007246017456054688e-01
6.927629709243774414e-01
6.908805966377258301e-01
6.922484040260314941e-01
6.904082298278808594e-01
6.909142136573791504e-01
6.883200407028198242e-01
6.951066255569458008e-01
6.916256546974182129e-01
6.861951947212219238e-01
6.896700263023376465e-01
6.939480304718017578e-01
6.881607770919799805e-01
6.879755258560180664e-01
6.895673274993896484e-01
6.899168491363525391e-01
6.960389018058776855e-01
6.946091651916503906e-01
6.954411268234252930e-01
6.954536437988281250e-01
6.891157627105712891e-01
6.953517198562622070e-01
6.872895359992980957e-01
6.832954883575439453e-01
6.882678866386413574e-01
6.925747990608215332e-01
6.977227330207824707e-01
6.965749263763427734e-01
6.962206363677978516e-01
6.799691915512084961e-01
6.943305134773254395e-01
6.849389672279357910e-01
6.946210265159606934e-01
6.934255361557006836e-01
6.894370913505554199e-01
6.890810132026672363e-01
6.903317570686340332e-01
6.961097121238708496e-01
6.873160004615783691e-01
6.962810158729553223e-01
6.899514794349670410e-01
6.900598406791687012e-01
6.927430033683776855e-01
6.944085955619812012e-01
6.928170919418334961e-01
6.922621130943298340e-01
6.985627412796020508e-01
6.909371614456176758e-01
6.946752071380615234e-01
6.923834085464477539e-01
6.922833323478698730e-01
6.939106583595275879e-01
6.911230087280273438e-01
6.956549286842346191e-01
6.911297440528869629e-01
6.894761919975280762e-01
6.882218718528747559e-01
6.937137842178344727e-01
6.968126893043518066e-01
6.922528743743896484e-01
6.946573853492736816e-01
6.951490640640258789e-01
6.943754553794860840e-01
6.909782290458679199e-01
6.857455372810363770e-01
6.960487961769104004e-01
6.908124685287475586e-01
6.920078992843627930e-01
6.906105279922485352e-01
6.907361745834350586e-01
6.893455386161804199e-01
6.886327266693115234e-01
6.949281096458435059e-01
6.928676962852478027e-01
6.849426031112670898e-01
6.981194615364074707e-01
6.893158555030822754e-01
7.015360593795776367e-01
6.919043064117431641e-01
6.935062408447265625e-01
7.023191452026367188e-01
6.904413104057312012e-01
6.961292624473571777e-01
6.970270872116088867e-01
6.976177692413330078e-01
6.928671598434448242e-01
6.866508126258850098e-01
6.958871483802795410e-01
6.987920999526977539e-01
6.891100406646728516e-01
6.968858838081359863e-01
6.913372278213500977e-01
6.918651461601257324e-01
6.914216279983520508e-01
6.961156725883483887e-01
6.914196014404296875e-01
6.914380788803100586e-01
6.863557696342468262e-01
6.869685649871826172e-01
6.878462433815002441e-01
6.914474964141845703e-01
6.921933889389038086e-01
6.908448934555053711e-01
6.896713376045227051e-01
6.916706562042236328e-01
6.981113553047180176e-01
6.956679224967956543e-01
6.917758584022521973e-01
6.908913850784301758e-01
6.915056705474853516e-01
6.926844120025634766e-01
6.991776227951049805e-01
6.929960250854492188e-01
6.864367127418518066e-01
6.866638660430908203e-01
6.931124925613403320e-01
6.896845698356628418e-01
6.932860016822814941e-01
6.928181052207946777e-01
6.974890232086181641e-01
6.814118027687072754e-01
6.909694671630859375e-01
6.892662048339843750e-01
6.924853324890136719e-01
6.909033060073852539e-01
6.916401386260986328e-01
6.958396434783935547e-01
6.900474429130554199e-01
6.943550705909729004e-01
6.904206275939941406e-01
6.923160552978515625e-01
6.940428018569946289e-01
6.910881996154785156e-01
6.910354495048522949e-01
6.968723535537719727e-01
6.969482302665710449e-01
6.906176805496215820e-01
6.904906630516052246e-01
6.911786794662475586e-01
6.870310306549072266e-01
6.901102066040039062e-01
6.916154026985168457e-01
6.950795650482177734e-01
6.933574676513671875e-01
7.010322213172912598e-01
6.924984455108642578e-01
6.909705996513366699e-01
6.925247907638549805e-01
6.906678676605224609e-01
6.903396248817443848e-01
6.881486773490905762e-01
6.950706839561462402e-01
6.915912032127380371e-01
6.857445240020751953e-01
6.894152164459228516e-01
6.939501166343688965e-01
6.882612109184265137e-01
6.880331039428710938e-01
6.897869110107421875e-01
6.895474195480346680e-01
6.957311630249023438e-01
6.954263448715209961e-01
6.955791711807250977e-01
6.953172683715820312e-01
6.891137361526489258e-01
6.952631473541259766e-01
6.873125433921813965e-01
6.830685138702392578e-01
6.883388757705688477e-01
6.923335790634155273e-01
6.972683668136596680e-01
6.962091326713562012e-01
6.959491968154907227e-01
6.800054907798767090e-01
6.942803263664245605e-01
6.849853992462158203e-01
6.945277452468872070e-01
6.933901309967041016e-01
6.895730495452880859e-01
6.893797516822814941e-01
6.901893615722656250e-01
6.958374977111816406e-01
6.874341368675231934e-01
6.961039304733276367e-01
6.898214817047119141e-01
6.901814341545104980e-01
6.927940845489501953e-01
6.945635676383972168e-01
6.930006146430969238e-01
6.928981542587280273e-01
6.985052227973937988e-01
6.903932094573974609e-01
6.947944760322570801e-01
6.920098662376403809e-01
6.919325590133666992e-01
6.940400600433349609e-01
6.915181279182434082e-01
6.956279277801513672e-01
6.911033391952514648e-01
6.895210146903991699e-01
6.877747774124145508e-01
6.937433481216430664e-01
6.975401639938354492e-01
6.922537088394165039e-01
6.948739290237426758e-01
6.949216723442077637e-01
6.939969062805175781e-01
6.908745765686035156e-01
6.858433485031127930e-01
6.958438158035278320e-01
6.909560561180114746e-01
6.918764114379882812e-01
6.906418800354003906e-01
6.907218694686889648e-01
6.893246173858642578e-01
6.887304782867431641e-01
6.946740746498107910e-01
6.928006410598754883e-01
6.851243972778320312e-01
6.976031064987182617e-01
6.893746852874755859e-01
7.014049887657165527e-01
6.918293833732604980e-01
6.934772133827209473e-01
7.027093172073364258e-01
6.905202865600585938e-01
6.960033178329467773e-01
6.963356733322143555e-01
6.975952982902526855e-01
6.925148367881774902e-01
6.865476369857788086e-01
6.955953836441040039e-01
6.987442970275878906e-01
6.893814206123352051e-01
6.966043710708618164e-01
6.911788582801818848e-01
6.922173500061035156e-01
6.914799213409423828e-01
6.956025958061218262e-01
6.916024088859558105e-01
6.915593743324279785e-01
6.861439943313598633e-01
6.867127418518066406e-01
6.878250837326049805e-01
6.915177106857299805e-01
6.919627189636230469e-01
6.908105015754699707e-01
6.893004775047302246e-01
6.914322376251220703e-01
6.978290677070617676e-01
6.957865357398986816e-01
6.916756033897399902e-01
6.909027695655822754e-01
6.913104057312011719e-01
6.927398443222045898e-01
6.988205313682556152e-01
6.931911706924438477e-01
6.862369179725646973e-01
6.866334080696105957e-01
6.933290362358093262e-01
6.900030970573425293e-01
6.933329701423645020e-01
6.926303505897521973e-01
6.979162096977233887e-01
6.811410188674926758e-01
6.913782358169555664e-01
6.893098354339599609e-01
6.928055882453918457e-01
6.906427741050720215e-01
6.914851665496826172e-01
6.953971385955810547e-01
6.900275349617004395e-01
6.946645379066467285e-01
6.903889179229736328e-01
6.925392150878906250e-01
6.939619779586791992e-01
6.908900737762451172e-01
6.912829875946044922e-01
6.972847580909729004e-01
6.970853209495544434e-01
6.906960606575012207e-01
6.906512975692749023e-01
6.911913752555847168e-01
6.872011423110961914e-01
6.903660893440246582e-01
6.912857890129089355e-01
6.952352523803710938e-01
6.931430697441101074e-01
7.012197375297546387e-01
6.922925710678100586e-01
6.909949183464050293e-01
6.926287412643432617e-01
6.910728812217712402e-01
6.898711323738098145e-01
6.877592802047729492e-01
6.949186921119689941e-01
6.915868520736694336e-01
6.850097775459289551e-01
6.890758872032165527e-01
6.937420368194580078e-01
6.886883974075317383e-01
6.880377531051635742e-01
6.898360848426818848e-01
6.893456578254699707e-01
6.951264142990112305e-01
6.958599686622619629e-01
6.955307722091674805e-01
6.951813101768493652e-01
6.891419887542724609e-01
6.949055790901184082e-01
6.877037286758422852e-01
6.830449700355529785e-01
6.881805658340454102e-01
6.923860311508178711e-01
6.968791484832763672e-01
6.959003806114196777e-01
6.955240368843078613e-01
6.797508001327514648e-01
6.940405964851379395e-01
6.851337552070617676e-01
6.940566301345825195e-01
6.933601498603820801e-01
6.895267963409423828e-01
6.891050338745117188e-01
6.900993585586547852e-01
6.957649588584899902e-01
6.874527335166931152e-01
6.959397792816162109e-01
6.899507045745849609e-01
6.902972459793090820e-01
6.929121017456054688e-01
6.945862770080566406e-01
6.927355527877807617e-01
6.930588483810424805e-01
6.984032988548278809e-01
6.900140047073364258e-01
6.946727037429809570e-01
6.915872097015380859e-01
6.916972994804382324e-01
6.942622065544128418e-01
6.920828819274902344e-01
6.955999135971069336e-01
6.908995509147644043e-01
6.894721984863281250e-01
6.874563694000244141e-01
6.937063932418823242e-01
6.979066133499145508e-01
6.924051046371459961e-01
6.950893998146057129e-01
6.947256326675415039e-01
6.935384273529052734e-01
6.911178231239318848e-01
6.857811212539672852e-01
6.955558657646179199e-01
6.912212967872619629e-01
6.916396021842956543e-01
6.904639005661010742e-01
6.903913617134094238e-01
6.890904307365417480e-01
6.889276504516601562e-01
6.946245431900024414e-01
6.926615238189697266e-01
6.855104565620422363e-01
6.972492933273315430e-01
6.893881559371948242e-01
7.018588781356811523e-01
6.918798685073852539e-01
6.933953762054443359e-01
7.025631666183471680e-01
6.904277801513671875e-01
6.959862112998962402e-01
6.958274245262145996e-01
6.971731185913085938e-01
6.926534175872802734e-01
6.863869428634643555e-01
6.951547265052795410e-01
6.989561915397644043e-01
6.896331310272216797e-01
6.961997747421264648e-01
6.909619569778442383e-01
6.921416521072387695e-01
6.915706396102905273e-01
6.953399181365966797e-01
6.912948489189147949e-01
6.912251710891723633e-01
6.859180927276611328e-01
6.866567730903625488e-01
6.874755620956420898e-01
6.913182139396667480e-01
6.917681097984313965e-01
6.904954314231872559e-01
6.892635226249694824e-01
6.913042664527893066e-01
6.976637840270996094e-01
6.958011388778686523e-01
6.911767125129699707e-01
6.908420324325561523e-01
6.910094618797302246e-01
6.929599642753601074e-01
6.984331607818603516e-01
6.937447786331176758e-01
6.857235431671142578e-01
6.863236427307128906e-01
6.936321854591369629e-01
6.903650164604187012e-01
6.939509510993957520e-01
6.926227807998657227e-01
6.979883909225463867e-01
6.809866428375244141e-01
6.916096806526184082e-01
6.895048618316650391e-01
6.930973529815673828e-01
6.904464960098266602e-01
6.912595033645629883e-01
6.953518390655517578e-01
6.901569366455078125e-01
6.953086853027343750e-01
6.904698014259338379e-01
6.923116445541381836e-01
6.942131519317626953e-01
6.906234622001647949e-01
6.914846897125244141e-01
6.975465416908264160e-01
6.969420313835144043e-01
6.905350685119628906e-01
6.906090974807739258e-01
6.909564733505249023e-01
6.874401569366455078e-01
6.904903650283813477e-01
6.911588907241821289e-01
6.953021883964538574e-01
6.927320361137390137e-01
7.013722658157348633e-01
6.920346021652221680e-01
6.907572746276855469e-01
6.923199295997619629e-01
6.915935277938842773e-01
6.893920898437500000e-01
6.874275207519531250e-01
6.949545145034790039e-01
6.915566921234130859e-01
6.845540404319763184e-01
6.887484192848205566e-01
6.939324140548706055e-01
6.887422204017639160e-01
6.878347396850585938e-01
6.898349523544311523e-01
6.890766620635986328e-01
6.949782967567443848e-01
6.959323883056640625e-01
6.952888965606689453e-01
6.948926448822021484e-01
6.888875961303710938e-01
6.949697136878967285e-01
6.879850625991821289e-01
6.828421354293823242e-01
6.876804232597351074e-01
6.923471093177795410e-01
6.964955329895019531e-01
6.954391598701477051e-01
6.956359744071960449e-01
6.797472238540649414e-01
6.935082077980041504e-01
6.855418086051940918e-01
6.941594481468200684e-01
6.930119991302490234e-01
6.894726157188415527e-01
6.889054775238037109e-01
6.902772188186645508e-01
6.954893469810485840e-01
6.873879432678222656e-01
6.958596110343933105e-01
6.899391412734985352e-01
6.905051469802856445e-01
6.929157376289367676e-01
6.945071816444396973e-01
6.923926472663879395e-01
6.931370496749877930e-01
6.981241703033447266e-01
6.899119019508361816e-01
6.943855881690979004e-01
6.912254691123962402e-01
6.911432743072509766e-01
6.945435404777526855e-01
6.923639178276062012e-01
6.954758167266845703e-01
6.909527778625488281e-01
6.893522739410400391e-01
6.873563528060913086e-01
6.934592127799987793e-01
6.980428695678710938e-01
6.923601627349853516e-01
6.953722238540649414e-01
6.945326924324035645e-01
6.932231187820434570e-01
6.907360553741455078e-01
6.858080029487609863e-01
6.952228546142578125e-01
6.915555000305175781e-01
6.913836598396301270e-01
6.904107332229614258e-01
6.902738213539123535e-01
6.888158917427062988e-01
6.891030073165893555e-01
6.943717598915100098e-01
6.926431059837341309e-01
6.855962276458740234e-01
6.971437335014343262e-01
6.891853213310241699e-01
7.015460729598999023e-01
6.918982267379760742e-01
6.932251453399658203e-01
7.024867534637451172e-01
6.906523704528808594e-01
6.956733465194702148e-01
6.956894397735595703e-01
6.967033743858337402e-01
6.922550201416015625e-01
6.863850951194763184e-01
6.946262717247009277e-01
6.991157531738281250e-01
6.896187067031860352e-01
6.957958340644836426e-01
6.906213164329528809e-01
6.922425627708435059e-01
6.916944980621337891e-01
6.951251029968261719e-01
6.911972761154174805e-01
6.911925673484802246e-01
6.858899593353271484e-01
6.865202784538269043e-01
6.874470114707946777e-01
6.912680864334106445e-01
6.910998821258544922e-01
6.902759075164794922e-01
6.890969872474670410e-01
6.912783384323120117e-01
6.974099278450012207e-01
6.956595182418823242e-01
6.908914446830749512e-01
6.906913518905639648e-01
6.909037232398986816e-01
6.927903294563293457e-01
6.979645490646362305e-01
6.941150426864624023e-01
6.853727102279663086e-01
6.859150528907775879e-01
6.936570405960083008e-01
6.902403831481933594e-01
6.941296458244323730e-01
6.923304200172424316e-01
6.979900002479553223e-01
6.809471249580383301e-01
6.916342973709106445e-01
6.894500851631164551e-01
6.934119462966918945e-01
6.901203989982604980e-01
6.911635398864746094e-01
6.953598260879516602e-01
6.901979446411132812e-01
6.954766511917114258e-01
6.901986598968505859e-01
6.922812461853027344e-01
6.943972110748291016e-01
6.904462575912475586e-01
6.914458870887756348e-01
6.976497173309326172e-01
6.969385147094726562e-01
6.908893585205078125e-01
6.903309822082519531e-01
6.907896995544433594e-01
6.877329349517822266e-01
6.904988884925842285e-01
6.907647848129272461e-01
6.950621604919433594e-01
6.925966739654541016e-01
7.013126015663146973e-01
6.918677687644958496e-01
6.906221508979797363e-01
6.923380494117736816e-01
6.918247938156127930e-01
6.891940832138061523e-01
6.873045563697814941e-01
6.949955224990844727e-01
6.912968754768371582e-01
6.842782497406005859e-01
6.886181235313415527e-01
6.938918828964233398e-01
6.888450384140014648e-01
6.876109838485717773e-01
6.898447871208190918e-01
6.892507076263427734e-01
6.946690082550048828e-01
6.959698200225830078e-01
6.952892541885375977e-01
6.947094202041625977e-01
6.887955069541931152e-01
6.950211524963378906e-01
6.880872249603271484e-01
6.829163432121276855e-01
6.873382329940795898e-01
6.923894882202148438e-01
6.961184144020080566e-01
6.948726177215576172e-01
6.956264376640319824e-01
6.796810030937194824e-01
6.931355595588684082e-01
6.857095360755920410e-01
6.942439079284667969e-01
6.928955912590026855e-01
6.894869208335876465e-01
6.888017058372497559e-01
6.904073953628540039e-01
6.954689025878906250e-01
6.871721744537353516e-01
6.958554387092590332e-01
6.902255415916442871e-01
6.908268332481384277e-01
6.926782131195068359e-01
6.942634582519531250e-01
6.921779513359069824e-01
6.931754350662231445e-01
6.978698968887329102e-01
6.900613307952880859e-01
6.945199966430664062e-01
6.911510825157165527e-01
6.908535957336425781e-01
6.946119070053100586e-01
6.926460266113281250e-01
6.956183910369873047e-01
6.909174323081970215e-01
6.896827220916748047e-01
6.874712109565734863e-01
6.934061050415039062e-01
6.980831027030944824e-01
6.921604871749877930e-01
6.958298087120056152e-01
6.944441199302673340e-01
6.932929158210754395e-01
6.902374029159545898e-01
6.860445737838745117e-01
6.951659321784973145e-01
6.918507218360900879e-01
6.911472082138061523e-01
6.903491616249084473e-01
6.901590824127197266e-01
6.886281371116638184e-01
6.893693208694458008e-01
6.942845582962036133e-01
6.927132010459899902e-01
6.857907772064208984e-01
6.970887184143066406e-01
6.892294883728027344e-01
7.014040350914001465e-01
6.919013857841491699e-01
6.930376291275024414e-01
7.020582556724548340e-01
6.908173561096191406e-01
6.957924365997314453e-01
6.953687071800231934e-01
6.964790225028991699e-01
6.919195652008056641e-01
6.865416765213012695e-01
6.942466497421264648e-01
6.994366645812988281e-01
6.894989609718322754e-01
6.953980922698974609e-01
6.903545856475830078e-01
6.923573017120361328e-01
6.916580200195312500e-01
6.948265433311462402e-01
6.910164356231689453e-01
6.910799741744995117e-01
6.859282255172729492e-01
6.865571141242980957e-01
6.874219775199890137e-01
6.911419630050659180e-01
6.908784508705139160e-01
6.902983188629150391e-01
6.890918016433715820e-01
6.911735534667968750e-01
6.970481276512145996e-01
6.958551406860351562e-01
6.906066536903381348e-01
6.907743215560913086e-01
6.909436583518981934e-01
6.927462220191955566e-01
6.975877881050109863e-01
6.943911314010620117e-01
6.854179501533508301e-01
6.856914162635803223e-01
6.936002373695373535e-01
6.902220845222473145e-01
6.943790912628173828e-01
6.923078298568725586e-01
6.981146335601806641e-01
6.808282136917114258e-01
6.917949318885803223e-01
6.895483136177062988e-01
6.938480138778686523e-01
6.898090243339538574e-01
6.908022165298461914e-01
6.951841115951538086e-01
6.902575492858886719e-01
6.957844495773315430e-01
6.901503801345825195e-01
6.924034953117370605e-01
6.943283081054687500e-01
6.905189752578735352e-01
6.914449334144592285e-01
6.977559924125671387e-01
6.966326236724853516e-01
6.908578276634216309e-01
6.900246739387512207e-01
6.908206939697265625e-01
6.881328225135803223e-01
6.904377937316894531e-01
6.904402375221252441e-01
6.952017545700073242e-01
6.923834085464477539e-01
7.014265656471252441e-01
6.918262243270874023e-01
6.906651854515075684e-01
6.925029754638671875e-01
6.921809911727905273e-01
6.890086531639099121e-01
6.869489550590515137e-01
6.948058009147644043e-01
6.913530826568603516e-01
6.841703653335571289e-01
6.884053945541381836e-01
6.938943266868591309e-01
6.888892650604248047e-01
6.875063180923461914e-01
6.900227069854736328e-01
6.888522505760192871e-01
6.944119930267333984e-01
6.958299875259399414e-01
6.953454017639160156e-01
6.942427158355712891e-01
6.886274814605712891e-01
6.950997114181518555e-01
6.882345676422119141e-01
6.829173564910888672e-01
6.872038245201110840e-01
6.925013065338134766e-01
6.959706544876098633e-01
6.944394707679748535e-01
6.955850720405578613e-01
6.795887351036071777e-01
6.927319169044494629e-01
6.858922243118286133e-01
6.942396163940429688e-01
6.927522420883178711e-01
6.893743872642517090e-01
6.886239051818847656e-01
6.903336048126220703e-01
6.954286694526672363e-01
6.868401765823364258e-01
6.955178380012512207e-01
6.903217434883117676e-01
6.910871863365173340e-01
6.925472617149353027e-01
6.940919160842895508e-01
6.919959783554077148e-01
6.930704712867736816e-01
6.978657245635986328e-01
6.900413036346435547e-01
6.945499181747436523e-01
6.908596754074096680e-01
6.905378699302673340e-01
6.947103142738342285e-01
6.929630041122436523e-01
6.951873898506164551e-01
6.907755732536315918e-01
6.897412538528442383e-01
6.875007152557373047e-01
6.933246254920959473e-01
6.983773112297058105e-01
6.921206712722778320e-01
6.962502002716064453e-01
6.945052146911621094e-01
6.932578682899475098e-01
6.901230216026306152e-01
6.860013604164123535e-01
6.951798200607299805e-01
6.921169161796569824e-01
6.909803748130798340e-01
6.901980638504028320e-01
6.897096633911132812e-01
6.885491609573364258e-01
6.897211074829101562e-01
6.940949559211730957e-01
6.928117275238037109e-01
6.858457326889038086e-01
6.969575881958007812e-01
6.892007589340209961e-01
7.010825872421264648e-01
6.918631196022033691e-01
6.929082870483398438e-01
7.019491791725158691e-01
6.908946037292480469e-01
6.957947611808776855e-01
6.951729655265808105e-01
6.960622072219848633e-01
6.917356848716735840e-01
6.864885687828063965e-01
6.940163373947143555e-01
6.996752023696899414e-01
6.893312931060791016e-01
6.950382590293884277e-01
6.900886297225952148e-01
6.923792362213134766e-01
6.916547417640686035e-01
6.946110725402832031e-01
6.909829378128051758e-01
6.908720135688781738e-01
6.859272122383117676e-01
6.864833831787109375e-01
6.874349117279052734e-01
6.910749077796936035e-01
6.905725598335266113e-01
6.902431249618530273e-01
6.887971758842468262e-01
6.912516951560974121e-01
6.967991590499877930e-01
6.956831812858581543e-01
6.906927824020385742e-01
6.908267736434936523e-01
6.913924813270568848e-01
6.928273439407348633e-01
6.969827413558959961e-01
6.943482756614685059e-01
6.852985024452209473e-01
6.855102777481079102e-01
6.936711668968200684e-01
6.902036666870117188e-01
6.944978833198547363e-01
6.920636892318725586e-01
6.983065605163574219e-01
6.807426214218139648e-01
6.918322443962097168e-01
6.896635293960571289e-01
6.941351890563964844e-01
6.896635293960571289e-01
6.909314393997192383e-01
6.952162981033325195e-01
6.899969577789306641e-01
6.958976984024047852e-01
6.898877620697021484e-01
6.923355460166931152e-01
6.943764686584472656e-01
6.904997825622558594e-01
6.914756298065185547e-01
6.979032754898071289e-01
6.967421174049377441e-01
6.911428570747375488e-01
6.899755001068115234e-01
6.907190680503845215e-01
6.882751584053039551e-01
6.906105279922485352e-01
6.900811195373535156e-01
6.951143145561218262e-01
6.924359798431396484e-01
7.012152075767517090e-01
6.917452216148376465e-01
6.905171871185302734e-01
6.924261450767517090e-01
6.927152872085571289e-01
6.887502074241638184e-01
6.867595911026000977e-01
6.945121288299560547e-01
6.915043592453002930e-01
6.840263009071350098e-01
6.883060336112976074e-01
6.938534975051879883e-01
6.890052556991577148e-01
6.873553991317749023e-01
6.902001500129699707e-01
6.887599229812622070e-01
6.942565441131591797e-01
6.957514286041259766e-01
6.952195167541503906e-01
6.939028501510620117e-01
6.887194514274597168e-01
6.949391365051269531e-01
6.881080269813537598e-01
6.830490231513977051e-01
6.870129108428955078e-01
6.923497915267944336e-01
6.956632137298583984e-01
6.942566633224487305e-01
6.953671574592590332e-01
6.792948246002197266e-01
6.925085783004760742e-01
6.858707666397094727e-01
6.941443681716918945e-01
6.928123235702514648e-01
6.896886229515075684e-01
6.887124776840209961e-01
6.900998353958129883e-01
6.953551769256591797e-01
6.865664720535278320e-01
6.950439214706420898e-01
6.900993585586547852e-01
6.910289525985717773e-01
6.922940015792846680e-01
6.942345499992370605e-01
6.917054653167724609e-01
6.928741335868835449e-01
6.974762082099914551e-01
6.900290846824645996e-01
6.945915818214416504e-01
6.908183097839355469e-01
6.900383234024047852e-01
6.948357224464416504e-01
6.931312680244445801e-01
6.951529383659362793e-01
6.909644007682800293e-01
6.897151470184326172e-01
6.873610615730285645e-01
6.930918693542480469e-01
6.985486149787902832e-01
6.919439435005187988e-01
6.964836120605468750e-01
6.945553421974182129e-01
6.932016611099243164e-01
6.901164054870605469e-01
6.861006021499633789e-01
6.950163841247558594e-01
6.925489306449890137e-01
6.904925704002380371e-01
6.898298263549804688e-01
6.893996000289916992e-01
6.882362961769104004e-01
6.898239254951477051e-01
6.939730644226074219e-01
6.930534243583679199e-01
6.857531070709228516e-01
6.968584060668945312e-01
6.892304420471191406e-01
7.010294795036315918e-01
6.918589472770690918e-01
6.923565268516540527e-01
7.018686532974243164e-01
6.909866333007812500e-01
6.958381533622741699e-01
6.950080990791320801e-01
6.961248517036437988e-01
6.911144852638244629e-01
6.863460540771484375e-01
6.938335895538330078e-01
6.995929479598999023e-01
6.896243095397949219e-01
6.948615312576293945e-01
6.899027824401855469e-01
6.922401189804077148e-01
6.917539238929748535e-01
6.942105293273925781e-01
6.905172467231750488e-01
6.905432939529418945e-01
6.858165264129638672e-01
6.862432956695556641e-01
6.872714161872863770e-01
6.907868385314941406e-01
6.906027197837829590e-01
6.901360154151916504e-01
6.885321140289306641e-01
6.909915208816528320e-01
6.965601444244384766e-01
6.957164406776428223e-01
6.903302669525146484e-01
6.908021569252014160e-01
6.913182735443115234e-01
6.927765607833862305e-01
6.970695853233337402e-01
6.946280598640441895e-01
6.853531599044799805e-01
6.853840351104736328e-01
6.939605474472045898e-01
6.901579499244689941e-01
6.945508718490600586e-01
6.919156908988952637e-01
6.981053948402404785e-01
6.807112097740173340e-01
6.920023560523986816e-01
6.896646618843078613e-01
6.942586302757263184e-01
6.896314620971679688e-01
6.908839344978332520e-01
6.953447461128234863e-01
6.901367902755737305e-01
6.960207223892211914e-01
6.895492076873779297e-01
6.923614740371704102e-01
6.940281391143798828e-01
6.903833746910095215e-01
6.913917064666748047e-01
6.980128884315490723e-01
6.964898109436035156e-01
6.910452842712402344e-01
6.897773742675781250e-01
6.904561519622802734e-01
6.879827380180358887e-01
6.907990574836730957e-01
6.897142529487609863e-01
6.948797702789306641e-01
6.922553777694702148e-01
7.009360194206237793e-01
6.914435029029846191e-01
6.901466846466064453e-01
6.921641826629638672e-01
6.928419470787048340e-01
6.884207129478454590e-01
6.867235898971557617e-01
6.944292783737182617e-01
6.911371946334838867e-01
6.834740042686462402e-01
6.880402565002441406e-01
6.937267780303955078e-01
6.888629198074340820e-01
6.869199872016906738e-01
6.902007460594177246e-01
6.883974671363830566e-01
6.940450668334960938e-01
6.956995725631713867e-01
6.948287487030029297e-01
6.938117742538452148e-01
6.886326670646667480e-01
6.946365833282470703e-01
6.879007816314697266e-01
6.829905509948730469e-01
6.869516372680664062e-01
6.921405196189880371e-01
6.953947544097900391e-01
6.937681436538696289e-01
6.949777007102966309e-01
6.791793107986450195e-01
6.922866106033325195e-01
6.858880519866943359e-01
6.943149566650390625e-01
6.927691698074340820e-01
6.893743276596069336e-01
6.884241700172424316e-01
6.897352933883666992e-01
6.951901316642761230e-01
6.862245202064514160e-01
6.949363946914672852e-01
6.899820566177368164e-01
6.909273862838745117e-01
6.919487714767456055e-01
6.939999461174011230e-01
6.913381814956665039e-01
6.925526261329650879e-01
6.973721981048583984e-01
6.900522112846374512e-01
6.946039795875549316e-01
6.902894377708435059e-01
6.895189881324768066e-01
6.948012709617614746e-01
6.933026313781738281e-01
6.949891448020935059e-01
6.909043192863464355e-01
6.896327733993530273e-01
6.873940229415893555e-01
6.926748752593994141e-01
6.986279487609863281e-01
6.918317079544067383e-01
6.965230703353881836e-01
6.943708062171936035e-01
6.932835578918457031e-01
6.898498535156250000e-01
6.859218478202819824e-01
6.947993040084838867e-01
6.926985383033752441e-01
6.898877024650573730e-01
6.895933747291564941e-01
6.892788410186767578e-01
6.880195140838623047e-01
6.898396611213684082e-01
6.939885616302490234e-01
6.931204795837402344e-01
6.857597827911376953e-01
6.966038346290588379e-01
6.890858411788940430e-01
7.008103132247924805e-01
6.919269561767578125e-01
6.921190023422241211e-01
7.016171813011169434e-01
6.910182237625122070e-01
6.956825852394104004e-01
6.947521567344665527e-01
6.960716843605041504e-01
6.907804012298583984e-01
6.861910820007324219e-01
6.935266256332397461e-01
6.997700929641723633e-01
6.895265579223632812e-01
6.947209835052490234e-01
6.898326873779296875e-01
6.922656893730163574e-01
6.916043758392333984e-01
6.939944624900817871e-01
6.901830434799194336e-01
6.903339028358459473e-01
6.859066486358642578e-01
6.862503290176391602e-01
6.873362064361572266e-01
6.905835270881652832e-01
6.903220415115356445e-01
6.900058388710021973e-01
6.881448626518249512e-01
6.908098459243774414e-01
6.965818405151367188e-01
6.955719590187072754e-01
6.902970075607299805e-01
6.905930638313293457e-01
6.914151310920715332e-01
6.928390860557556152e-01
6.969685554504394531e-01
6.946230530738830566e-01
6.855237483978271484e-01
6.851760745048522949e-01
6.937592029571533203e-01
6.899695992469787598e-01
6.945466399192810059e-01
6.918899416923522949e-01
6.981039047241210938e-01
6.806926727294921875e-01
6.920341849327087402e-01
6.896437406539916992e-01
6.942667365074157715e-01
6.893082857131958008e-01
6.909314990043640137e-01
6.951094865798950195e-01
6.900476217269897461e-01
6.958637237548828125e-01
6.891921162605285645e-01
6.926330924034118652e-01
6.939333081245422363e-01
6.906806230545043945e-01
6.911197304725646973e-01
6.981426477432250977e-01
6.964032053947448730e-01
6.912388205528259277e-01
6.895329356193542480e-01
6.902850866317749023e-01
6.883755326271057129e-01
6.908491253852844238e-01
6.894353032112121582e-01
6.947107315063476562e-01
6.920049786567687988e-01
7.008460164070129395e-01
6.910369396209716797e-01
6.901841163635253906e-01
6.921378970146179199e-01
6.929223537445068359e-01
6.880559921264648438e-01
6.865838170051574707e-01
6.940059661865234375e-01
6.911339759826660156e-01
6.829512119293212891e-01
6.879463195800781250e-01
6.934442520141601562e-01
6.889843344688415527e-01
6.867713332176208496e-01
6.900586485862731934e-01
6.885592341423034668e-01
6.936322450637817383e-01
6.954993009567260742e-01
6.945762634277343750e-01
6.934329271316528320e-01
6.886977553367614746e-01
6.942985653877258301e-01
6.876749992370605469e-01
6.830899715423583984e-01
6.867809295654296875e-01
6.919687986373901367e-01
6.952532529830932617e-01
6.934539675712585449e-01
6.948657631874084473e-01
6.791418194770812988e-01
6.922033429145812988e-01
6.858265995979309082e-01
6.942610740661621094e-01
6.924996972084045410e-01
6.892112493515014648e-01
6.885573267936706543e-01
6.893706917762756348e-01
6.951190233230590820e-01
6.861680746078491211e-01
6.945842504501342773e-01
6.899943947792053223e-01
6.908421516418457031e-01
6.918786168098449707e-01
6.939652562141418457e-01
6.912608146667480469e-01
6.922674179077148438e-01
6.970816254615783691e-01
6.900317668914794922e-01
6.946256756782531738e-01
6.899035573005676270e-01
6.891843080520629883e-01
6.945796608924865723e-01
6.933091878890991211e-01
6.950178146362304688e-01
6.908057332038879395e-01
6.896434426307678223e-01
6.873203516006469727e-01
6.923280954360961914e-01
6.984878182411193848e-01
6.916599869728088379e-01
6.964586973190307617e-01
6.941250562667846680e-01
6.933475732803344727e-01
6.893954277038574219e-01
6.858907938003540039e-01
6.946948766708374023e-01
6.925501823425292969e-01
6.896859407424926758e-01
6.894795894622802734e-01
6.889989972114562988e-01
6.879271864891052246e-01
6.898511648178100586e-01
6.934993267059326172e-01
6.933209300041198730e-01
6.857073903083801270e-01
6.965249180793762207e-01
6.891399621963500977e-01
7.006238698959350586e-01
6.920036077499389648e-01
6.919193267822265625e-01
7.013356089591979980e-01
6.910491585731506348e-01
6.955217123031616211e-01
6.946014165878295898e-01
6.957749724388122559e-01
6.904634833335876465e-01
6.861084699630737305e-01
6.935619115829467773e-01
6.996995806694030762e-01
6.892847418785095215e-01
6.946763396263122559e-01
6.898453235626220703e-01
6.922544836997985840e-01
6.915020346641540527e-01
6.936878561973571777e-01
6.897620558738708496e-01
6.902388334274291992e-01
6.857782602310180664e-01
6.861976981163024902e-01
6.872014999389648438e-01
6.904860734939575195e-01
6.897607445716857910e-01
6.898428797721862793e-01
6.878493428230285645e-01
6.908103227615356445e-01
6.963698267936706543e-01
6.954498887062072754e-01
6.904111504554748535e-01
6.907565593719482422e-01
6.915579438209533691e-01
6.929800510406494141e-01
6.968612670898437500e-01
6.946222186088562012e-01
6.858499050140380859e-01
6.849265098571777344e-01
6.935356855392456055e-01
6.896998882293701172e-01
6.946756839752197266e-01
6.916345953941345215e-01
6.977846622467041016e-01
6.806550025939941406e-01
6.921169161796569824e-01
6.896401643753051758e-01
6.942414641380310059e-01
6.890491247177124023e-01
6.910485029220581055e-01
6.949276924133300781e-01
6.900756359100341797e-01
6.959763169288635254e-01
6.890326738357543945e-01
6.928274631500244141e-01
6.939566731452941895e-01
6.906285285949707031e-01
6.912128329277038574e-01
6.980417370796203613e-01
6.962771415710449219e-01
6.915076971054077148e-01
6.892744302749633789e-01
6.903253197669982910e-01
6.887191534042358398e-01
6.908255219459533691e-01
6.893798708915710449e-01
6.948119401931762695e-01
6.920517683029174805e-01
7.007133960723876953e-01
6.910481452941894531e-01
