7.591949701309204102e-01
7.403641343116760254e-01
7.278852462768554688e-01
7.717789411544799805e-01
7.281957268714904785e-01
7.367325425148010254e-01
7.261769175529479980e-01
7.748976349830627441e-01
7.338579893112182617e-01
7.196599841117858887e-01
7.260513305664062500e-01
7.257168889045715332e-01
7.346079349517822266e-01
7.335838079452514648e-01
7.507061362266540527e-01
7.320300936698913574e-01
7.452526092529296875e-01
7.148039340972900391e-01
7.014424800872802734e-01
7.048016190528869629e-01
7.017093300819396973e-01
7.558404207229614258e-01
6.976417899131774902e-01
7.096648216247558594e-01
6.791414618492126465e-01
7.340875864028930664e-01
7.121488451957702637e-01
6.952130794525146484e-01
7.397836446762084961e-01
7.596489787101745605e-01
7.140759229660034180e-01
7.560362815856933594e-01
7.293507456779479980e-01
7.309281826019287109e-01
7.398691177368164062e-01
7.233333587646484375e-01
7.505422830581665039e-01
7.102701663970947266e-01
7.430890202522277832e-01
7.288720607757568359e-01
7.100077867507934570e-01
7.291548848152160645e-01
7.453308701515197754e-01
7.205531001091003418e-01
7.066256403923034668e-01
7.360010147094726562e-01
7.564202547073364258e-01
7.283357381820678711e-01
7.243793010711669922e-01
7.401798963546752930e-01
7.264792323112487793e-01
6.936984658241271973e-01
7.190579175949096680e-01
7.121142745018005371e-01
7.143655419349670410e-01
6.920128464698791504e-01
7.217592597007751465e-01
7.086493968963623047e-01
6.753427982330322266e-01
7.176803946495056152e-01
7.735144495964050293e-01
7.301198244094848633e-01
7.137638926506042480e-01
7.306734323501586914e-01
6.938123106956481934e-01
7.695014476776123047e-01
7.468098402023315430e-01
7.262462973594665527e-01
7.454117536544799805e-01
7.429283857345581055e-01
7.033477425575256348e-01
7.217229604721069336e-01
7.299977540969848633e-01
7.086228728294372559e-01
6.931269764900207520e-01
7.420689463615417480e-01
7.327335476875305176e-01
7.326642870903015137e-01
7.214976549148559570e-01
7.235409617424011230e-01
7.679562568664550781e-01
7.030745148658752441e-01
7.414599657058715820e-01
7.509358525276184082e-01
7.040537595748901367e-01
7.221357822418212891e-01
7.160506248474121094e-01
7.124474644660949707e-01
7.486792802810668945e-01
7.088890075683593750e-01
7.092912793159484863e-01
7.016665935516357422e-01
6.640620231628417969e-01
6.973982453346252441e-01
7.395652532577514648e-01
6.934685707092285156e-01
6.928001642227172852e-01
7.234215736389160156e-01
7.095520496368408203e-01
7.429181337356567383e-01
7.256790995597839355e-01
7.216001749038696289e-01
7.309591770172119141e-01
7.444030046463012695e-01
7.220720052719116211e-01
7.217674255371093750e-01
7.541340589523315430e-01
6.967122554779052734e-01
7.015217542648315430e-01
7.333261370658874512e-01
7.191135287284851074e-01
7.143141627311706543e-01
7.384501695632934570e-01
7.265392541885375977e-01
6.974124312400817871e-01
7.510144710540771484e-01
7.177841067314147949e-01
7.325662970542907715e-01
7.240119576454162598e-01
7.037470936775207520e-01
7.224849462509155273e-01
7.349352836608886719e-01
7.581024169921875000e-01
6.998583078384399414e-01
7.249512672424316406e-01
7.139465212821960449e-01
7.285328507423400879e-01
7.081641554832458496e-01
7.193328142166137695e-01
7.188305854797363281e-01
7.278923392295837402e-01
7.185194492340087891e-01
7.579783797264099121e-01
7.219881415367126465e-01
7.233973145484924316e-01
7.303982973098754883e-01
7.569761872291564941e-01
7.157995700836181641e-01
7.186169028282165527e-01
7.535373568534851074e-01
7.073185443878173828e-01
6.983625888824462891e-01
7.426125407218933105e-01
7.870118618011474609e-01
7.416972517967224121e-01
7.293455600738525391e-01
7.200864553451538086e-01
7.580293416976928711e-01
7.264277935028076172e-01
7.287843227386474609e-01
7.126122713088989258e-01
7.789533138275146484e-01
7.344784736633300781e-01
7.119871973991394043e-01
7.207689285278320312e-01
7.137022614479064941e-01
7.246004343032836914e-01
7.374041080474853516e-01
7.436639070510864258e-01
7.215639948844909668e-01
7.459257245063781738e-01
7.055278420448303223e-01
7.004734277725219727e-01
7.002686262130737305e-01
7.049007415771484375e-01
7.565442919731140137e-01
6.894443631172180176e-01
7.057926654815673828e-01
6.872910261154174805e-01
7.369288206100463867e-01
7.082890868186950684e-01
6.930789947509765625e-01
7.346359491348266602e-01
7.585414052009582520e-01
7.095861434936523438e-01
7.500200867652893066e-01
7.212936878204345703e-01
7.327095270156860352e-01
7.326376438140869141e-01
7.211806774139404297e-01
7.542474269866943359e-01
7.080360054969787598e-01
7.422356009483337402e-01
7.253311872482299805e-01
7.111331820487976074e-01
7.201688885688781738e-01
7.461135387420654297e-01
7.165619134902954102e-01
7.060651183128356934e-01
7.364566922187805176e-01
7.646144032478332520e-01
7.285974025726318359e-01
7.225898504257202148e-01
7.279875874519348145e-01
7.179388403892517090e-01
6.900687217712402344e-01
7.150742411613464355e-01
7.145491838455200195e-01
7.148833274841308594e-01
6.889816522598266602e-01
7.197285294532775879e-01
7.052102088928222656e-01
6.807314753532409668e-01
7.163538932800292969e-01
7.768318653106689453e-01
7.330092191696166992e-01
7.109246850013732910e-01
7.346550226211547852e-01
6.969313621520996094e-01
7.602553367614746094e-01
7.485111355781555176e-01
7.286523580551147461e-01
7.351130247116088867e-01
7.423529028892517090e-01
7.020123004913330078e-01
7.218112945556640625e-01
7.307927608489990234e-01
7.086597084999084473e-01
6.914263367652893066e-01
7.418813109397888184e-01
7.366240024566650391e-01
7.350017428398132324e-01
7.243334054946899414e-01
7.216285467147827148e-01
7.669676542282104492e-01
7.055549621582031250e-01
7.481724619865417480e-01
7.491153478622436523e-01
7.027242183685302734e-01
7.212325334548950195e-01
7.199790477752685547e-01
7.092310190200805664e-01
7.478981018066406250e-01
7.069418430328369141e-01
7.077988982200622559e-01
6.980432868003845215e-01
6.650310754776000977e-01
6.964684724807739258e-01
7.394766211509704590e-01
6.929056644439697266e-01
6.938192248344421387e-01
7.233844995498657227e-01
7.121044397354125977e-01
7.435114979743957520e-01
7.217364907264709473e-01
7.175897955894470215e-01
7.264407873153686523e-01
7.445912957191467285e-01
7.197430133819580078e-01
7.197668552398681641e-01
7.495912313461303711e-01
6.976559162139892578e-01
7.030498981475830078e-01
7.287344336509704590e-01
7.177633643150329590e-01
7.094317674636840820e-01
7.394559979438781738e-01
7.259933948516845703e-01
6.944516897201538086e-01
7.525818943977355957e-01
7.202853560447692871e-01
7.344703674316406250e-01
7.222512960433959961e-01
7.071736454963684082e-01
7.242215871810913086e-01
7.348302006721496582e-01
7.605377435684204102e-01
6.962996721267700195e-01
7.295897006988525391e-01
7.120398283004760742e-01
7.303493618965148926e-01
7.113177180290222168e-01
7.208804488182067871e-01
7.178704738616943359e-01
7.313019037246704102e-01
7.237887978553771973e-01
7.564294338226318359e-01
7.212479710578918457e-01
7.220611572265625000e-01
7.330607175827026367e-01
7.599052190780639648e-01
7.164002656936645508e-01
7.200363874435424805e-01
7.572810053825378418e-01
7.068731784820556641e-01
6.995918750762939453e-01
7.435408830642700195e-01
7.846406698226928711e-01
7.422239780426025391e-01
7.270447015762329102e-01
7.210968732833862305e-01
7.562146186828613281e-01
7.244776487350463867e-01
7.281678915023803711e-01
7.115478515625000000e-01
7.805889248847961426e-01
7.337436079978942871e-01
7.139897942543029785e-01
7.181456685066223145e-01
7.148931026458740234e-01
7.269260287284851074e-01
7.370556592941284180e-01
7.421478033065795898e-01
7.233291268348693848e-01
7.453300356864929199e-01
7.035038471221923828e-01
7.016607522964477539e-01
7.010083198547363281e-01
7.037132382392883301e-01
7.595643401145935059e-01
6.905292868614196777e-01
7.074560523033142090e-01
6.884134411811828613e-01
7.383888363838195801e-01
7.094571590423583984e-01
6.907626986503601074e-01
7.390577793121337891e-01
7.570804357528686523e-01
7.083752155303955078e-01
7.487292289733886719e-01
7.194722890853881836e-01
7.340347766876220703e-01
7.316553592681884766e-01
7.241798043251037598e-01
7.563053369522094727e-01
7.105699181556701660e-01
7.437907457351684570e-01
7.228737473487854004e-01
7.106492519378662109e-01
7.233597040176391602e-01
7.439755797386169434e-01
7.163564562797546387e-01
7.055712342262268066e-01
7.355345487594604492e-01
7.660082578659057617e-01
7.270619869232177734e-01
7.240175008773803711e-01
7.251534461975097656e-01
7.155802249908447266e-01
6.914379596710205078e-01
7.133503556251525879e-01
7.177839279174804688e-01
7.158674597740173340e-01
6.894453167915344238e-01
7.199004292488098145e-01
7.054734230041503906e-01
6.810669302940368652e-01
7.136387228965759277e-01
7.766603231430053711e-01
7.329339981079101562e-01
7.062793374061584473e-01
7.349760532379150391e-01
6.971737146377563477e-01
7.615302205085754395e-01
7.493728399276733398e-01
7.280051112174987793e-01
7.357670664787292480e-01
7.392926216125488281e-01
7.024366259574890137e-01
7.213761806488037109e-01
7.299639582633972168e-01
7.132584452629089355e-01
6.918043494224548340e-01
7.416760325431823730e-01
7.379812002182006836e-01
7.359675765037536621e-01
7.234319448471069336e-01
7.216210961341857910e-01
7.678400278091430664e-01
7.076225280761718750e-01
7.491093277931213379e-01
7.502143979072570801e-01
7.041205167770385742e-01
7.228873372077941895e-01
7.182120680809020996e-01
7.098926901817321777e-01
7.464555501937866211e-01
7.073830366134643555e-01
7.077805995941162109e-01
6.959893703460693359e-01
6.636004447937011719e-01
6.971899271011352539e-01
7.415809631347656250e-01
6.893939971923828125e-01
6.966853737831115723e-01
7.224136590957641602e-01
7.140139937400817871e-01
7.430312633514404297e-01
7.191383838653564453e-01
7.194455862045288086e-01
7.249847650527954102e-01
7.431552410125732422e-01
7.216899991035461426e-01
7.198590636253356934e-01
7.479256391525268555e-01
6.976728439331054688e-01
7.016110420227050781e-01
7.286575436592102051e-01
7.177880406379699707e-01
7.090731859207153320e-01
7.424291372299194336e-01
7.250652313232421875e-01
6.953239440917968750e-01
7.527003288269042969e-01
7.213397622108459473e-01
7.352335453033447266e-01
7.247624397277832031e-01
7.075610160827636719e-01
7.245010137557983398e-01
7.330387234687805176e-01
7.595922946929931641e-01
6.963113546371459961e-01
7.296050786972045898e-01
7.105495929718017578e-01
7.323083877563476562e-01
7.117595076560974121e-01
7.220464348793029785e-01
7.184228301048278809e-01
7.320750355720520020e-01
7.253589630126953125e-01
7.576379179954528809e-01
7.215646505355834961e-01
7.245045304298400879e-01
7.337621450424194336e-01
7.605113387107849121e-01
7.119150757789611816e-01
7.215988636016845703e-01
7.587966918945312500e-01
7.052403688430786133e-01
7.012714743614196777e-01
7.418770790100097656e-01
7.829301357269287109e-01
7.427654266357421875e-01
7.241317629814147949e-01
7.212907075881958008e-01
7.578003406524658203e-01
7.230737805366516113e-01
7.276403307914733887e-01
7.101902961730957031e-01
7.808661460876464844e-01
7.322048544883728027e-01
7.155218124389648438e-01
7.170650959014892578e-01
7.139314413070678711e-01
7.278872728347778320e-01
7.358524203300476074e-01
7.412416934967041016e-01
7.236426472663879395e-01
7.428805828094482422e-01
7.047990560531616211e-01
7.019345164299011230e-01
7.009359002113342285e-01
7.020708918571472168e-01
7.602550387382507324e-01
6.904109120368957520e-01
7.066994905471801758e-01
6.899186372756958008e-01
7.386924028396606445e-01
7.118374109268188477e-01
6.911392211914062500e-01
7.405025959014892578e-01
7.568901777267456055e-01
7.097272276878356934e-01
7.478418946266174316e-01
7.176764607429504395e-01
7.339025139808654785e-01
7.320600152015686035e-01
7.243625521659851074e-01
7.556623220443725586e-01
7.111905217170715332e-01
7.440007925033569336e-01
7.221758365631103516e-01
7.100364565849304199e-01
7.236944437026977539e-01
7.431841492652893066e-01
7.168628573417663574e-01
7.093848586082458496e-01
7.328967452049255371e-01
7.646233439445495605e-01
7.274644374847412109e-01
7.246828079223632812e-01
7.269290685653686523e-01
7.126953005790710449e-01
6.933082938194274902e-01
7.139996290206909180e-01
7.190747261047363281e-01
7.155649662017822266e-01
6.890786886215209961e-01
7.195987105369567871e-01
7.049614787101745605e-01
6.807731389999389648e-01
7.145739197731018066e-01
7.760151028633117676e-01
7.322376966476440430e-01
7.036530971527099609e-01
7.342550754547119141e-01
6.982925534248352051e-01
7.617970705032348633e-01
7.483360171318054199e-01
7.285609245300292969e-01
7.349784374237060547e-01
7.393769025802612305e-01
7.028079032897949219e-01
7.223908305168151855e-01
7.308074235916137695e-01
7.154953479766845703e-01
6.918588280677795410e-01
7.423740625381469727e-01
7.395954132080078125e-01
7.359009981155395508e-01
7.235859632492065430e-01
7.240996956825256348e-01
7.684237360954284668e-01
7.084686160087585449e-01
7.480590343475341797e-01
7.509421110153198242e-01
7.073174715042114258e-01
7.242019176483154297e-01
7.183605432510375977e-01
7.117311358451843262e-01
7.478567361831665039e-01
7.082899808883666992e-01
7.075940370559692383e-01
6.966234445571899414e-01
6.631339192390441895e-01
6.981046795845031738e-01
7.414189577102661133e-01
6.884971857070922852e-01
6.986864805221557617e-01
7.209435701370239258e-01
7.140201330184936523e-01
7.429658174514770508e-01
7.183594107627868652e-01
7.193141579627990723e-01
7.255774140357971191e-01
7.438233494758605957e-01
7.215046286582946777e-01
7.202780842781066895e-01
7.473480105400085449e-01
6.971060037612915039e-01
7.012066245079040527e-01
7.286220788955688477e-01
7.175785899162292480e-01
7.100387811660766602e-01
7.432662248611450195e-01
7.246285676956176758e-01
6.942586898803710938e-01
7.528986334800720215e-01
7.217838764190673828e-01
7.353640794754028320e-01
7.265386581420898438e-01
7.081390023231506348e-01
7.246677875518798828e-01
7.330331802368164062e-01
7.584421038627624512e-01
6.953878998756408691e-01
7.299278378486633301e-01
7.100645303726196289e-01
7.328230142593383789e-01
7.126111984252929688e-01
7.222633361816406250e-01
7.188925743103027344e-01
7.331988215446472168e-01
7.249552011489868164e-01
7.588097453117370605e-01
7.232104539871215820e-01
7.261363267898559570e-01
7.342197299003601074e-01
7.611392736434936523e-01
7.124911546707153320e-01
7.225041389465332031e-01
7.581522464752197266e-01
7.045437693595886230e-01
7.032242417335510254e-01
7.411466240882873535e-01
7.829321622848510742e-01
7.422821521759033203e-01
7.237828969955444336e-01
7.205294370651245117e-01
7.575702667236328125e-01
7.206898331642150879e-01
7.252749204635620117e-01
7.080631256103515625e-01
7.764326333999633789e-01
7.287389636039733887e-01
7.135785222053527832e-01
7.141522169113159180e-01
7.091336846351623535e-01
7.231224179267883301e-01
7.280991673469543457e-01
7.326309680938720703e-01
7.174767255783081055e-01
7.326531410217285156e-01
7.013604044914245605e-01
6.978682279586791992e-01
6.952197551727294922e-01
6.964607834815979004e-01
7.457495927810668945e-01
6.873062252998352051e-01
6.994563341140747070e-01
6.864389181137084961e-01
7.264328002929687500e-01
7.024180889129638672e-01
6.845043897628784180e-01
7.268761396408081055e-01
7.386404871940612793e-01
7.020773291587829590e-01
7.292705774307250977e-01
7.065449357032775879e-01
7.188277840614318848e-01
7.189840078353881836e-01
7.106495499610900879e-01
7.353779673576354980e-01
7.028547525405883789e-01
7.280914783477783203e-01
7.081815600395202637e-01
6.984905600547790527e-01
7.088894844055175781e-01
7.209637165069580078e-01
7.055978775024414062e-01
7.024488449096679688e-01
7.136483788490295410e-01
7.355557680130004883e-01
7.123950123786926270e-01
7.099077105522155762e-01
7.122989892959594727e-01
6.986327767372131348e-01
6.870877742767333984e-01
7.010197639465332031e-01
7.057964801788330078e-01
6.990132927894592285e-01
6.810465455055236816e-01
7.017555236816406250e-01
6.920098066329956055e-01
6.784607768058776855e-01
6.990503668785095215e-01
7.398713827133178711e-01
7.090874314308166504e-01
6.897589564323425293e-01
7.131420373916625977e-01
6.902448534965515137e-01
7.249417304992675781e-01
7.191729545593261719e-01
7.063785791397094727e-01
7.073108553886413574e-01
7.128906250000000000e-01
6.931595802307128906e-01
7.054526209831237793e-01
7.091006040573120117e-01
7.022664546966552734e-01
6.848663687705993652e-01
7.165416479110717773e-01
7.126107215881347656e-01
7.104547619819641113e-01
7.026330232620239258e-01
7.047572731971740723e-01
7.270446419715881348e-01
6.961747407913208008e-01
7.162566781044006348e-01
7.220649123191833496e-01
6.961790919303894043e-01
7.052030563354492188e-01
6.999465227127075195e-01
6.957141160964965820e-01
7.170848846435546875e-01
6.944319605827331543e-01
6.919844150543212891e-01
6.833411455154418945e-01
6.697395443916320801e-01
6.882712244987487793e-01
7.112022638320922852e-01
6.810250282287597656e-01
6.885920763015747070e-01
6.969794034957885742e-01
6.975949406623840332e-01
7.091546058654785156e-01
6.946177482604980469e-01
6.979411840438842773e-01
6.997988224029541016e-01
7.126613259315490723e-01
6.980627179145812988e-01
7.004314064979553223e-01
7.121384143829345703e-01
6.873903870582580566e-01
6.889494657516479492e-01
7.013210058212280273e-01
6.981376409530639648e-01
6.947648525238037109e-01
7.104904055595397949e-01
6.987148523330688477e-01
6.841253638267517090e-01
7.110445499420166016e-01
6.981790065765380859e-01
7.017342448234558105e-01
7.025457620620727539e-01
6.932888627052307129e-01
6.970981359481811523e-01
7.009078860282897949e-01
7.136383652687072754e-01
6.844649910926818848e-01
7.017244696617126465e-01
6.905810832977294922e-01
7.062219977378845215e-01
6.958300471305847168e-01
7.005084753036499023e-01
6.959257721900939941e-01
7.030020952224731445e-01
7.007836699485778809e-01
7.172519564628601074e-01
6.991933584213256836e-01
7.010408639907836914e-01
7.074074745178222656e-01
7.147476077079772949e-01
6.908071041107177734e-01
6.954420804977416992e-01
7.125750184059143066e-01
6.907476186752319336e-01
6.924914121627807617e-01
7.034517526626586914e-01
7.219892144203186035e-01
7.021287679672241211e-01
6.980978250503540039e-01
6.968394517898559570e-01
7.104083895683288574e-01
6.954948902130126953e-01
6.981790661811828613e-01
6.883497834205627441e-01
7.222716212272644043e-01
7.010169029235839844e-01
6.999093294143676758e-01
6.943337917327880859e-01
6.930780410766601562e-01
6.988539099693298340e-01
6.996459364891052246e-01
7.014226317405700684e-01
6.976072192192077637e-01
7.033076882362365723e-01
6.922451257705688477e-01
6.915707588195800781e-01
6.893264055252075195e-01
6.888528466224670410e-01
7.099285721778869629e-01
6.867743134498596191e-01
6.910737752914428711e-01
6.868889927864074707e-01
7.032322287559509277e-01
6.904364228248596191e-01
6.801594495773315430e-01
7.025589346885681152e-01
7.078140974044799805e-01
6.929411888122558594e-01
7.007462382316589355e-01
6.954656839370727539e-01
6.997445821762084961e-01
7.015460729598999023e-01
6.957217454910278320e-01
7.102587819099426270e-01
6.965105533599853516e-01
7.078264355659484863e-01
6.965188980102539062e-01
6.895309686660766602e-01
6.961458325386047363e-01
6.979092955589294434e-01
6.973212957382202148e-01
7.005295753479003906e-01
6.979398727416992188e-01
7.067080140113830566e-01
7.012688517570495605e-01
6.996312737464904785e-01
7.016509175300598145e-01
6.915914416313171387e-01
6.876978874206542969e-01
6.950697302818298340e-01
6.995263099670410156e-01
6.902445554733276367e-01
6.808872818946838379e-01
6.911600828170776367e-01
6.875590085983276367e-01
6.841897368431091309e-01
6.916386485099792480e-01
7.132047414779663086e-01
6.951039433479309082e-01
6.859372258186340332e-01
7.009330987930297852e-01
6.901329159736633301e-01
7.005033493041992188e-01
7.019812464714050293e-01
6.944959759712219238e-01
6.921803355216979980e-01
6.984695196151733398e-01
6.921484470367431641e-01
6.996865868568420410e-01
6.988331079483032227e-01
6.996065974235534668e-01
6.869066953659057617e-01
7.044246196746826172e-01
6.993412375450134277e-01
6.997088193893432617e-01
6.949060559272766113e-01
6.988689303398132324e-01
7.056670784950256348e-01
6.946023702621459961e-01
7.013105154037475586e-01
7.101323604583740234e-01
6.958127617835998535e-01
7.008212208747863770e-01
6.958000659942626953e-01
6.928422451019287109e-01
7.051083445549011230e-01
6.929329037666320801e-01
6.896801590919494629e-01
6.821066141128540039e-01
6.804087758064270020e-01
6.883711218833923340e-01
7.000695466995239258e-01
6.831222176551818848e-01
6.895782351493835449e-01
6.909050345420837402e-01
6.950594782829284668e-01
6.970283985137939453e-01
6.879839897155761719e-01
6.929260492324829102e-01
6.929374933242797852e-01
7.029467821121215820e-01
6.923756003379821777e-01
6.959954500198364258e-01
7.007570266723632812e-01
6.886025071144104004e-01
6.892277598381042480e-01
6.941896677017211914e-01
6.945499777793884277e-01
6.941065788269042969e-01
7.005022168159484863e-01
6.918786168098449707e-01
6.857459545135498047e-01
6.978433728218078613e-01
6.933827996253967285e-01
6.915833353996276855e-01
6.980342864990234375e-01
6.940568089485168457e-01
6.909357309341430664e-01
6.929956674575805664e-01
7.010270357131958008e-01
6.853568553924560547e-01
6.952698230743408203e-01
6.883583068847656250e-01
7.016940116882324219e-01
6.951882243156433105e-01
6.977176070213317871e-01
6.926254034042358398e-01
6.965321898460388184e-01
6.968926787376403809e-01
7.068169116973876953e-01
6.961728334426879883e-01
6.974844932556152344e-01
7.030607461929321289e-01
7.024858593940734863e-01
6.881365776062011719e-01
6.907696723937988281e-01
7.017768621444702148e-01
6.912553310394287109e-01
6.941411495208740234e-01
6.957756876945495605e-01
7.061743736267089844e-01
6.941095590591430664e-01
6.946905851364135742e-01
6.944766640663146973e-01
7.004418969154357910e-01
6.919279098510742188e-01
6.945183277130126953e-01
6.867190599441528320e-01
7.082309722900390625e-01
6.959566473960876465e-01
7.004878520965576172e-01
6.921332478523254395e-01
6.915591955184936523e-01
6.942454576492309570e-01
6.937333345413208008e-01
6.955760717391967773e-01
6.947880983352661133e-01
6.974036693572998047e-01
6.928477287292480469e-01
6.937146782875061035e-01
6.908550262451171875e-01
6.902830004692077637e-01
7.007896900177001953e-01
6.898187994956970215e-01
6.922643184661865234e-01
6.910169720649719238e-01
6.980423331260681152e-01
6.890799403190612793e-01
6.817216277122497559e-01
6.968411803245544434e-01
7.003772258758544922e-01
6.930657029151916504e-01
6.938704252243041992e-01
6.949918270111083984e-01
6.959312558174133301e-01
6.982143521308898926e-01
6.929171681404113770e-01
7.038317918777465820e-01
6.967207789421081543e-01
7.034175992012023926e-01
6.945294141769409180e-01
6.888214349746704102e-01
6.939969062805175781e-01
6.917632818222045898e-01
6.969561576843261719e-01
7.018043994903564453e-01
6.949937343597412109e-01
6.987621784210205078e-01
6.995112895965576172e-01
6.985324621200561523e-01
7.004176974296569824e-01
6.918210983276367188e-01
6.904688477516174316e-01
6.954853534698486328e-01
6.997854709625244141e-01
6.887097358703613281e-01
6.837822198867797852e-01
6.893615722656250000e-01
6.873120069503784180e-01
6.886598467826843262e-01
6.906713843345642090e-01
7.044091820716857910e-01
6.913801431655883789e-01
6.877217888832092285e-01
6.983678340911865234e-01
6.919379234313964844e-01
6.928579211235046387e-01
6.975239515304565430e-01
6.910080313682556152e-01
6.876444816589355469e-01
6.942249536514282227e-01
6.935654282569885254e-01
6.997215151786804199e-01
6.967021822929382324e-01
7.005484104156494141e-01
6.899643540382385254e-01
7.012097835540771484e-01
6.952575445175170898e-01
6.970120072364807129e-01
6.936248540878295898e-01
6.983838677406311035e-01
6.990736126899719238e-01
6.954181194305419922e-01
6.968216300010681152e-01
7.068226933479309082e-01
6.972681879997253418e-01
7.014299631118774414e-01
6.960600614547729492e-01
6.932588815689086914e-01
7.019850611686706543e-01
6.939753890037536621e-01
6.899034380912780762e-01
6.836464405059814453e-01
6.874152421951293945e-01
6.900257468223571777e-01
6.967606544494628906e-01
6.848188638687133789e-01
6.907829046249389648e-01
6.898627281188964844e-01
6.950583457946777344e-01
6.934059858322143555e-01
6.869534254074096680e-01
6.928049325942993164e-01
6.911938190460205078e-01
7.000015974044799805e-01
6.910354495048522949e-01
6.952213644981384277e-01
6.975895166397094727e-01
6.894633769989013672e-01
6.905140280723571777e-01
6.917223334312438965e-01
6.943534612655639648e-01
6.951757073402404785e-01
6.965460181236267090e-01
6.901700496673583984e-01
6.879504919052124023e-01
6.925708651542663574e-01
6.922613978385925293e-01
6.881802082061767578e-01
6.973084211349487305e-01
6.953761577606201172e-01
6.893472671508789062e-01
6.911699771881103516e-01
6.966415047645568848e-01
6.867963075637817383e-01
6.936164498329162598e-01
6.882592439651489258e-01
7.003293633460998535e-01
6.954299211502075195e-01
6.977481245994567871e-01
6.923874616622924805e-01
6.944645643234252930e-01
6.956328153610229492e-01
7.034390568733215332e-01
6.959141492843627930e-01
6.974648833274841309e-01
7.021250724792480469e-01
6.975815892219543457e-01
6.875725388526916504e-01
6.893508434295654297e-01
6.976481676101684570e-01
6.920604705810546875e-01
6.958695054054260254e-01
6.932201981544494629e-01
7.009311914443969727e-01
6.915088295936584473e-01
6.940283179283142090e-01
6.945807933807373047e-01
6.973257660865783691e-01
6.911451816558837891e-01
6.938245892524719238e-01
6.867181062698364258e-01
7.029166817665100098e-01
6.942347288131713867e-01
7.006285786628723145e-01
6.914969682693481445e-01
6.916109919548034668e-01
6.930964589118957520e-01
6.912014484405517578e-01
6.942297220230102539e-01
6.938646435737609863e-01
6.957018971443176270e-01
6.937086582183837891e-01
6.953829526901245117e-01
6.915680766105651855e-01
6.915971040725708008e-01
6.972299814224243164e-01
6.918147206306457520e-01
6.930873990058898926e-01
6.937128901481628418e-01
6.967267394065856934e-01
6.892616748809814453e-01
6.836204528808593750e-01
6.947262287139892578e-01
6.971211433410644531e-01
6.939658522605895996e-01
6.914303302764892578e-01
6.955645680427551270e-01
6.946970224380493164e-01
6.976776719093322754e-01
6.920672655105590820e-01
7.014505863189697266e-01
6.966373324394226074e-01
7.017673254013061523e-01
6.942691802978515625e-01
6.890500783920288086e-01
6.929916739463806152e-01
6.895278096199035645e-01
6.970778703689575195e-01
7.024407386779785156e-01
6.940803527832031250e-01
6.959838271141052246e-01
6.992304325103759766e-01
6.979347467422485352e-01
7.006078958511352539e-01
6.923794150352478027e-01
6.918805241584777832e-01
6.964360475540161133e-01
7.007598876953125000e-01
6.885949969291687012e-01
6.860373616218566895e-01
6.891798973083496094e-01
6.875111460685729980e-01
6.912543177604675293e-01
6.902312040328979492e-01
7.011670470237731934e-01
6.899357438087463379e-01
6.888221502304077148e-01
6.969730257987976074e-01
6.931992173194885254e-01
6.901023983955383301e-01
6.961157917976379395e-01
6.899008154869079590e-01
6.857723593711853027e-01
6.931875944137573242e-01
6.936446428298950195e-01
7.002987265586853027e-01
6.960669159889221191e-01
7.009330391883850098e-01
6.919947862625122070e-01
7.002332210540771484e-01
6.936685442924499512e-01
6.959952116012573242e-01
6.934508681297302246e-01
6.984137892723083496e-01
6.967852115631103516e-01
6.961653828620910645e-01
6.951912641525268555e-01
7.052816152572631836e-01
6.976376771926879883e-01
7.019560337066650391e-01
6.958122253417968750e-01
6.939746141433715820e-01
7.010271549224853516e-01
6.944726109504699707e-01
6.901775598526000977e-01
6.846554279327392578e-01
6.908494234085083008e-01
6.908497810363769531e-01
6.951840519905090332e-01
6.855939030647277832e-01
6.917063593864440918e-01
6.898201107978820801e-01
6.951068639755249023e-01
6.930739283561706543e-01
6.870022416114807129e-01
6.934306025505065918e-01
6.904130578041076660e-01
6.991441249847412109e-01
6.903524398803710938e-01
6.952593326568603516e-01
6.961556077003479004e-01
6.898034811019897461e-01
6.908921599388122559e-01
6.912062168121337891e-01
6.943269968032836914e-01
6.955431699752807617e-01
6.949287652969360352e-01
6.899617910385131836e-01
6.893378496170043945e-01
6.902903318405151367e-01
6.916633248329162598e-01
6.871258616447448730e-01
6.970732212066650391e-01
6.966768503189086914e-01
6.890979409217834473e-01
6.906556487083435059e-01
6.946949362754821777e-01
6.875051856040954590e-01
6.930041313171386719e-01
6.880588531494140625e-01
7.002828121185302734e-01
6.958884000778198242e-01
6.981394886970520020e-01
6.926721930503845215e-01
6.934453845024108887e-01
6.946493983268737793e-01
7.017387151718139648e-01
6.963449716567993164e-01
6.981859803199768066e-01
7.016720771789550781e-01
6.956328153610229492e-01
6.872213482856750488e-01
6.888414025306701660e-01
6.961858868598937988e-01
6.928358078002929688e-01
6.971086263656616211e-01
6.922951936721801758e-01
6.991499662399291992e-01
6.903618574142456055e-01
6.937252283096313477e-01
6.947743892669677734e-01
6.956264376640319824e-01
6.910092234611511230e-01
6.941843032836914062e-01
6.867393851280212402e-01
7.004100680351257324e-01
6.939191222190856934e-01
7.001259922981262207e-01
6.915159225463867188e-01
6.918879151344299316e-01
6.924411654472351074e-01
6.895329952239990234e-01
6.938636302947998047e-01
6.936431527137756348e-01
6.945847868919372559e-01
6.947190761566162109e-01
6.965090632438659668e-01
6.918727755546569824e-01
6.924912333488464355e-01
6.953999996185302734e-01
6.934967637062072754e-01
6.937220692634582520e-01
6.953495144844055176e-01
6.964480876922607422e-01
6.896189451217651367e-01
6.852221488952636719e-01
6.936780810356140137e-01
6.961434483528137207e-01
6.947662234306335449e-01
6.907520890235900879e-01
6.960096359252929688e-01
6.943842768669128418e-01
6.972807049751281738e-01
6.918079257011413574e-01
7.005552053451538086e-01
6.967123150825500488e-01
7.013065814971923828e-01
6.941018700599670410e-01
6.895966529846191406e-01
6.926752924919128418e-01
6.886966824531555176e-01
6.970517635345458984e-01
7.027156352996826172e-01
6.930706501007080078e-01
6.948306560516357422e-01
6.991202831268310547e-01
6.977238059043884277e-01
7.002863287925720215e-01
6.929258704185485840e-01
6.928412914276123047e-01
6.976031661033630371e-01
7.021750211715698242e-01
6.889361739158630371e-01
6.871383786201477051e-01
6.892876625061035156e-01
6.872867941856384277e-01
6.927652359008789062e-01
6.903357505798339844e-01
6.993573307991027832e-01
6.895716190338134766e-01
6.898066997528076172e-01
6.959187984466552734e-01
6.938797235488891602e-01
6.886662840843200684e-01
6.957763433456420898e-01
6.899973154067993164e-01
6.852014064788818359e-01
6.926918029785156250e-01
6.939934492111206055e-01
7.003815174102783203e-01
6.961548924446105957e-01
7.007387876510620117e-01
6.931824088096618652e-01
6.998819112777709961e-01
6.930458545684814453e-01
6.958774328231811523e-01
6.931079626083374023e-01
6.986564397811889648e-01
6.961972713470458984e-01
6.967477798461914062e-01
6.947994232177734375e-01
7.042796015739440918e-01
6.974790692329406738e-01
7.020158171653747559e-01
6.951615810394287109e-01
6.947608590126037598e-01
7.001444697380065918e-01
6.944384574890136719e-01
6.903951764106750488e-01
6.854183077812194824e-01
6.927542686462402344e-01
6.915790438652038574e-01
6.939043998718261719e-01
6.861350536346435547e-01
6.923328638076782227e-01
6.901231408119201660e-01
6.948267817497253418e-01
6.926949024200439453e-01
6.869454383850097656e-01
6.937333345413208008e-01
6.909138560295104980e-01
6.985869407653808594e-01
6.901853680610656738e-01
6.953896284103393555e-01
6.951618194580078125e-01
6.904754638671875000e-01
6.911965012550354004e-01
6.910020112991333008e-01
6.944740414619445801e-01
6.955557465553283691e-01
6.945387125015258789e-01
6.907631158828735352e-01
6.899663805961608887e-01
6.895067095756530762e-01
6.915963292121887207e-01
6.865894198417663574e-01
6.967910528182983398e-01
6.970529556274414062e-01
6.892302632331848145e-01
6.904695630073547363e-01
6.935160160064697266e-01
6.877958774566650391e-01
6.931746006011962891e-01
6.874809861183166504e-01
7.002858519554138184e-01
6.960029602050781250e-01
6.986375451087951660e-01
6.927208900451660156e-01
6.931954622268676758e-01
6.939371228218078613e-01
7.008733749389648438e-01
6.962856650352478027e-01
6.986820697784423828e-01
7.015806436538696289e-01
6.947109699249267578e-01
6.873306035995483398e-01
6.886794567108154297e-01
6.955187916755676270e-01
6.932692527770996094e-01
6.977053284645080566e-01
6.914308071136474609e-01
6.985372900962829590e-01
6.901296377182006836e-01
6.936452984809875488e-01
6.946601867675781250e-01
6.948961019515991211e-01
6.909210681915283203e-01
6.938105821609497070e-01
6.866374015808105469e-01
6.985936760902404785e-01
6.939437985420227051e-01
6.996485590934753418e-01
6.916999220848083496e-01
6.925020217895507812e-01
6.920787096023559570e-01
6.896245479583740234e-01
6.939350366592407227e-01
6.940426826477050781e-01
6.944609880447387695e-01
6.951016783714294434e-01
6.969997882843017578e-01
6.917887330055236816e-01
6.927001476287841797e-01
6.948150992393493652e-01
6.939944028854370117e-01
6.943155527114868164e-01
6.963391304016113281e-01
6.965314149856567383e-01
6.899244189262390137e-01
6.856458187103271484e-01
6.930602192878723145e-01
6.954092979431152344e-01
6.952775120735168457e-01
6.903924942016601562e-01
6.960065364837646484e-01
6.943253874778747559e-01
6.976322531700134277e-01
6.917587518692016602e-01
7.001709938049316406e-01
6.969028711318969727e-01
7.012811303138732910e-01
6.932722330093383789e-01
6.895595192909240723e-01
6.928290128707885742e-01
6.884450912475585938e-01
6.969598531723022461e-01
7.024843692779541016e-01
6.926399469375610352e-01
6.944435834884643555e-01
6.984987854957580566e-01
6.973875761032104492e-01
6.995311379432678223e-01
6.931490898132324219e-01
6.930744051933288574e-01
6.983105540275573730e-01
7.025697827339172363e-01
6.889206767082214355e-01
6.872216463088989258e-01
6.889579296112060547e-01
6.871682405471801758e-01
6.931708455085754395e-01
6.900909543037414551e-01
6.983131170272827148e-01
6.894314885139465332e-01
6.907125711441040039e-01
6.951651573181152344e-01
6.939111948013305664e-01
6.878796219825744629e-01
6.956475377082824707e-01
6.899766325950622559e-01
6.853311061859130859e-01
6.921989917755126953e-01
6.936303377151489258e-01
7.004235982894897461e-01
6.963021755218505859e-01
7.005064487457275391e-01
6.937406659126281738e-01
7.000168561935424805e-01
6.924338340759277344e-01
6.958417892456054688e-01
6.926028132438659668e-01
6.985931396484375000e-01
6.963078379631042480e-01
6.966212391853332520e-01
6.946082115173339844e-01
7.037137150764465332e-01
6.973657608032226562e-01
7.025324702262878418e-01
6.947409510612487793e-01
6.952455043792724609e-01
6.997313499450683594e-01
6.947251558303833008e-01
6.909061670303344727e-01
6.860822439193725586e-01
6.934126019477844238e-01
6.922777891159057617e-01
6.936674118041992188e-01
6.863108873367309570e-01
6.926739215850830078e-01
6.905847191810607910e-01
6.943955421447753906e-01
6.924453973770141602e-01
6.868141293525695801e-01
6.942293047904968262e-01
6.910250186920166016e-01
6.981645226478576660e-01
6.898832917213439941e-01
6.953566074371337891e-01
6.946896910667419434e-01
6.907999515533447266e-01
6.913190484046936035e-01
6.909874677658081055e-01
6.945827007293701172e-01
6.953076720237731934e-01
6.943295001983642578e-01
6.912351846694946289e-01
6.900914311408996582e-01
6.889379024505615234e-01
6.915517449378967285e-01
6.861830949783325195e-01
6.963318586349487305e-01
6.972784399986267090e-01
6.892372965812683105e-01
6.904428601264953613e-01
6.928424835205078125e-01
6.880436539649963379e-01
6.939598321914672852e-01
6.869539022445678711e-01
7.000986933708190918e-01
6.964098811149597168e-01
6.988713741302490234e-01
6.931138634681701660e-01
6.928482651710510254e-01
6.936623454093933105e-01
7.001857757568359375e-01
6.962973475456237793e-01
6.988229155540466309e-01
7.015757560729980469e-01
6.941259503364562988e-01
6.875791549682617188e-01
6.887156367301940918e-01
6.949523091316223145e-01
6.930788755416870117e-01
6.977971792221069336e-01
6.911511421203613281e-01
6.982658505439758301e-01
6.897192597389221191e-01
6.932487487792968750e-01
6.946192383766174316e-01
6.948053240776062012e-01
6.907511949539184570e-01
6.935718059539794922e-01
6.866524219512939453e-01
6.980930566787719727e-01
6.939042806625366211e-01
6.991844177246093750e-01
6.918064355850219727e-01
6.925315260887145996e-01
6.920103430747985840e-01
6.895996332168579102e-01
6.941617727279663086e-01
6.941291093826293945e-01
6.942918300628662109e-01
6.949380636215209961e-01
6.970361471176147461e-01
6.914658546447753906e-01
6.930828094482421875e-01
6.946643590927124023e-01
6.943879127502441406e-01
6.945462822914123535e-01
6.968073248863220215e-01
6.963947415351867676e-01
6.904854774475097656e-01
6.856374740600585938e-01
6.929222345352172852e-01
6.953551769256591797e-01
6.955345869064331055e-01
6.902454495429992676e-01
6.959228515625000000e-01
6.942222118377685547e-01
6.981371045112609863e-01
6.918756961822509766e-01
6.996271014213562012e-01
6.966769695281982422e-01
7.016673088073730469e-01
6.931363940238952637e-01
6.894044876098632812e-01
6.927291750907897949e-01
6.884517669677734375e-01
6.962249875068664551e-01
7.021526098251342773e-01
6.925210952758789062e-01
6.950134038925170898e-01
6.980201601982116699e-01
6.971539258956909180e-01
6.992821097373962402e-01
6.937211751937866211e-01
6.930444240570068359e-01
6.988484859466552734e-01
7.029766440391540527e-01
6.894185543060302734e-01
6.872163414955139160e-01
6.886934041976928711e-01
6.870483160018920898e-01
6.935055255889892578e-01
6.900183558464050293e-01
6.976716518402099609e-01
6.894699931144714355e-01
6.912363767623901367e-01
6.948633790016174316e-01
6.938059329986572266e-01
6.876771450042724609e-01
6.957160234451293945e-01
6.900811195373535156e-01
6.854901313781738281e-01
6.920201182365417480e-01
6.934562921524047852e-01
7.000470161437988281e-01
6.969058513641357422e-01
7.004359960556030273e-01
6.938256025314331055e-01
6.998149156570434570e-01
6.918868422508239746e-01
6.961196064949035645e-01
6.925815343856811523e-01
6.984000802040100098e-01
6.965492963790893555e-01
6.963500976562500000e-01
6.947953104972839355e-01
7.033079266548156738e-01
6.971313953399658203e-01
7.026951909065246582e-01
6.941895484924316406e-01
6.952531337738037109e-01
6.993916034698486328e-01
6.947316527366638184e-01
6.913451552391052246e-01
6.862550973892211914e-01
6.931148767471313477e-01
6.925386786460876465e-01
6.931391358375549316e-01
6.866445541381835938e-01
6.926440000534057617e-01
6.907300353050231934e-01
6.939014792442321777e-01
6.920936703681945801e-01
6.871055960655212402e-01
6.950069665908813477e-01
6.912629604339599609e-01
6.979452967643737793e-01
6.898510456085205078e-01
6.952004432678222656e-01
6.946982145309448242e-01
6.906237602233886719e-01
6.912626028060913086e-01
6.912870407104492188e-01
6.945958733558654785e-01
6.949376463890075684e-01
6.942241787910461426e-01
6.917165517807006836e-01
6.902347207069396973e-01
6.891548037528991699e-01
6.913414597511291504e-01
6.858072280883789062e-01
6.960532665252685547e-01
6.974021792411804199e-01
6.892474889755249023e-01
6.903028488159179688e-01
6.924741864204406738e-01
6.881812810897827148e-01
6.944855451583862305e-01
6.869208216667175293e-01
7.003486156463623047e-01
6.967436671257019043e-01
6.987463235855102539e-01
6.935235261917114258e-01
6.925806403160095215e-01
6.936499476432800293e-01
7.001670598983764648e-01
6.963936686515808105e-01
6.989840269088745117e-01
7.016769647598266602e-01
6.941146850585937500e-01
6.875184774398803711e-01
6.885775327682495117e-01
6.947617530822753906e-01
6.931343674659729004e-01
6.975491642951965332e-01
6.907588839530944824e-01
6.982835531234741211e-01
