7.850786447525024414e-01
7.289227843284606934e-01
7.200670838356018066e-01
7.846570014953613281e-01
7.376611828804016113e-01
7.570952177047729492e-01
7.157582044601440430e-01
7.550364732742309570e-01
7.148979306221008301e-01
7.547476887702941895e-01
7.163673043251037598e-01
7.272520661354064941e-01
6.746539473533630371e-01
7.787770628929138184e-01
7.220184803009033203e-01
7.245920896530151367e-01
7.269163131713867188e-01
7.279173135757446289e-01
7.067167758941650391e-01
7.093846797943115234e-01
6.875749826431274414e-01
7.354515194892883301e-01
7.193858027458190918e-01
6.814154982566833496e-01
7.409261465072631836e-01
6.924621462821960449e-01
7.171502113342285156e-01
7.014965415000915527e-01
7.351292371749877930e-01
7.426876425743103027e-01
7.228202223777770996e-01
6.881946325302124023e-01
7.381244897842407227e-01
7.465206384658813477e-01
7.361854910850524902e-01
7.396948933601379395e-01
6.954684853553771973e-01
7.316688895225524902e-01
7.290375232696533203e-01
7.330654263496398926e-01
7.104879617691040039e-01
6.885913610458374023e-01
7.352560758590698242e-01
7.716207504272460938e-01
7.327811717987060547e-01
7.148188352584838867e-01
7.246057987213134766e-01
7.577958106994628906e-01
7.432434558868408203e-01
7.221661210060119629e-01
7.247478365898132324e-01
7.236439585685729980e-01
7.072026133537292480e-01
7.231572866439819336e-01
7.386949658393859863e-01
7.018268704414367676e-01
7.283185720443725586e-01
6.899777650833129883e-01
6.626979708671569824e-01
7.224642038345336914e-01
7.541114091873168945e-01
7.347767949104309082e-01
7.243888974189758301e-01
7.457025647163391113e-01
6.967416405677795410e-01
7.373417615890502930e-01
7.387469410896301270e-01
7.330943942070007324e-01
7.202658653259277344e-01
7.522406578063964844e-01
7.113825678825378418e-01
7.316206693649291992e-01
7.174001932144165039e-01
7.243399620056152344e-01
7.098424434661865234e-01
7.350125312805175781e-01
7.204436063766479492e-01
7.096453905105590820e-01
7.368732690811157227e-01
6.999199390411376953e-01
7.255147695541381836e-01
6.938322782516479492e-01
7.790200710296630859e-01
7.523511052131652832e-01
6.978738307952880859e-01
7.154190540313720703e-01
7.215762138366699219e-01
6.942079067230224609e-01
7.392205595970153809e-01
7.239222526550292969e-01
7.070633172988891602e-01
6.935855746269226074e-01
6.959016919136047363e-01
7.016726136207580566e-01
7.005677223205566406e-01
7.142633795738220215e-01
7.068468332290649414e-01
7.272326350212097168e-01
7.050494551658630371e-01
7.604411840438842773e-01
7.319675683975219727e-01
7.111390829086303711e-01
7.138002514839172363e-01
7.509291768074035645e-01
7.647606134414672852e-01
7.011888623237609863e-01
7.481410503387451172e-01
7.283062338829040527e-01
6.917269825935363770e-01
7.325093746185302734e-01
7.433115243911743164e-01
7.050586938858032227e-01
7.207737565040588379e-01
7.498211264610290527e-01
7.467012405395507812e-01
7.768476605415344238e-01
7.135962843894958496e-01
7.413893342018127441e-01
7.037892937660217285e-01
7.352731227874755859e-01
7.537498474121093750e-01
7.148576974868774414e-01
7.127849459648132324e-01
7.052066326141357422e-01
7.354535460472106934e-01
7.036662101745605469e-01
7.348189949989318848e-01
6.804870367050170898e-01
7.132536768913269043e-01
7.167693376541137695e-01
7.263681292533874512e-01
7.251690626144409180e-01
7.445879578590393066e-01
7.045210599899291992e-01
7.245578765869140625e-01
7.205632328987121582e-01
7.379966378211975098e-01
7.200225591659545898e-01
7.418518662452697754e-01
7.446274757385253906e-01
6.942785978317260742e-01
6.971281766891479492e-01
7.210503816604614258e-01
7.806840538978576660e-01
7.553880214691162109e-01
7.186990976333618164e-01
7.072762250900268555e-01
7.645303606986999512e-01
7.250665426254272461e-01
7.458672523498535156e-01
7.072793841361999512e-01
7.432413697242736816e-01
7.087819576263427734e-01
7.418059110641479492e-01
7.110707163810729980e-01
7.214705944061279297e-01
6.707475185394287109e-01
7.701389193534851074e-01
7.152172327041625977e-01
7.150476574897766113e-01
7.162896990776062012e-01
7.212062478065490723e-01
6.999871730804443359e-01
7.070944905281066895e-01
6.883207559585571289e-01
7.344040870666503906e-01
7.124808430671691895e-01
6.814015507698059082e-01
7.387732267379760742e-01
6.903646588325500488e-01
7.167689800262451172e-01
6.970160007476806641e-01
7.337580919265747070e-01
7.448100447654724121e-01
7.211922407150268555e-01
6.926204562187194824e-01
7.348877191543579102e-01
7.439233660697937012e-01
7.370483875274658203e-01
7.334873676300048828e-01
6.937877535820007324e-01
7.296915054321289062e-01
7.278763055801391602e-01
7.358143329620361328e-01
7.125330567359924316e-01
6.867526769638061523e-01
7.381536960601806641e-01
7.738794684410095215e-01
7.315737605094909668e-01
7.146081328392028809e-01
7.278084754943847656e-01
7.583528757095336914e-01
7.443201541900634766e-01
7.206771373748779297e-01
7.269428968429565430e-01
7.249822616577148438e-01
7.094700336456298828e-01
7.247287034988403320e-01
7.438142895698547363e-01
7.050783038139343262e-01
7.259420752525329590e-01
6.889456510543823242e-01
6.627800464630126953e-01
7.239628434181213379e-01
7.542420625686645508e-01
7.361611723899841309e-01
7.247085571289062500e-01
7.434408664703369141e-01
6.949989795684814453e-01
7.378832697868347168e-01
7.382813692092895508e-01
7.303444743156433105e-01
7.207839488983154297e-01
7.557662725448608398e-01
7.141342163085937500e-01
7.301722764968872070e-01
7.175346612930297852e-01
7.218615412712097168e-01
7.114118933677673340e-01
7.348550558090209961e-01
7.211299538612365723e-01
7.103228569030761719e-01
7.371046543121337891e-01
6.997384428977966309e-01
7.283335328102111816e-01
6.927258968353271484e-01
7.751944065093994141e-01
7.550921440124511719e-01
6.964310407638549805e-01
7.131853103637695312e-01
7.208329439163208008e-01
6.942989826202392578e-01
7.377321720123291016e-01
7.237378954887390137e-01
7.047953605651855469e-01
6.928703784942626953e-01
6.961193680763244629e-01
6.986088156700134277e-01
7.017138004302978516e-01
7.123457789421081543e-01
7.064800858497619629e-01
7.313950061798095703e-01
7.080417871475219727e-01
7.627713680267333984e-01
7.298383712768554688e-01
7.128529548645019531e-01
7.152796983718872070e-01
7.523663043975830078e-01
7.650763988494873047e-01
7.014827728271484375e-01
7.463370561599731445e-01
7.283805012702941895e-01
6.926704645156860352e-01
7.356357574462890625e-01
7.416409850120544434e-01
7.076865434646606445e-01
7.214800715446472168e-01
7.495601177215576172e-01
7.470055222511291504e-01
7.780784964561462402e-01
7.147438526153564453e-01
7.396961450576782227e-01
7.048045992851257324e-01
7.359116673469543457e-01
7.563199996948242188e-01
7.145015597343444824e-01
7.121748328208923340e-01
7.040157914161682129e-01
7.356745600700378418e-01
7.045581340789794922e-01
7.345741391181945801e-01
6.808302402496337891e-01
7.128566503524780273e-01
7.174859046936035156e-01
7.279685139656066895e-01
7.270183563232421875e-01
7.432407140731811523e-01
7.034189105033874512e-01
7.241119742393493652e-01
7.212784290313720703e-01
7.403261065483093262e-01
7.173697948455810547e-01
7.432774901390075684e-01
7.449909448623657227e-01
6.928023099899291992e-01
6.968858242034912109e-01
7.222773432731628418e-01
7.825230956077575684e-01
7.560895681381225586e-01
7.194191217422485352e-01
7.082337737083435059e-01
7.629850506782531738e-01
7.233284711837768555e-01
7.474629282951354980e-01
7.052258849143981934e-01
7.449024915695190430e-01
7.079253792762756348e-01
7.408176660537719727e-01
7.104813456535339355e-01
7.208844423294067383e-01
6.730544567108154297e-01
7.712940573692321777e-01
7.170155048370361328e-01
7.162343263626098633e-01
7.185398936271667480e-01
7.195863127708435059e-01
7.000708580017089844e-01
7.074062824249267578e-01
6.885458230972290039e-01
7.350986599922180176e-01
7.132480740547180176e-01
6.813681125640869141e-01
7.383979558944702148e-01
6.899172067642211914e-01
7.164692878723144531e-01
6.958370804786682129e-01
7.312467098236083984e-01
7.460152506828308105e-01
7.201483249664306641e-01
6.903135776519775391e-01
7.361811995506286621e-01
7.430483102798461914e-01
7.342133522033691406e-01
7.345488071441650391e-01
6.948670744895935059e-01
7.298056483268737793e-01
7.290172576904296875e-01
7.357337474822998047e-01
7.120059728622436523e-01
6.860115528106689453e-01
7.406913042068481445e-01
7.752704024314880371e-01
7.312640547752380371e-01
7.139859199523925781e-01
7.260483503341674805e-01
7.573294639587402344e-01
7.423019409179687500e-01
7.206367254257202148e-01
7.279001474380493164e-01
7.257426977157592773e-01
7.095084190368652344e-01
7.250548601150512695e-01
7.430719137191772461e-01
7.065830230712890625e-01
7.268214225769042969e-01
6.882817745208740234e-01
6.630612611770629883e-01
7.247132658958435059e-01
7.553156614303588867e-01
7.351188659667968750e-01
7.247605323791503906e-01
7.422605752944946289e-01
6.954876184463500977e-01
7.384175658226013184e-01
7.392172813415527344e-01
7.308817505836486816e-01
7.202180624008178711e-01
7.556824684143066406e-01
7.133370041847229004e-01
7.305455207824707031e-01
7.171400189399719238e-01
7.215989828109741211e-01
7.120826840400695801e-01
7.353848814964294434e-01
7.207822799682617188e-01
7.108042240142822266e-01
7.380498647689819336e-01
7.004414200782775879e-01
7.282770276069641113e-01
6.929833889007568359e-01
7.757976651191711426e-01
7.560169696807861328e-01
6.950563192367553711e-01
7.109836339950561523e-01
7.179191708564758301e-01
6.935443878173828125e-01
7.388411760330200195e-01
7.220739722251892090e-01
7.040362954139709473e-01
6.920077204704284668e-01
6.958411335945129395e-01
6.982600092887878418e-01
7.013316750526428223e-01
7.132937908172607422e-01
7.062391042709350586e-01
7.315763831138610840e-01
7.078878879547119141e-01
7.658728361129760742e-01
7.301541566848754883e-01
7.123203873634338379e-01
7.163887023925781250e-01
7.528266906738281250e-01
7.653081417083740234e-01
7.012519240379333496e-01
7.456228733062744141e-01
7.292082905769348145e-01
6.928873062133789062e-01
7.353610396385192871e-01
7.426756024360656738e-01
7.079062461853027344e-01
7.204998135566711426e-01
7.484683990478515625e-01
7.475398778915405273e-01
7.775940299034118652e-01
7.141137123107910156e-01
7.391419410705566406e-01
7.033624053001403809e-01
7.356846332550048828e-01
7.566323876380920410e-01
7.136330008506774902e-01
7.120491862297058105e-01
7.042827606201171875e-01
7.339175939559936523e-01
7.043813467025756836e-01
7.346712946891784668e-01
6.815286278724670410e-01
7.121734023094177246e-01
7.179386019706726074e-01
7.292835116386413574e-01
7.252255678176879883e-01
7.424727678298950195e-01
7.020130157470703125e-01
7.234483361244201660e-01
7.207030057907104492e-01
7.419914603233337402e-01
7.163789868354797363e-01
7.439443469047546387e-01
7.457874417304992676e-01
6.935118436813354492e-01
6.973967552185058594e-01
7.233117222785949707e-01
7.834930419921875000e-01
7.578833103179931641e-01
7.202998995780944824e-01
7.091403603553771973e-01
7.626349329948425293e-01
7.232102155685424805e-01
7.484354972839355469e-01
7.055816054344177246e-01
7.447429299354553223e-01
7.071576118469238281e-01
7.413141727447509766e-01
7.108598351478576660e-01
7.201051712036132812e-01
6.738055944442749023e-01
7.715647220611572266e-01
7.175313830375671387e-01
7.168458104133605957e-01
7.194203734397888184e-01
7.186850309371948242e-01
7.002658843994140625e-01
7.062422037124633789e-01
6.876032352447509766e-01
7.357283234596252441e-01
7.140083909034729004e-01
6.820451617240905762e-01
7.370795011520385742e-01
6.911816596984863281e-01
7.158014774322509766e-01
6.947062015533447266e-01
7.302358746528625488e-01
7.460849285125732422e-01
7.201940417289733887e-01
6.897103786468505859e-01
7.369919419288635254e-01
7.418563365936279297e-01
7.339827418327331543e-01
7.347605824470520020e-01
6.939737796783447266e-01
7.299603223800659180e-01
7.282292246818542480e-01
7.363215088844299316e-01
7.125425934791564941e-01
6.843841075897216797e-01
7.423309087753295898e-01
7.748737931251525879e-01
7.308735847473144531e-01
7.127794623374938965e-01
7.264537215232849121e-01
7.562752366065979004e-01
7.416349649429321289e-01
7.208839058876037598e-01
7.293004989624023438e-01
7.244234085083007812e-01
7.094373703002929688e-01
7.240066528320312500e-01
7.417027354240417480e-01
7.071869969367980957e-01
7.256520986557006836e-01
6.885315775871276855e-01
6.637787222862243652e-01
7.248791456222534180e-01
7.559606432914733887e-01
7.355183959007263184e-01
7.245473861694335938e-01
7.419664859771728516e-01
6.958006620407104492e-01
7.378768920898437500e-01
7.387463450431823730e-01
7.322061061859130859e-01
7.186065316200256348e-01
7.549985647201538086e-01
7.132489085197448730e-01
7.298790812492370605e-01
7.166820764541625977e-01
7.211790084838867188e-01
7.125287055969238281e-01
7.357559204101562500e-01
7.205580472946166992e-01
7.106424570083618164e-01
7.377173900604248047e-01
7.009713649749755859e-01
7.287961244583129883e-01
6.941268444061279297e-01
7.767245173454284668e-01
7.569661140441894531e-01
6.954997181892395020e-01
7.106726169586181641e-01
7.168331742286682129e-01
6.936996579170227051e-01
7.395918369293212891e-01
7.203849554061889648e-01
7.034287452697753906e-01
6.918408870697021484e-01
6.947121620178222656e-01
6.986907124519348145e-01
7.007672786712646484e-01
7.137951850891113281e-01
7.061607241630554199e-01
7.313995957374572754e-01
7.078354954719543457e-01
7.668450474739074707e-01
7.305092811584472656e-01
7.120403051376342773e-01
7.172000408172607422e-01
7.537016868591308594e-01
7.643468976020812988e-01
7.013341188430786133e-01
7.457728385925292969e-01
7.298249602317810059e-01
6.937479972839355469e-01
7.345467805862426758e-01
7.438929080963134766e-01
7.082521319389343262e-01
7.197405099868774414e-01
7.477048039436340332e-01
7.470296621322631836e-01
7.777771949768066406e-01
7.130981087684631348e-01
7.389506697654724121e-01
7.033722996711730957e-01
7.360430359840393066e-01
7.569772601127624512e-01
7.136755585670471191e-01
7.121833562850952148e-01
7.050706744194030762e-01
7.343188524246215820e-01
7.039035558700561523e-01
7.342935204505920410e-01
6.819976568222045898e-01
7.123171091079711914e-01
7.180061936378479004e-01
7.303820848464965820e-01
7.240857481956481934e-01
7.422160506248474121e-01
7.018666267395019531e-01
7.233815193176269531e-01
7.202284336090087891e-01
7.417117953300476074e-01
7.165510654449462891e-01
7.439339160919189453e-01
7.469732761383056641e-01
6.939733028411865234e-01
6.966019272804260254e-01
7.241154909133911133e-01
7.843400835990905762e-01
7.585306167602539062e-01
7.197493910789489746e-01
7.091070413589477539e-01
7.610425949096679688e-01
7.213535308837890625e-01
7.458277344703674316e-01
7.045572400093078613e-01
7.406330704689025879e-01
7.043706774711608887e-01
7.361773848533630371e-01
7.081117630004882812e-01
7.151826620101928711e-01
6.734996438026428223e-01
7.607170939445495605e-01
7.111238837242126465e-01
7.102406620979309082e-01
7.138310074806213379e-01
7.112299799919128418e-01
6.958807706832885742e-01
7.000076174736022949e-01
6.842950582504272461e-01
7.244656085968017578e-01
7.055333256721496582e-01
6.801683902740478516e-01
7.243105769157409668e-01
6.868487000465393066e-01
7.066764831542968750e-01
6.895496845245361328e-01
7.171258926391601562e-01
7.293252348899841309e-01
7.095875740051269531e-01
6.838716268539428711e-01
7.236326932907104492e-01
7.241804599761962891e-01
7.184261083602905273e-01
7.187238335609436035e-01
6.875375509262084961e-01
7.152656316757202148e-01
7.127719521522521973e-01
7.192451953887939453e-01
7.012866735458374023e-01
6.791016459465026855e-01
7.237207889556884766e-01
7.441971898078918457e-01
7.129231095314025879e-01
6.986946463584899902e-01
7.108592987060546875e-01
7.304485440254211426e-01
7.190433144569396973e-01
7.055991888046264648e-01
7.111157178878784180e-01
7.066506743431091309e-01
6.975107789039611816e-01
7.063663005828857422e-01
7.197801470756530762e-01
6.952403783798217773e-01
7.062170505523681641e-01
6.836001276969909668e-01
6.698459386825561523e-01
7.058153152465820312e-01
7.261875867843627930e-01
7.133288383483886719e-01
7.060526609420776367e-01
7.158339023590087891e-01
6.879298686981201172e-01
7.122434377670288086e-01
7.119665741920471191e-01
7.079142928123474121e-01
6.993297338485717773e-01
7.201935052871704102e-01
6.979795694351196289e-01
7.072897553443908691e-01
6.996414065361022949e-01
7.020231485366821289e-01
6.968961954116821289e-01
7.103210091590881348e-01
7.005177736282348633e-01
6.965076923370361328e-01
7.103445529937744141e-01
6.908388137817382812e-01
7.057179808616638184e-01
6.869702935218811035e-01
7.314504384994506836e-01
7.212935686111450195e-01
6.866589784622192383e-01
6.925222277641296387e-01
6.969867348670959473e-01
6.856052875518798828e-01
7.104696035385131836e-01
6.974304914474487305e-01
6.902847290039062500e-01
6.850052475929260254e-01
6.869227886199951172e-01
6.880656480789184570e-01
6.871798634529113770e-01
6.946289539337158203e-01
6.930918693542480469e-01
7.049458622932434082e-01
6.925089359283447266e-01
7.246719598770141602e-01
7.014309167861938477e-01
6.945651769638061523e-01
6.984845399856567383e-01
7.142112851142883301e-01
7.199699282646179199e-01
6.878803372383117676e-01
7.097028493881225586e-01
7.038146853446960449e-01
6.893001198768615723e-01
7.059394717216491699e-01
7.121757268905639648e-01
6.932064294815063477e-01
6.953313946723937988e-01
7.103651165962219238e-01
7.111858129501342773e-01
7.230941057205200195e-01
6.922135949134826660e-01
7.056984901428222656e-01
6.895122528076171875e-01
7.042476534843444824e-01
7.144988179206848145e-01
6.954298615455627441e-01
6.917312145233154297e-01
6.892291307449340820e-01
7.056445479393005371e-01
6.901391148567199707e-01
7.027443051338195801e-01
6.817214488983154297e-01
6.941213011741638184e-01
6.981552243232727051e-01
7.005624175071716309e-01
6.962736248970031738e-01
7.051315903663635254e-01
6.881042718887329102e-01
6.975837349891662598e-01
6.966530680656433105e-01
7.067330479621887207e-01
6.934628486633300781e-01
7.061058282852172852e-01
7.078164815902709961e-01
6.852682828903198242e-01
6.849588155746459961e-01
6.980676651000976562e-01
7.203382849693298340e-01
7.103558778762817383e-01
6.962279081344604492e-01
6.957885622978210449e-01
7.126312851905822754e-01
6.971299648284912109e-01
7.080503106117248535e-01
6.905499696731567383e-01
7.063609957695007324e-01
6.906340718269348145e-01
7.047043442726135254e-01
6.930991411209106445e-01
6.958336234092712402e-01
6.782685518264770508e-01
7.142857909202575684e-01
6.926387548446655273e-01
6.918277740478515625e-01
6.960124969482421875e-01
6.941171884536743164e-01
6.893386840820312500e-01
6.912187337875366211e-01
6.843632459640502930e-01
7.002537846565246582e-01
6.909689307212829590e-01
6.839811205863952637e-01
6.985970735549926758e-01
6.848686337471008301e-01
6.941130161285400391e-01
6.862624883651733398e-01
6.958885192871093750e-01
7.021769285202026367e-01
6.959311366081237793e-01
6.823711395263671875e-01
7.034335732460021973e-01
6.998747587203979492e-01
6.979563236236572266e-01
6.991350650787353516e-01
6.855554580688476562e-01
6.990731954574584961e-01
6.970782279968261719e-01
7.005192637443542480e-01
6.926397085189819336e-01
6.804270148277282715e-01
7.041914463043212891e-01
7.089259624481201172e-01
6.967955827713012695e-01
6.893761754035949707e-01
6.988911628723144531e-01
7.064697146415710449e-01
6.992104053497314453e-01
6.960659623146057129e-01
6.983252167701721191e-01
6.951336860656738281e-01
6.929236650466918945e-01
6.955175399780273438e-01
7.052124142646789551e-01
6.903409361839294434e-01
6.945464611053466797e-01
6.862671375274658203e-01
6.838074922561645508e-01
6.948341131210327148e-01
7.046427130699157715e-01
7.002912163734436035e-01
6.970878243446350098e-01
6.998383998870849609e-01
6.886153221130371094e-01
6.979911327362060547e-01
6.974911689758300781e-01
6.951725482940673828e-01
6.916680335998535156e-01
7.000418901443481445e-01
6.933223009109497070e-01
6.976209878921508789e-01
6.947478055953979492e-01
6.951748132705688477e-01
6.929442882537841797e-01
6.988233327865600586e-01
6.925575733184814453e-01
6.939896345138549805e-01
6.978919506072998047e-01
6.904938817024230957e-01
6.974331140518188477e-01
6.885986328125000000e-01
7.090752124786376953e-01
7.053665518760681152e-01
6.880951523780822754e-01
6.881330609321594238e-01
6.920310854911804199e-01
6.873079538345336914e-01
6.999454498291015625e-01
6.909664869308471680e-01
6.896190643310546875e-01
6.872802972793579102e-01
6.890004873275756836e-01
6.878810524940490723e-01
6.863861680030822754e-01
6.907364130020141602e-01
6.923978328704833984e-01
6.968576312065124512e-01
6.908428072929382324e-01
7.083392739295959473e-01
6.921966671943664551e-01
6.913613677024841309e-01
6.950781941413879395e-01
7.007091045379638672e-01
7.043866515159606934e-01
6.873180866241455078e-01
6.985909938812255859e-01
6.977412700653076172e-01
6.934016942977905273e-01
6.986603736877441406e-01
7.034703493118286133e-01
6.922680139541625977e-01
6.903755068778991699e-01
6.996557712554931641e-01
7.012016177177429199e-01
7.052313089370727539e-01
6.891497373580932617e-01
6.979193687438964844e-01
6.895184516906738281e-01
6.966735720634460449e-01
7.024523019790649414e-01
6.935117840766906738e-01
6.892756819725036621e-01
6.887243986129760742e-01
6.999189853668212891e-01
6.900874376296997070e-01
6.963756084442138672e-01
6.869368553161621094e-01
6.931982636451721191e-01
6.965656280517578125e-01
6.946633458137512207e-01
6.914648413658142090e-01
6.973121762275695801e-01
6.888943910598754883e-01
6.938410401344299316e-01
6.936206817626953125e-01
6.998068094253540039e-01
6.908277273178100586e-01
6.984030008316040039e-01
6.997209787368774414e-01
6.878955960273742676e-01
6.862486600875854492e-01
6.948328018188476562e-01
7.043512463569641113e-01
7.002300620079040527e-01
6.932983994483947754e-01
6.963751316070556641e-01
7.014366984367370605e-01
6.942750215530395508e-01
7.005846500396728516e-01
6.907265186309814453e-01
7.001796960830688477e-01
6.904534697532653809e-01
6.985535025596618652e-01
6.924456954002380371e-01
6.935008764266967773e-01
6.844399571418762207e-01
7.028459310531616211e-01
6.901528835296630859e-01
6.900144815444946289e-01
6.936463117599487305e-01
6.920002698898315430e-01
6.911921501159667969e-01
6.923038959503173828e-01
6.882945299148559570e-01
6.958149075508117676e-01
6.896188259124755859e-01
6.892777681350708008e-01
6.931627392768859863e-01
6.872951984405517578e-01
6.930429339408874512e-01
6.885851621627807617e-01
6.919510960578918457e-01
6.962796449661254883e-01
6.941423416137695312e-01
6.850860118865966797e-01
6.994414925575256348e-01
6.941251158714294434e-01
6.931859254837036133e-01
6.950128078460693359e-01
6.878907680511474609e-01
6.960178613662719727e-01
6.941068768501281738e-01
6.963567733764648438e-01
6.923269629478454590e-01
6.840063333511352539e-01
6.992648839950561523e-01
6.983892321586608887e-01
6.938752532005310059e-01
6.886564493179321289e-01
6.967074871063232422e-01
7.005158066749572754e-01
6.939260959625244141e-01
6.947910785675048828e-01
6.954765319824218750e-01
6.927678585052490234e-01
6.938472986221313477e-01
6.936380863189697266e-01
7.021994590759277344e-01
6.909300088882446289e-01
6.922147274017333984e-01
6.896582841873168945e-01
6.915143728256225586e-01
6.924074888229370117e-01
6.977043151855468750e-01
6.969734430313110352e-01
6.956081390380859375e-01
6.953151226043701172e-01
6.906635761260986328e-01
6.942584514617919922e-01
6.938863992691040039e-01
6.921707391738891602e-01
6.903630495071411133e-01
6.934849619865417480e-01
6.930807828903198242e-01
6.953998208045959473e-01
6.945927739143371582e-01
6.940059661865234375e-01
6.933012008666992188e-01
6.958141922950744629e-01
6.908613443374633789e-01
6.946699619293212891e-01
6.942814588546752930e-01
6.921256184577941895e-01
6.958052515983581543e-01
6.910055279731750488e-01
7.012067437171936035e-01
7.003811597824096680e-01
6.898877024650573730e-01
6.879939436912536621e-01
6.918873786926269531e-01
6.899336576461791992e-01
6.972329616546630859e-01
6.902665495872497559e-01
6.907882690429687500e-01
6.901167631149291992e-01
6.913229227066040039e-01
6.891084313392639160e-01
6.875748038291931152e-01
6.906647086143493652e-01
6.932162642478942871e-01
6.945392489433288574e-01
6.913475990295410156e-01
7.026298642158508301e-01
6.894779205322265625e-01
6.912375688552856445e-01
6.949415206909179688e-01
6.961027979850769043e-01
6.989039182662963867e-01
6.883528232574462891e-01
6.950687766075134277e-01
6.961786150932312012e-01
6.965830922126770020e-01
6.970824003219604492e-01
7.012036442756652832e-01
6.930922269821166992e-01
6.893073916435241699e-01
6.961155533790588379e-01
6.982312202453613281e-01
6.985745429992675781e-01
6.887668967247009277e-01
6.956242322921752930e-01
6.909059882164001465e-01
6.942013502120971680e-01
6.981413364410400391e-01
6.935359835624694824e-01
6.889686584472656250e-01
6.896377205848693848e-01
6.980463266372680664e-01
6.907737851142883301e-01
6.948084831237792969e-01
6.903951764106750488e-01
6.937179565429687500e-01
6.974261999130249023e-01
6.928619146347045898e-01
6.904723644256591797e-01
6.950004696846008301e-01
6.898869276046752930e-01
6.930484771728515625e-01
6.934982538223266602e-01
6.976066231727600098e-01
6.910097599029541016e-01
6.955780982971191406e-01
6.967148780822753906e-01
6.897512078285217285e-01
6.874530911445617676e-01
6.940516829490661621e-01
6.980163455009460449e-01
6.964488625526428223e-01
6.928949356079101562e-01
6.973413825035095215e-01
6.974567770957946777e-01
6.936626434326171875e-01
6.981970667839050293e-01
6.918140053749084473e-01
6.978687644004821777e-01
6.911710500717163086e-01
6.963971853256225586e-01
6.929426789283752441e-01
6.931279897689819336e-01
6.876521110534667969e-01
6.987254619598388672e-01
6.895506381988525391e-01
6.900337338447570801e-01
6.933994293212890625e-01
6.918810009956359863e-01
6.926136016845703125e-01
6.932812333106994629e-01
6.906655430793762207e-01
6.948683857917785645e-01
6.898601055145263672e-01
6.922550201416015625e-01
6.910406947135925293e-01
6.891473531723022461e-01
6.934559941291809082e-01
6.900847554206848145e-01
6.906405687332153320e-01
6.941193938255310059e-01
6.939437985420227051e-01
6.866925358772277832e-01
6.985611915588378906e-01
6.922008991241455078e-01
6.912844777107238770e-01
6.933538913726806641e-01
6.896923780441284180e-01
6.950669288635253906e-01
6.934207677841186523e-01
6.950808167457580566e-01
6.925718784332275391e-01
6.861935257911682129e-01
6.976081132888793945e-01
6.940850615501403809e-01
6.932444572448730469e-01
6.886279582977294922e-01
6.960759162902832031e-01
6.985571384429931641e-01
6.919097304344177246e-01
6.943378448486328125e-01
6.943818926811218262e-01
6.923013925552368164e-01
6.947554945945739746e-01
6.932749748229980469e-01
7.015222311019897461e-01
6.916134357452392578e-01
6.912907958030700684e-01
6.917709708213806152e-01
6.954505443572998047e-01
6.915210485458374023e-01
6.952214241027832031e-01
6.960874795913696289e-01
6.954505443572998047e-01
6.936504840850830078e-01
6.919273734092712402e-01
6.930540800094604492e-01
6.925536990165710449e-01
6.916475892066955566e-01
6.902326345443725586e-01
6.909245848655700684e-01
6.933562755584716797e-01
6.946526169776916504e-01
6.947187185287475586e-01
6.941559910774230957e-01
6.937097311019897461e-01
6.950678825378417969e-01
6.904311776161193848e-01
6.952982544898986816e-01
6.930182576179504395e-01
6.931892633438110352e-01
6.951031684875488281e-01
6.924359798431396484e-01
6.979079842567443848e-01
6.983655691146850586e-01
6.909224987030029297e-01
6.883213520050048828e-01
6.922180652618408203e-01
6.917003393173217773e-01
6.965150833129882812e-01
6.903297901153564453e-01
6.917890310287475586e-01
6.919997334480285645e-01
6.929474472999572754e-01
6.899513602256774902e-01
6.882659196853637695e-01
6.911504864692687988e-01
6.940013766288757324e-01
6.939013004302978516e-01
6.917759180068969727e-01
7.005419731140136719e-01
6.885286569595336914e-01
6.917154788970947266e-01
6.953123211860656738e-01
6.943578124046325684e-01
6.963418126106262207e-01
6.890886425971984863e-01
6.936275959014892578e-01
6.960359811782836914e-01
6.983686685562133789e-01
6.967803835868835449e-01
7.003006339073181152e-01
6.935329437255859375e-01
6.889872550964355469e-01
6.942594051361083984e-01
6.969223022460937500e-01
6.958734989166259766e-01
6.888306140899658203e-01
6.950637698173522949e-01
6.920685172080993652e-01
6.931988000869750977e-01
6.964839696884155273e-01
6.937915682792663574e-01
6.890316009521484375e-01
6.904830932617187500e-01
6.973836421966552734e-01
6.911697983741760254e-01
6.944262385368347168e-01
6.921636462211608887e-01
6.942493915557861328e-01
6.981629729270935059e-01
6.918990612030029297e-01
6.903605461120605469e-01
6.944390535354614258e-01
6.904209852218627930e-01
6.925766468048095703e-01
6.938986182212829590e-01
6.965165138244628906e-01
6.915432214736938477e-01
6.944167017936706543e-01
6.955835819244384766e-01
6.907579898834228516e-01
6.879889369010925293e-01
6.940491199493408203e-01
6.950548887252807617e-01
6.948900222778320312e-01
6.926559805870056152e-01
6.979122161865234375e-01
6.956503987312316895e-01
6.939660310745239258e-01
6.970852613449096680e-01
6.925343275070190430e-01
6.970754265785217285e-01
6.914600729942321777e-01
6.952602863311767578e-01
6.932784318923950195e-01
6.933663487434387207e-01
6.895622611045837402e-01
6.968423128128051758e-01
6.893818974494934082e-01
6.902959346771240234e-01
6.936846971511840820e-01
6.918655037879943848e-01
6.932738423347473145e-01
6.936972141265869141e-01
6.920153498649597168e-01
6.945518851280212402e-01
6.902825832366943359e-01
6.936221718788146973e-01
6.900197267532348633e-01
6.902747154235839844e-01
6.933491826057434082e-01
6.907195448875427246e-01
6.901754140853881836e-01
6.933185458183288574e-01
6.939720511436462402e-01
6.874931454658508301e-01
6.984863281250000000e-01
6.915668249130249023e-01
6.905556321144104004e-01
6.925109624862670898e-01
6.907939910888671875e-01
6.947597861289978027e-01
6.935473680496215820e-01
6.944420337677001953e-01
6.925799250602722168e-01
6.874896883964538574e-01
6.968394517898559570e-01
6.924012303352355957e-01
6.932377815246582031e-01
6.884239912033081055e-01
6.957455873489379883e-01
6.976363062858581543e-01
6.910396218299865723e-01
6.941353082656860352e-01
6.938637495040893555e-01
6.918987631797790527e-01
6.951743364334106445e-01
6.934272646903991699e-01
7.010493278503417969e-01
6.921824216842651367e-01
6.908095479011535645e-01
6.928269267082214355e-01
6.976993680000305176e-01
6.911630034446716309e-01
6.942918300628662109e-01
6.959592103958129883e-01
6.955412626266479492e-01
6.932542324066162109e-01
6.924761533737182617e-01
6.923595070838928223e-01
6.916067600250244141e-01
6.917345523834228516e-01
6.902540922164916992e-01
6.895823478698730469e-01
6.935042142868041992e-01
6.941848993301391602e-01
6.946748495101928711e-01
6.945111155509948730e-01
6.938891410827636719e-01
6.946588158607482910e-01
6.904472112655639648e-01
6.958007812500000000e-01
6.927112340927124023e-01
6.936900019645690918e-01
6.947622299194335938e-01
6.930340528488159180e-01
6.964963078498840332e-01
6.978023648262023926e-01
6.914150118827819824e-01
6.886698603630065918e-01
6.927387714385986328e-01
6.927511692047119141e-01
6.960418820381164551e-01
6.905871033668518066e-01
6.923702955245971680e-01
6.933037042617797852e-01
6.939042210578918457e-01
6.902601718902587891e-01
6.885920763015747070e-01
6.913744807243347168e-01
6.946319937705993652e-01
6.935864686965942383e-01
6.919132471084594727e-01
6.998959779739379883e-01
6.883221864700317383e-01
6.920213699340820312e-01
6.956786513328552246e-01
6.936734318733215332e-01
6.949334144592285156e-01
6.896620988845825195e-01
6.930813789367675781e-01
6.958166360855102539e-01
6.995552778244018555e-01
6.966604590415954590e-01
6.999210119247436523e-01
6.939402818679809570e-01
6.884869337081909180e-01
6.931986212730407715e-01
6.963951587677001953e-01
6.945466995239257812e-01
6.888670325279235840e-01
6.948300600051879883e-01
6.927897930145263672e-01
6.927096843719482422e-01
6.955449581146240234e-01
6.939725279808044434e-01
6.890584230422973633e-01
6.911911964416503906e-01
6.967375874519348145e-01
6.917628049850463867e-01
6.941900253295898438e-01
6.932696700096130371e-01
6.946944594383239746e-01
6.985787153244018555e-01
6.911925673484802246e-01
6.901447772979736328e-01
6.941068172454833984e-01
6.908317804336547852e-01
6.925010681152343750e-01
6.940445899963378906e-01
6.961148977279663086e-01
6.921157240867614746e-01
6.938919425010681152e-01
6.948244571685791016e-01
6.913999915122985840e-01
6.882547736167907715e-01
6.940175890922546387e-01
6.931325197219848633e-01
6.935734748840332031e-01
6.926761865615844727e-01
6.985290050506591797e-01
6.944429874420166016e-01
6.942036151885986328e-01
6.966686248779296875e-01
6.927881240844726562e-01
6.969217658042907715e-01
6.914224624633789062e-01
6.945161223411560059e-01
6.935471296310424805e-01
6.935899257659912109e-01
6.905226707458496094e-01
6.958686113357543945e-01
6.892243623733520508e-01
6.904829144477844238e-01
6.939095258712768555e-01
6.919571161270141602e-01
6.937434077262878418e-01
6.939679980278015137e-01
6.925815343856811523e-01
6.943815946578979492e-01
6.905924677848815918e-01
6.943614482879638672e-01
6.894291639328002930e-01
6.910132169723510742e-01
6.934239864349365234e-01
6.908710598945617676e-01
6.898899078369140625e-01
6.928582191467285156e-01
6.941018104553222656e-01
6.881009936332702637e-01
6.983786225318908691e-01
6.911323666572570801e-01
6.901363730430603027e-01
6.923308968544006348e-01
6.911994814872741699e-01
6.946089863777160645e-01
6.935674548149108887e-01
6.939221620559692383e-01
6.924787163734436035e-01
6.882579922676086426e-01
6.964416503906250000e-01
6.909835338592529297e-01
6.932346224784851074e-01
6.884263753890991211e-01
6.954644322395324707e-01
6.971735358238220215e-01
6.904675364494323730e-01
6.943079233169555664e-01
6.939169168472290039e-01
6.916223168373107910e-01
6.954584717750549316e-01
6.934401988983154297e-01
7.007907032966613770e-01
6.925644874572753906e-01
6.904891729354858398e-01
6.935591101646423340e-01
6.986722946166992188e-01
6.909099817276000977e-01
6.937685012817382812e-01
6.958927512168884277e-01
6.959685683250427246e-01
6.932792067527770996e-01
6.928715109825134277e-01
6.923115849494934082e-01
6.911847591400146484e-01
6.917576193809509277e-01
6.899356842041015625e-01
6.890134215354919434e-01
6.937757730484008789e-01
6.939468979835510254e-01
6.947869658470153809e-01
6.948462724685668945e-01
6.941191554069519043e-01
6.942486166954040527e-01
6.904748082160949707e-01
6.962267160415649414e-01
6.925634145736694336e-01
6.941279768943786621e-01
6.945195794105529785e-01
6.932433843612670898e-01
6.962576508522033691e-01
6.975228786468505859e-01
6.916052699089050293e-01
6.887871026992797852e-01
6.928867697715759277e-01
6.930908560752868652e-01
6.959475278854370117e-01
6.906304359436035156e-01
6.925647258758544922e-01
6.941288709640502930e-01
6.943925023078918457e-01
6.904354095458984375e-01
6.886376142501831055e-01
6.914014816284179688e-01
6.948297619819641113e-01
6.934163570404052734e-01
6.919297575950622559e-01
6.995584368705749512e-01
6.882666349411010742e-01
6.921444535255432129e-01
6.957204341888427734e-01
6.935504078865051270e-01
6.941407322883605957e-01
6.900233030319213867e-01
6.929913163185119629e-01
6.954472661018371582e-01
6.999237537384033203e-01
6.966114044189453125e-01
6.997911334037780762e-01
6.941179037094116211e-01
6.882794499397277832e-01
6.924499273300170898e-01
6.959601640701293945e-01
6.938577890396118164e-01
6.888762116432189941e-01
6.948935985565185547e-01
6.930977702140808105e-01
6.926075220108032227e-01
6.952527761459350586e-01
6.943997144699096680e-01
6.890820860862731934e-01
6.913539171218872070e-01
6.963698863983154297e-01
6.918992996215820312e-01
6.941659450531005859e-01
6.938445568084716797e-01
6.949151158332824707e-01
6.987624764442443848e-01
6.907896995544433594e-01
6.899787187576293945e-01
6.939896941184997559e-01
6.908408999443054199e-01
6.924114823341369629e-01
6.942892074584960938e-01
6.958878636360168457e-01
6.922054290771484375e-01
6.938657760620117188e-01
6.946388483047485352e-01
6.916330456733703613e-01
6.880935430526733398e-01
6.941696405410766602e-01
6.926946043968200684e-01
6.930621862411499023e-01
6.924823522567749023e-01
6.987476348876953125e-01
6.941136717796325684e-01
6.944008469581604004e-01
6.966375112533569336e-01
6.927926540374755859e-01
6.971209645271301270e-01
6.912324428558349609e-01
6.940947175025939941e-01
6.936987638473510742e-01
6.939083933830261230e-01
6.908134818077087402e-01
6.955556869506835938e-01
6.889238357543945312e-01
6.906795501708984375e-01
6.941835284233093262e-01
6.922215223312377930e-01
6.939498782157897949e-01
6.939140558242797852e-01
6.926858425140380859e-01
6.945002079010009766e-01
6.909955143928527832e-01
6.944243907928466797e-01
6.891174316406250000e-01
6.912703514099121094e-01
6.934439539909362793e-01
6.906694173812866211e-01
6.896507740020751953e-01
6.927620172500610352e-01
6.942936182022094727e-01
6.879938244819641113e-01
6.983531713485717773e-01
6.909087896347045898e-01
6.900638341903686523e-01
6.925159692764282227e-01
6.910952329635620117e-01
6.943272352218627930e-01
6.937561035156250000e-01
6.935983896255493164e-01
6.922955513000488281e-01
6.886854171752929688e-01
6.963641047477722168e-01
6.905695796012878418e-01
6.932858228683471680e-01
6.882560253143310547e-01
6.951999068260192871e-01
6.971524953842163086e-01
6.902723312377929688e-01
6.943688392639160156e-01
6.936944723129272461e-01
6.915408372879028320e-01
6.955887079238891602e-01
6.935505270957946777e-01
7.007461190223693848e-01
6.928411722183227539e-01
6.901870965957641602e-01
6.938462853431701660e-01
6.989527940750122070e-01
6.907861232757568359e-01
6.937237381935119629e-01
6.959139108657836914e-01
6.961068511009216309e-01
6.935187578201293945e-01
6.931282281875610352e-01
6.924396157264709473e-01
6.909863352775573730e-01
6.918790340423583984e-01
6.897422075271606445e-01
6.890250444412231445e-01
6.940106153488159180e-01
6.938683986663818359e-01
6.948609352111816406e-01
6.951415538787841797e-01
6.940304636955261230e-01
6.942349672317504883e-01
6.905261278152465820e-01
6.964759826660156250e-01
6.925839185714721680e-01
6.942778229713439941e-01
6.944829821586608887e-01
6.932974457740783691e-01
6.960583925247192383e-01
6.976745724678039551e-01
6.916852593421936035e-01
6.889129877090454102e-01
6.930267214775085449e-01
6.932806372642517090e-01
6.958427429199218750e-01
6.906034350395202637e-01
6.926485300064086914e-01
6.945366263389587402e-01
6.946812272071838379e-01
6.904005408287048340e-01
6.886381506919860840e-01
6.913212537765502930e-01
6.949265599250793457e-01
6.933184266090393066e-01
6.917057633399963379e-01
6.994277238845825195e-01
6.881853938102722168e-01
6.924867630004882812e-01
6.956948637962341309e-01
6.936778426170349121e-01
6.937274932861328125e-01
6.901554465293884277e-01
6.930178403854370117e-01
6.953235864639282227e-01
6.999942064285278320e-01
6.964490413665771484e-01
6.995974779129028320e-01
6.943117380142211914e-01
6.881944537162780762e-01
6.922500729560852051e-01
6.955514550209045410e-01
6.935339570045471191e-01
6.888579130172729492e-01
6.950252652168273926e-01
6.931923031806945801e-01
6.922869682312011719e-01
6.951208710670471191e-01
6.947777867317199707e-01
6.891022324562072754e-01
6.912751197814941406e-01
6.960334777832031250e-01
6.919646263122558594e-01
6.941193938255310059e-01
6.940878033638000488e-01
6.950754523277282715e-01
6.988804936408996582e-01
6.906596422195434570e-01
6.897449493408203125e-01
6.940274834632873535e-01
6.908718347549438477e-01
6.924217343330383301e-01
6.944447159767150879e-01
6.956880092620849609e-01
6.924428939819335938e-01
6.937055587768554688e-01
6.947256922721862793e-01
6.915507316589355469e-01
6.879436969757080078e-01
6.943182945251464844e-01
6.927300691604614258e-01
6.928551197052001953e-01
6.922911405563354492e-01
6.988441944122314453e-01
6.939720511436462402e-01
6.946429610252380371e-01
6.968461871147155762e-01
6.925766468048095703e-01
6.972973942756652832e-01
6.910693645477294922e-01
6.939785480499267578e-01
6.938669681549072266e-01
6.940475106239318848e-01
6.909039020538330078e-01
6.956012845039367676e-01
6.887071132659912109e-01
6.906855702400207520e-01
6.942115426063537598e-01
6.924029588699340820e-01
6.938580274581909180e-01
6.938132047653198242e-01
6.925697326660156250e-01
6.948015093803405762e-01
6.912612318992614746e-01
6.946026086807250977e-01
6.891810297966003418e-01
6.914042234420776367e-01
6.934661269187927246e-01
6.905728578567504883e-01
6.895193457603454590e-01
6.927986741065979004e-01
6.943608522415161133e-01
6.881092786788940430e-01
6.984348297119140625e-01
6.910296082496643066e-01
6.902115345001220703e-01
6.928129196166992188e-01
6.911796927452087402e-01
6.941548585891723633e-01
6.938438415527343750e-01
6.933371424674987793e-01
6.920883655548095703e-01
6.887325644493103027e-01
6.963163018226623535e-01
6.904872059822082520e-01
6.935507059097290039e-01
6.880642175674438477e-01
6.950520277023315430e-01
6.971685886383056641e-01
6.903424859046936035e-01
6.943700313568115234e-01
6.936638355255126953e-01
6.914782524108886719e-01
6.957374215126037598e-01
6.936817169189453125e-01
7.005718946456909180e-01
6.929584741592407227e-01
6.900917291641235352e-01
6.939759254455566406e-01
6.990022659301757812e-01
6.906493306159973145e-01
6.938053965568542480e-01
6.958955526351928711e-01
6.961826682090759277e-01
6.937044858932495117e-01
6.932215094566345215e-01
6.925685405731201172e-01
6.908547878265380859e-01
6.919010877609252930e-01
6.894791126251220703e-01
6.889873147010803223e-01
6.942393779754638672e-01
6.939574480056762695e-01
6.947469711303710938e-01
6.954253911972045898e-01
6.940134167671203613e-01
6.940876245498657227e-01
6.907522082328796387e-01
6.967061161994934082e-01
6.926535367965698242e-01
6.943616271018981934e-01
6.943770051002502441e-01
6.934474706649780273e-01
6.959879994392395020e-01
6.975460052490234375e-01
6.916651725769042969e-01
6.888241767883300781e-01
6.933274865150451660e-01
6.933764815330505371e-01
6.958029866218566895e-01
6.905081868171691895e-01
6.925405263900756836e-01
6.948518157005310059e-01
6.950105428695678711e-01
6.903061270713806152e-01
6.884162425994873047e-01
6.913596987724304199e-01
6.949465274810791016e-01
6.932975053787231445e-01
6.915650963783264160e-01
6.993775367736816406e-01
6.880421638488769531e-01
6.926054954528808594e-01
6.957433819770812988e-01
6.937751770019531250e-01
6.935301423072814941e-01
6.901490688323974609e-01
6.930102705955505371e-01
6.953518390655517578e-01
7.000783681869506836e-01
6.962850689888000488e-01
6.996054649353027344e-01
6.945567727088928223e-01
6.879682540893554688e-01
6.920842528343200684e-01
6.952729225158691406e-01
6.932389140129089355e-01
6.888340115547180176e-01
6.949932575225830078e-01
6.933475732803344727e-01
6.921789646148681641e-01
6.951032876968383789e-01
6.951591968536376953e-01
6.894075870513916016e-01
6.911935210227966309e-01
6.956654787063598633e-01
6.921907067298889160e-01
6.940245032310485840e-01
6.942606568336486816e-01
6.953157186508178711e-01
6.989232897758483887e-01
6.907434463500976562e-01
6.894460916519165039e-01
6.940919756889343262e-01
6.909747719764709473e-01
6.925377845764160156e-01
6.947785615921020508e-01
6.954421997070312500e-01
6.926335692405700684e-01
6.937154531478881836e-01
6.947595477104187012e-01
6.915578246116638184e-01
6.880288124084472656e-01
6.945748925209045410e-01
6.924757361412048340e-01
6.929156780242919922e-01
6.922783851623535156e-01
6.989129185676574707e-01
6.940001249313354492e-01
6.948282718658447266e-01
6.970409750938415527e-01
6.924414634704589844e-01
6.975139975547790527e-01
6.909430027008056641e-01
6.939947605133056641e-01
6.941819190979003906e-01
6.942147016525268555e-01
6.911672353744506836e-01
6.954773068428039551e-01
6.886975169181823730e-01
6.907088756561279297e-01
6.940968036651611328e-01
6.924771070480346680e-01
6.938221454620361328e-01
6.938397884368896484e-01
6.925604343414306641e-01
6.948571205139160156e-01
6.913061141967773438e-01
6.944974660873413086e-01
6.892532110214233398e-01
6.911679506301879883e-01
6.932997107505798340e-01
6.901454329490661621e-01
6.895785331726074219e-01
6.929415464401245117e-01
6.942024230957031250e-01
6.878288388252258301e-01
6.984559893608093262e-01
6.911875009536743164e-01
6.903848648071289062e-01
6.930216550827026367e-01
6.911807060241699219e-01
6.940774917602539062e-01
6.938366293907165527e-01
6.932657957077026367e-01
6.919572949409484863e-01
6.886996626853942871e-01
6.965180039405822754e-01
6.907418966293334961e-01
6.937561035156250000e-01
6.876570582389831543e-01
6.949899196624755859e-01
6.970935463905334473e-01
6.905496716499328613e-01
6.944634914398193359e-01
6.936267614364624023e-01
6.915160417556762695e-01
6.956592202186584473e-01
6.939833760261535645e-01
7.006910443305969238e-01
6.930520534515380859e-01
6.899079084396362305e-01
6.940454244613647461e-01
6.989406943321228027e-01
6.905239224433898926e-01
6.939599514007568359e-01
6.961438655853271484e-01
6.962023973464965820e-01
6.939750909805297852e-01
6.932860612869262695e-01
6.926769614219665527e-01
6.906490325927734375e-01
6.919817924499511719e-01
6.893031597137451172e-01
6.892139315605163574e-01
6.944669485092163086e-01
6.939870119094848633e-01
6.945934891700744629e-01
6.956970095634460449e-01
6.939158439636230469e-01
6.939322948455810547e-01
6.909385919570922852e-01
6.967887282371520996e-01
6.925832033157348633e-01
6.942757964134216309e-01
6.943157315254211426e-01
6.934835314750671387e-01
6.958717107772827148e-01
6.974956393241882324e-01
6.915811896324157715e-01
6.888462901115417480e-01
6.933934688568115234e-01
6.932196021080017090e-01
6.958673596382141113e-01
6.906384229660034180e-01
6.923900246620178223e-01
6.948606967926025391e-01
6.951448917388916016e-01
6.902893781661987305e-01
6.880530714988708496e-01
6.913843154907226562e-01
6.949038505554199219e-01
6.933417916297912598e-01
6.911036968231201172e-01
6.996843814849853516e-01
6.880818605422973633e-01
6.927353143692016602e-01
6.956495046615600586e-01
6.941277384757995605e-01
6.935024857521057129e-01
6.900506615638732910e-01
6.931746006011962891e-01
6.952182650566101074e-01
7.002105116844177246e-01
6.962612271308898926e-01
6.993785500526428223e-01
6.947928071022033691e-01
6.879242658615112305e-01
6.920080184936523438e-01
6.951624155044555664e-01
6.930519342422485352e-01
6.887297034263610840e-01
6.950036287307739258e-01
6.936794519424438477e-01
6.920715570449829102e-01
6.950253844261169434e-01
6.952885985374450684e-01
6.895560622215270996e-01
6.911514997482299805e-01
6.954355835914611816e-01
6.924633979797363281e-01
6.939123868942260742e-01
6.942061185836791992e-01
6.954348087310791016e-01
6.988238096237182617e-01
6.907246708869934082e-01
6.893514394760131836e-01
6.940755248069763184e-01
6.910877227783203125e-01
6.925629973411560059e-01
6.948738694190979004e-01
6.954257488250732422e-01
6.926481127738952637e-01
6.935915350914001465e-01
6.950074434280395508e-01
6.914904117584228516e-01
6.879435181617736816e-01
6.946361660957336426e-01
6.923215389251708984e-01
