7.443950635847018660e-01
6.984737283775378502e-01
6.979778714038606946e-01
6.974939114451572664e-01
6.972316433413063841e-01
6.972598083472442143e-01
6.972128484376612922e-01
6.969139774148650490e-01
6.965523745710305858e-01
6.968472765166716654e-01
6.965125479138837283e-01
6.965372207513519376e-01
6.961609459542648093e-01
6.966641187644003752e-01
6.959315006645140356e-01
6.964885905675969324e-01
6.952539235342293233e-01
6.954815816711182874e-01
6.955090895596526268e-01
6.952027368850716149e-01
6.948412627577051914e-01
6.950317292324426077e-01
6.951657477928795403e-01
6.954411368864310550e-01
6.951015684815591289e-01
6.946978017852831755e-01
6.952067115443412160e-01
6.948248454086685122e-01
