7.441089828046143495e-01
6.984090210273893318e-01
6.982038676993554960e-01
6.978561429295642160e-01
6.974536169081640979e-01
6.976496949160455596e-01
6.974324049042202045e-01
6.978225758747534924e-01
6.977086776751136865e-01
6.970311264779681659e-01
6.963734711649155473e-01
6.963368526902591338e-01
6.964969984540141379e-01
6.961419749308825899e-01
6.961251010986926335e-01
6.962980030789941432e-01
6.954655457983649480e-01
6.958157270472480338e-01
6.957942569755626305e-01
6.949810042134278998e-01
6.951490873297905271e-01
6.950142154613373480e-01
6.949995295140543039e-01
6.953081776387733948e-01
6.941067715454597442e-01
