7.446021600980670119e-01
6.990463373473222441e-01
6.985554102167563784e-01
6.979870474911644695e-01
6.976098136492480117e-01
6.977212949318779556e-01
6.972550166696633855e-01
6.974913789339699521e-01
6.971753783567437024e-01
6.973574564049770386e-01
6.973553056189285559e-01
6.966549837084697883e-01
6.967230568591015194e-01
6.962387432035539447e-01
6.966904403731275508e-01
6.959728927113878472e-01
6.961554177668890508e-01
6.955556342186262064e-01
6.954183899231822785e-01
6.953829091538035190e-01
6.954039491105995507e-01
6.958828690055072208e-01
6.951064677184103369e-01
6.948862429150831632e-01
6.951459468479481707e-01
