7.440545248031615877e-01
6.993112123489380050e-01
6.982148131370544686e-01
6.976844841003417841e-01
6.976061477661132937e-01
6.970891057014465542e-01
6.972162940979004242e-01
6.970540756225586110e-01
6.968302790641784927e-01
6.966274849891662679e-01
6.969661635398864963e-01
6.961804446220397624e-01
6.968058067321777349e-01
6.961818835258484217e-01
6.958197862625121743e-01
6.956658132553100726e-01
6.954916181564331223e-01
6.952296645164489641e-01
6.955084196090698390e-01
6.953401988029479508e-01
6.954924349784851190e-01
6.943877817153930598e-01
