7.446801782059679908e-01
6.987802442075217169e-01
6.985053717873984658e-01
6.976549273392698147e-01
6.976258444495193611e-01
6.973433584647642514e-01
6.970943550088500862e-01
6.972771545967973994e-01
6.965692032098490527e-01
6.969039918687982560e-01
6.967807362182679709e-01
6.970036747309621417e-01
6.965360396602587878e-01
6.961774536721625495e-01
6.957066044538848804e-01
6.954237212940806989e-01
6.953438050228523126e-01
6.952731678606811627e-01
6.952009568357709890e-01
6.949208642697971561e-01
6.949340495313029997e-01
