7.143727191305360158e-01
6.994292969038946595e-01
6.993217389119673610e-01
6.991782282712433183e-01
6.991945112665616247e-01
6.988369796335043294e-01
6.988670148966672491e-01
6.989026663213906421e-01
6.987568653685775066e-01
6.988146213544106367e-01
6.988317169184422584e-01
6.989880863921446030e-01
6.986137664408388348e-01
6.985945923780989553e-01
6.990994819268789850e-01
6.984356001614421272e-01
6.985060015888004958e-01
6.987695406474436766e-01
6.983258638364910897e-01
6.984019248559297788e-01
6.978579201296915002e-01
6.986075987183792968e-01
6.980752738783569944e-01
6.977350791247685091e-01
6.987002564387344572e-01
6.978288164552818307e-01
6.974970820236272573e-01
6.976973885667184794e-01
6.977036503923633726e-01
6.973910166274345235e-01
6.977263010574307200e-01
6.975803134524765081e-01
6.973078366759336566e-01
6.976291896247897029e-01
6.971287761659287208e-01
6.978823953847437256e-01
6.972160097816508806e-01
6.968579625778786868e-01
6.968937891060544843e-01
6.965707470787808608e-01
6.971955818576679453e-01
6.975401622637673604e-01
6.968599197542599821e-01
6.970426941466941750e-01
6.969707988688920164e-01
6.968673174627250111e-01
6.963288242356348023e-01
