7.149841701386258075e-01
6.991255076313803718e-01
6.989221469816969678e-01
6.988921873557388809e-01
6.995182767960812509e-01
6.997667249031265246e-01
6.989636513265288231e-01
6.989428015937715344e-01
6.989456700928202704e-01
6.987944152486983418e-01
6.985402033178146342e-01
6.985792103369607986e-01
6.984259102811765096e-01
6.987630294654938456e-01
6.985948656766980402e-01
6.986033856092374039e-01
6.983678816896655706e-01
6.986237322453537901e-01
6.983723589448845859e-01
6.984156767124920506e-01
6.983085824190407020e-01
6.984024609281747065e-01
6.984881265598129607e-01
6.984680697391556503e-01
6.981990695202355823e-01
6.984584291501833020e-01
6.984508182946501664e-01
6.986755297247709828e-01
6.983592104096988384e-01
6.987537488796945473e-01
6.980295795053687025e-01
6.978984469026174864e-01
6.985185252654230181e-01
6.979506170202182114e-01
6.978530831901922360e-01
6.977269360088027561e-01
6.977780639608190949e-01
6.976101587881412547e-01
6.970691244844621215e-01
6.976501585653464010e-01
6.975045140667162080e-01
6.972613190066180300e-01
