7.145634409281523824e-01
6.990754696848321403e-01
6.990738078300265945e-01
6.990150184854155846e-01
6.991052960404133820e-01
6.993060477921574369e-01
6.988300829607980713e-01
6.986866297639964252e-01
6.993291122996392328e-01
6.989148381608805138e-01
6.995715793035827135e-01
6.990121001928918387e-01
6.987143683372137870e-01
6.982021522169103989e-01
6.984127937544851727e-01
6.984487026538690468e-01
6.989667477043018939e-01
6.985783709395262386e-01
6.985384873719319154e-01
6.980260262212388822e-01
6.979661668839194366e-01
6.978962479175581102e-01
6.980674425367504599e-01
6.980485815865274946e-01
6.978999966978892688e-01
6.977811706281011883e-01
6.979677911332143880e-01
6.975320404599751889e-01
6.976083551810060568e-01
6.975367891183182900e-01
6.975130580145674219e-01
6.974361418914776234e-01
6.970955081342348203e-01
