7.148518919944762962e-01
6.991592495918274031e-01
6.987546010017394726e-01
6.989650087356567010e-01
6.990216520309447956e-01
6.990176717758178615e-01
6.991185835838318319e-01
6.986659355163574725e-01
6.988810935974121286e-01
6.986983482360840103e-01
6.986527606010437541e-01
6.987259083747864308e-01
6.981707379341125508e-01
6.985819375991820790e-01
6.984685507774353042e-01
6.980594541549682841e-01
6.981512020111083627e-01
6.983155396461486752e-01
6.979182308197021678e-01
6.975013776779175334e-01
6.982503445625305449e-01
