7.147403583591820375e-01
6.990749480328013465e-01
6.988776130313745227e-01
6.990761163935141909e-01
6.989848554922659662e-01
6.987302300304099045e-01
6.986767807070376479e-01
6.982914291145462249e-01
6.983623525724341752e-01
6.989007609725436110e-01
6.992101737396630989e-01
6.982676362469183440e-01
6.985373144275072166e-01
6.986330759004043545e-01
6.977310289013114453e-01
6.984172374365487101e-01
6.975523877264264705e-01
6.981237926001298000e-01
6.976654153844261685e-01
6.979105642814720234e-01
6.975695787869369280e-01
6.975005172950606847e-01
6.973524171697065288e-01
6.974649916422623885e-01
