7.080267667770385742e-01
7.236152291297912598e-01
7.446310520172119141e-01
7.510073184967041016e-01
6.821942329406738281e-01
7.126310467720031738e-01
7.214381098747253418e-01
7.366192340850830078e-01
7.176157832145690918e-01
7.313698530197143555e-01
7.391241788864135742e-01
7.433041930198669434e-01
7.284036278724670410e-01
6.986128091812133789e-01
7.383154034614562988e-01
7.186362743377685547e-01
7.505210638046264648e-01
7.007074356079101562e-01
6.782294511795043945e-01
7.328852415084838867e-01
7.221158742904663086e-01
7.154812812805175781e-01
6.953026652336120605e-01
7.371273040771484375e-01
7.526879906654357910e-01
7.122846841812133789e-01
7.182447910308837891e-01
7.178993225097656250e-01
6.972641348838806152e-01
7.437182664871215820e-01
7.056337594985961914e-01
7.065268158912658691e-01
7.157645821571350098e-01
6.988467574119567871e-01
7.008420228958129883e-01
6.572357416152954102e-01
7.060333490371704102e-01
7.100514173507690430e-01
7.221288681030273438e-01
7.693125009536743164e-01
7.543495893478393555e-01
6.905530691146850586e-01
7.249076366424560547e-01
7.318459153175354004e-01
7.504289746284484863e-01
7.350746393203735352e-01
7.466979622840881348e-01
7.395107150077819824e-01
7.647648453712463379e-01
7.253273725509643555e-01
7.073276042938232422e-01
7.571723461151123047e-01
7.240133881568908691e-01
7.651476860046386719e-01
7.096167802810668945e-01
6.928645372390747070e-01
7.339001297950744629e-01
7.274585962295532227e-01
7.218338847160339355e-01
6.967027783393859863e-01
7.370177507400512695e-01
7.514510154724121094e-01
7.176790833473205566e-01
7.210495471954345703e-01
7.187263369560241699e-01
6.938279867172241211e-01
7.458767890930175781e-01
7.049505710601806641e-01
7.147021293640136719e-01
7.151322960853576660e-01
6.993523240089416504e-01
7.041874527931213379e-01
6.533517241477966309e-01
7.070069909095764160e-01
7.142321467399597168e-01
7.203682065010070801e-01
7.665176391601562500e-01
7.546527385711669922e-01
6.914198398590087891e-01
7.215983271598815918e-01
7.326182126998901367e-01
7.512432932853698730e-01
7.333810925483703613e-01
7.469030022621154785e-01
7.355284094810485840e-01
7.653523683547973633e-01
7.228094935417175293e-01
7.072971463203430176e-01
7.562543153762817383e-01
7.280762791633605957e-01
7.659274339675903320e-01
7.112308740615844727e-01
6.923439502716064453e-01
7.370339035987854004e-01
7.297611236572265625e-01
7.197284698486328125e-01
6.957836151123046875e-01
7.353553771972656250e-01
7.487662434577941895e-01
7.156569957733154297e-01
7.230626940727233887e-01
7.180036306381225586e-01
6.904714107513427734e-01
7.460256814956665039e-01
7.068660259246826172e-01
7.173486351966857910e-01
7.135858535766601562e-01
7.003712654113769531e-01
7.058866620063781738e-01
6.498074531555175781e-01
7.066150307655334473e-01
7.158122658729553223e-01
7.208190560340881348e-01
7.683817744255065918e-01
7.566601634025573730e-01
6.920615434646606445e-01
7.210894227027893066e-01
7.327982783317565918e-01
7.518883943557739258e-01
7.322397232055664062e-01
7.451553940773010254e-01
7.360360622406005859e-01
7.681052684783935547e-01
7.228480577468872070e-01
7.084040045738220215e-01
7.572796940803527832e-01
7.296953797340393066e-01
7.674447298049926758e-01
7.118200659751892090e-01
6.904603242874145508e-01
7.402537465095520020e-01
7.322363853454589844e-01
7.191006541252136230e-01
6.950782537460327148e-01
7.329555153846740723e-01
7.477198839187622070e-01
7.140705585479736328e-01
7.255252599716186523e-01
7.162400484085083008e-01
6.908748745918273926e-01
7.434810996055603027e-01
7.086589932441711426e-01
7.174482345581054688e-01
7.113434076309204102e-01
6.979105472564697266e-01
7.068139910697937012e-01
6.469656229019165039e-01
7.053148150444030762e-01
7.165814042091369629e-01
7.216278910636901855e-01
7.692263722419738770e-01
7.587714791297912598e-01
6.941119432449340820e-01
7.193859219551086426e-01
7.310284376144409180e-01
7.504872679710388184e-01
7.282348871231079102e-01
7.397831082344055176e-01
7.318599224090576172e-01
7.629663944244384766e-01
7.180439829826354980e-01
7.047451734542846680e-01
7.495721578598022461e-01
7.254210114479064941e-01
7.572913765907287598e-01
7.076208591461181641e-01
6.858668923377990723e-01
7.335574030876159668e-01
7.260513901710510254e-01
7.127782702445983887e-01
6.929132938385009766e-01
7.243947386741638184e-01
7.333005666732788086e-01
7.034277915954589844e-01
7.172153592109680176e-01
7.082365751266479492e-01
6.858807206153869629e-01
7.310087680816650391e-01
7.024294734001159668e-01
7.109132409095764160e-01
7.039476037025451660e-01
6.880930662155151367e-01
6.989049911499023438e-01
6.479014158248901367e-01
6.975738406181335449e-01
7.065384387969970703e-01
7.089875936508178711e-01
7.498978376388549805e-01
7.418830990791320801e-01
6.915929317474365234e-01
7.108453512191772461e-01
7.207667231559753418e-01
7.374544739723205566e-01
7.156654596328735352e-01
7.269278168678283691e-01
7.211954593658447266e-01
7.489752769470214844e-01
7.098209857940673828e-01
6.998741626739501953e-01
7.374000549316406250e-01
7.199259400367736816e-01
7.439299225807189941e-01
7.022302150726318359e-01
6.826714277267456055e-01
7.262999415397644043e-01
7.201693654060363770e-01
7.063645124435424805e-01
6.909998655319213867e-01
7.170470952987670898e-01
7.217349410057067871e-01
6.958024501800537109e-01
7.112483382225036621e-01
7.023937702178955078e-01
6.834352612495422363e-01
7.226899266242980957e-01
6.975134611129760742e-01
7.074070572853088379e-01
6.987031102180480957e-01
6.823226213455200195e-01
6.958016753196716309e-01
6.477320790290832520e-01
6.932454109191894531e-01
7.018442153930664062e-01
7.035261392593383789e-01
7.404118776321411133e-01
7.334066033363342285e-01
6.901627779006958008e-01
7.062473893165588379e-01
7.155727744102478027e-01
7.298951148986816406e-01
7.084230184555053711e-01
7.204800844192504883e-01
7.152412533760070801e-01
7.409001588821411133e-01
7.043295502662658691e-01
6.969227194786071777e-01
7.302758097648620605e-01
7.169094085693359375e-01
7.361291050910949707e-01
6.992779374122619629e-01
6.816780567169189453e-01
7.223333716392517090e-01
7.169003486633300781e-01
7.032704949378967285e-01
6.890041232109069824e-01
7.112334966659545898e-01
7.137742042541503906e-01
6.908882260322570801e-01
7.068133950233459473e-01
6.979261636734008789e-01
6.826506257057189941e-01
7.173100113868713379e-01
6.950439810752868652e-01
7.042216658592224121e-01
6.958209276199340820e-01
6.790721416473388672e-01
6.939893960952758789e-01
6.485219001770019531e-01
6.914685964584350586e-01
6.978165507316589355e-01
7.006458640098571777e-01
7.332054376602172852e-01
7.279330492019653320e-01
6.895532011985778809e-01
7.038513422012329102e-01
7.115707397460937500e-01
7.255241274833679199e-01
7.022116184234619141e-01
7.152090072631835938e-01
7.108348608016967773e-01
7.339593172073364258e-01
7.002360820770263672e-01
6.954026222229003906e-01
7.243082523345947266e-01
7.141708135604858398e-01
7.305372357368469238e-01
6.964542269706726074e-01
6.798425912857055664e-01
7.188774347305297852e-01
7.138915657997131348e-01
7.009907960891723633e-01
6.874300241470336914e-01
7.072585821151733398e-01
7.061269879341125488e-01
6.872543692588806152e-01
7.036731839179992676e-01
6.959805488586425781e-01
6.823745965957641602e-01
7.124079465866088867e-01
6.928037405014038086e-01
7.018264532089233398e-01
6.943737268447875977e-01
6.780483126640319824e-01
6.928479671478271484e-01
6.504671573638916016e-01
6.902170777320861816e-01
6.949594616889953613e-01
6.983551383018493652e-01
7.269061207771301270e-01
7.228628993034362793e-01
6.885024905204772949e-01
7.013921737670898438e-01
7.075358629226684570e-01
7.193622589111328125e-01
6.954931616783142090e-01
7.101804018020629883e-01
7.061009407043457031e-01
7.257910370826721191e-01
6.968129873275756836e-01
6.941372752189636230e-01
7.161597013473510742e-01
7.097151279449462891e-01
7.225562930107116699e-01
6.931182146072387695e-01
6.790165901184082031e-01
7.132074832916259766e-01
7.100260257720947266e-01
6.984605193138122559e-01
6.872159838676452637e-01
7.018533349037170410e-01
6.970627307891845703e-01
6.820982098579406738e-01
6.978881955146789551e-01
6.928464770317077637e-01
6.815155148506164551e-01
7.059041857719421387e-01
6.914240121841430664e-01
6.996227502822875977e-01
6.906635761260986328e-01
6.750952005386352539e-01
6.909935474395751953e-01
6.547932624816894531e-01
6.892149448394775391e-01
6.900616288185119629e-01
6.926071643829345703e-01
7.169635295867919922e-01
7.136654853820800781e-01
6.870651245117187500e-01
6.978334784507751465e-01
7.013821601867675781e-01
7.117521762847900391e-01
6.891426444053649902e-01
7.037118673324584961e-01
7.006645202636718750e-01
7.181523442268371582e-01
6.912230849266052246e-01
6.923852562904357910e-01
7.089384794235229492e-01
7.066690921783447266e-01
7.166994810104370117e-01
6.894553899765014648e-01
6.777687668800354004e-01
7.076863646507263184e-01
7.072206139564514160e-01
6.956759095191955566e-01
6.856924295425415039e-01
6.982216835021972656e-01
6.914748549461364746e-01
6.790901422500610352e-01
6.929151415824890137e-01
6.898570656776428223e-01
6.808539032936096191e-01
7.006366848945617676e-01
6.897439956665039062e-01
6.977861523628234863e-01
6.885250806808471680e-01
6.725731492042541504e-01
6.889052391052246094e-01
6.555080413818359375e-01
6.867740154266357422e-01
6.879614591598510742e-01
6.894029378890991211e-01
7.109133601188659668e-01
7.089468240737915039e-01
6.860563755035400391e-01
6.956191062927246094e-01
6.978295445442199707e-01
7.070831656455993652e-01
6.849428415298461914e-01
7.006633281707763672e-01
6.962052583694458008e-01
7.128768563270568848e-01
6.885166764259338379e-01
6.913006901741027832e-01
7.043259143829345703e-01
7.040878534317016602e-01
7.128856182098388672e-01
6.868664026260375977e-01
6.770000457763671875e-01
7.049394845962524414e-01
7.045196890830993652e-01
6.933970451354980469e-01
6.855596303939819336e-01
6.953971982002258301e-01
6.872604489326477051e-01
6.764876246452331543e-01
6.896156668663024902e-01
6.874246597290039062e-01
6.796962022781372070e-01
6.966168880462646484e-01
6.887980103492736816e-01
6.962129473686218262e-01
6.867212057113647461e-01
6.709491014480590820e-01
6.884056329727172852e-01
6.570822596549987793e-01
6.860887408256530762e-01
6.856752634048461914e-01
6.870357394218444824e-01
7.061432003974914551e-01
7.048650383949279785e-01
6.844921708106994629e-01
6.937330365180969238e-01
6.953577995300292969e-01
7.029930353164672852e-01
6.811316609382629395e-01
6.983146071434020996e-01
6.930351853370666504e-01
7.098941206932067871e-01
6.872715353965759277e-01
6.903423070907592773e-01
7.003322839736938477e-01
7.013258337974548340e-01
7.086337804794311523e-01
6.849293708801269531e-01
6.761950254440307617e-01
7.018340826034545898e-01
7.027910351753234863e-01
6.922341585159301758e-01
6.855169534683227539e-01
6.927497386932373047e-01
6.842241883277893066e-01
6.747869253158569336e-01
6.870073080062866211e-01
6.857579350471496582e-01
6.786852478981018066e-01
6.947871446609497070e-01
6.890240907669067383e-01
6.950087547302246094e-01
6.861468553543090820e-01
6.690793037414550781e-01
6.877971887588500977e-01
6.591267585754394531e-01
6.852807402610778809e-01
6.839222908020019531e-01
6.845958232879638672e-01
7.030697464942932129e-01
7.015355229377746582e-01
6.846453547477722168e-01
6.931974887847900391e-01
6.929213404655456543e-01
6.991445422172546387e-01
6.774951815605163574e-01
6.947727799415588379e-01
6.901230812072753906e-01
7.044972777366638184e-01
6.846756339073181152e-01
6.901676654815673828e-01
6.962568163871765137e-01
6.989229321479797363e-01
7.041766047477722168e-01
6.819188594818115234e-01
6.752079725265502930e-01
6.986860632896423340e-01
7.006317377090454102e-01
6.905105113983154297e-01
6.863776445388793945e-01
6.896593570709228516e-01
6.802226901054382324e-01
6.717860102653503418e-01
6.840230226516723633e-01
6.841332912445068359e-01
6.777918934822082520e-01
6.912641525268554688e-01
6.880100369453430176e-01
6.940671801567077637e-01
6.849510669708251953e-01
6.670330762863159180e-01
6.852706074714660645e-01
6.623972654342651367e-01
6.846030950546264648e-01
6.807619333267211914e-01
6.809808015823364258e-01
6.963350772857666016e-01
6.958445310592651367e-01
6.825408339500427246e-01
6.904139518737792969e-01
6.892598867416381836e-01
6.937408447265625000e-01
6.730008125305175781e-01
6.910665631294250488e-01
6.852891445159912109e-01
7.002379298210144043e-01
6.819688081741333008e-01
6.874057054519653320e-01
6.919162869453430176e-01
6.952132582664489746e-01
7.000603079795837402e-01
6.786529421806335449e-01
6.737478971481323242e-01
6.944530606269836426e-01
6.976845860481262207e-01
6.876538991928100586e-01
6.849493384361267090e-01
6.868427395820617676e-01
6.770421266555786133e-01
6.697800159454345703e-01
6.812394857406616211e-01
6.809487342834472656e-01
6.756657361984252930e-01
6.879751086235046387e-01
6.862254142761230469e-01
6.916285753250122070e-01
6.825801134109497070e-01
6.642808318138122559e-01
6.837338209152221680e-01
6.622444391250610352e-01
6.824387311935424805e-01
6.780912876129150391e-01
6.783294081687927246e-01
6.922020912170410156e-01
6.927977204322814941e-01
6.806845068931579590e-01
6.889647245407104492e-01
6.867903470993041992e-01
6.906493902206420898e-01
6.704615354537963867e-01
6.882839798927307129e-01
6.819859743118286133e-01
6.959441900253295898e-01
6.798289418220520020e-01
6.860533952713012695e-01
6.881726980209350586e-01
6.933443546295166016e-01
6.968571543693542480e-01
6.761891841888427734e-01
6.723968982696533203e-01
6.915971636772155762e-01
6.959513425827026367e-01
6.853018403053283691e-01
6.835305690765380859e-01
6.842464208602905273e-01
6.749452352523803711e-01
6.674463152885437012e-01
6.786472797393798828e-01
6.793135404586791992e-01
6.741219758987426758e-01
6.852636337280273438e-01
6.852545142173767090e-01
6.894066929817199707e-01
6.812933087348937988e-01
6.621679663658142090e-01
6.818728446960449219e-01
6.624323129653930664e-01
6.815198659896850586e-01
6.759110689163208008e-01
6.768651604652404785e-01
6.891947984695434570e-01
6.899108290672302246e-01
6.792595386505126953e-01
6.868674159049987793e-01
6.840500235557556152e-01
6.878717541694641113e-01
6.678919196128845215e-01
6.858626604080200195e-01
6.792306900024414062e-01
6.935701966285705566e-01
6.778222322463989258e-01
6.842734813690185547e-01
6.853631734848022461e-01
6.913682818412780762e-01
6.948527693748474121e-01
6.743920445442199707e-01
6.710319519042968750e-01
6.892118453979492188e-01
6.943635344505310059e-01
6.832612156867980957e-01
6.827216148376464844e-01
6.825429201126098633e-01
6.728430390357971191e-01
6.664053201675415039e-01
6.760419607162475586e-01
6.771401166915893555e-01
6.726019978523254395e-01
6.831498742103576660e-01
6.838107109069824219e-01
6.877194046974182129e-01
6.801160573959350586e-01
6.602804064750671387e-01
6.799732446670532227e-01
6.623436212539672852e-01
6.798587441444396973e-01
6.744847893714904785e-01
6.754492521286010742e-01
6.871367096900939941e-01
6.879274845123291016e-01
6.771721243858337402e-01
6.846476793289184570e-01
6.828942298889160156e-01
6.848734021186828613e-01
6.655417084693908691e-01
6.835617423057556152e-01
6.765483617782592773e-01
6.898904442787170410e-01
6.763238310813903809e-01
6.827733516693115234e-01
6.828209757804870605e-01
6.893068552017211914e-01
6.922191381454467773e-01
6.718298196792602539e-01
6.699243783950805664e-01
6.863836646080017090e-01
6.926233768463134766e-01
6.818352341651916504e-01
6.818411946296691895e-01
6.800040006637573242e-01
6.700783371925354004e-01
6.649492979049682617e-01
6.741576790809631348e-01
6.743852496147155762e-01
6.712530851364135742e-01
6.811797618865966797e-01
6.835877299308776855e-01
6.857902407646179199e-01
6.791498064994812012e-01
6.588081121444702148e-01
6.778217554092407227e-01
6.624932885169982910e-01
6.785600185394287109e-01
6.716948151588439941e-01
6.727113723754882812e-01
6.839410662651062012e-01
6.844471693038940430e-01
6.756246089935302734e-01
6.821287870407104492e-01
6.803981065750122070e-01
6.822001934051513672e-01
6.626448035240173340e-01
6.809223890304565430e-01
6.729906797409057617e-01
6.866043210029602051e-01
6.739266514778137207e-01
6.807505488395690918e-01
6.789848208427429199e-01
6.872829794883728027e-01
6.895128488540649414e-01
6.688055992126464844e-01
6.680748462677001953e-01
6.836298108100891113e-01
6.903970241546630859e-01
6.797151565551757812e-01
6.805016398429870605e-01
6.773568987846374512e-01
6.673995256423950195e-01
6.628761887550354004e-01
6.720948219299316406e-01
6.721692085266113281e-01
6.697549819946289062e-01
6.790099143981933594e-01
6.821417808532714844e-01
6.840684413909912109e-01
6.772873997688293457e-01
6.560514569282531738e-01
6.756905913352966309e-01
6.613551378250122070e-01
6.757757067680358887e-01
6.697337031364440918e-01
6.702247262001037598e-01
6.819573640823364258e-01
6.822267174720764160e-01
6.733152270317077637e-01
6.797338128089904785e-01
6.791681647300720215e-01
6.794458627700805664e-01
6.600695848464965820e-01
6.786604523658752441e-01
6.701629757881164551e-01
6.832898855209350586e-01
6.722995042800903320e-01
6.790332198143005371e-01
6.763941645622253418e-01
6.854934692382812500e-01
6.873110532760620117e-01
6.667175292968750000e-01
6.663473844528198242e-01
6.813719272613525391e-01
6.879240870475769043e-01
6.773267984390258789e-01
6.788977384567260742e-01
6.749408841133117676e-01
6.652951240539550781e-01
6.609681248664855957e-01
6.702455282211303711e-01
6.703031063079833984e-01
6.685194969177246094e-01
6.773015260696411133e-01
6.813903450965881348e-01
6.822900772094726562e-01
6.754039525985717773e-01
6.545543074607849121e-01
6.739455461502075195e-01
6.605997085571289062e-01
6.747226119041442871e-01
6.678503751754760742e-01
6.683862209320068359e-01
6.797788143157958984e-01
6.799898147583007812e-01
6.711298823356628418e-01
6.773030161857604980e-01
6.772872209548950195e-01
6.778171658515930176e-01
6.585254669189453125e-01
6.763602495193481445e-01
6.675486564636230469e-01
6.807547211647033691e-01
6.710569262504577637e-01
6.776372790336608887e-01
6.737765669822692871e-01
6.834732294082641602e-01
6.847894191741943359e-01
6.642141342163085938e-01
6.647816896438598633e-01
6.790816783905029297e-01
6.859981417655944824e-01
6.761616468429565430e-01
6.777192950248718262e-01
6.726387739181518555e-01
6.637728810310363770e-01
6.595117449760437012e-01
6.686825752258300781e-01
6.691766977310180664e-01
6.673288941383361816e-01
6.752220392227172852e-01
6.805511713027954102e-01
6.802913546562194824e-01
6.739647984504699707e-01
6.522231101989746094e-01
6.730840206146240234e-01
6.593298316001892090e-01
6.725222468376159668e-01
6.660344600677490234e-01
6.668141484260559082e-01
6.777207255363464355e-01
6.783157587051391602e-01
6.699993610382080078e-01
6.758955717086791992e-01
6.755725741386413574e-01
6.755071878433227539e-01
6.567319631576538086e-01
6.745138168334960938e-01
6.650438308715820312e-01
6.789073944091796875e-01
6.692205667495727539e-01
6.760711073875427246e-01
6.716615557670593262e-01
6.808751821517944336e-01
6.833213567733764648e-01
6.623666286468505859e-01
6.632211208343505859e-01
6.763259172439575195e-01
6.844478249549865723e-01
6.753588318824768066e-01
6.760255098342895508e-01
6.713450551033020020e-01
6.617124080657958984e-01
6.576527357101440430e-01
6.667434573173522949e-01
6.680016517639160156e-01
6.662710905075073242e-01
6.738759279251098633e-01
6.794437170028686523e-01
6.784753203392028809e-01
6.724147796630859375e-01
6.508952975273132324e-01
6.710393428802490234e-01
6.585645675659179688e-01
6.716889142990112305e-01
