7.261763215065002441e-01
7.901177406311035156e-01
8.152565360069274902e-01
7.843427658081054688e-01
7.293742895126342773e-01
7.149915695190429688e-01
7.294350862503051758e-01
7.604194283485412598e-01
7.608978152275085449e-01
7.636820673942565918e-01
7.654862403869628906e-01
7.353649139404296875e-01
7.580618858337402344e-01
7.072373032569885254e-01
7.713174819946289062e-01
7.419900894165039062e-01
7.845565676689147949e-01
7.142431139945983887e-01
7.239243388175964355e-01
7.369602918624877930e-01
7.205064892768859863e-01
7.278780937194824219e-01
7.143802046775817871e-01
7.428873181343078613e-01
7.495677471160888672e-01
7.451734542846679688e-01
7.318522930145263672e-01
7.375927567481994629e-01
7.369829416275024414e-01
7.710500359535217285e-01
7.116252779960632324e-01
7.294322252273559570e-01
7.140698432922363281e-01
7.362966537475585938e-01
7.350249886512756348e-01
6.942377686500549316e-01
7.155808806419372559e-01
7.187637090682983398e-01
7.638829946517944336e-01
7.792729139328002930e-01
7.504935860633850098e-01
7.167086005210876465e-01
7.065734863281250000e-01
7.158577442169189453e-01
7.535759210586547852e-01
7.442606091499328613e-01
7.576828002929687500e-01
7.542827129364013672e-01
7.416313886642456055e-01
7.462465763092041016e-01
7.036986351013183594e-01
7.524216175079345703e-01
7.314930558204650879e-01
7.632425427436828613e-01
7.100305557250976562e-01
7.217446565628051758e-01
7.342516779899597168e-01
7.149381637573242188e-01
7.302870750427246094e-01
7.026436924934387207e-01
7.288737297058105469e-01
7.416237592697143555e-01
7.443649768829345703e-01
7.262724637985229492e-01
7.337110638618469238e-01
7.350554466247558594e-01
7.596821188926696777e-01
7.014670968055725098e-01
7.276792526245117188e-01
7.109749317169189453e-01
7.284042239189147949e-01
7.341758012771606445e-01
6.918484568595886230e-01
7.115443944931030273e-01
7.143442630767822266e-01
7.610860466957092285e-01
7.679879069328308105e-01
7.484656572341918945e-01
7.105286121368408203e-01
7.011054754257202148e-01
7.109358906745910645e-01
7.510958909988403320e-01
7.403442859649658203e-01
7.512179017066955566e-01
7.480995655059814453e-01
7.435694336891174316e-01
7.405212521553039551e-01
7.058434486389160156e-01
7.503058910369873047e-01
7.281280755996704102e-01
7.570930123329162598e-01
7.083834409713745117e-01
7.217813134193420410e-01
7.328450679779052734e-01
7.137288451194763184e-01
7.279705405235290527e-01
6.992458105087280273e-01
7.256574630737304688e-01
7.393906116485595703e-01
7.412834167480468750e-01
7.239308357238769531e-01
7.329196333885192871e-01
7.346907854080200195e-01
7.568104267120361328e-01
6.978698372840881348e-01
7.266272306442260742e-01
7.096298336982727051e-01
7.270239591598510742e-01
7.334257960319519043e-01
6.885892748832702637e-01
7.115556001663208008e-01
7.137562036514282227e-01
7.596567869186401367e-01
7.663848400115966797e-01
7.504085302352905273e-01
7.083812952041625977e-01
6.996732950210571289e-01
7.104297876358032227e-01
7.486774325370788574e-01
7.401913404464721680e-01
7.504180669784545898e-01
7.479377985000610352e-01
7.430484294891357422e-01
7.407668828964233398e-01
7.089903354644775391e-01
7.509691715240478516e-01
7.266644239425659180e-01
7.550987005233764648e-01
7.074660062789916992e-01
7.220504283905029297e-01
7.335596084594726562e-01
7.152650952339172363e-01
7.286823391914367676e-01
7.003310918807983398e-01
7.245203256607055664e-01
7.398374676704406738e-01
7.410205602645874023e-01
7.234594225883483887e-01
7.330367565155029297e-01
7.349925637245178223e-01
7.556746602058410645e-01
6.947026848793029785e-01
7.274551987648010254e-01
7.103319764137268066e-01
7.278476357460021973e-01
7.336335182189941406e-01
6.877005100250244141e-01
7.133540511131286621e-01
7.141703367233276367e-01
7.582712173461914062e-01
7.664942741394042969e-01
7.507367134094238281e-01
7.058678269386291504e-01
6.998522877693176270e-01
7.078976631164550781e-01
7.439106702804565430e-01
7.378851175308227539e-01
7.464082241058349609e-01
7.434076070785522461e-01
7.393797039985656738e-01
7.372626066207885742e-01
7.086480259895324707e-01
7.448062300682067871e-01
7.205791473388671875e-01
7.447593212127685547e-01
7.033820152282714844e-01
7.180629968643188477e-01
7.255819439888000488e-01
7.101313471794128418e-01
7.206855416297912598e-01
6.966097354888916016e-01
7.145073413848876953e-01
7.289063930511474609e-01
7.294258475303649902e-01
7.126420140266418457e-01
7.247861027717590332e-01
7.264675498008728027e-01
7.410959601402282715e-01
6.883474588394165039e-01
7.188408970832824707e-01
7.057420611381530762e-01
7.178764343261718750e-01
7.246486544609069824e-01
6.856039762496948242e-01
7.073489427566528320e-01
7.047497034072875977e-01
7.405781745910644531e-01
7.459112405776977539e-01
7.364014387130737305e-01
6.957210302352905273e-01
6.939179897308349609e-01
6.951485276222229004e-01
7.271600961685180664e-01
7.258467078208923340e-01
7.322807312011718750e-01
7.284331917762756348e-01
7.280868291854858398e-01
7.256776690483093262e-01
7.038252949714660645e-01
7.328159213066101074e-01
7.092767953872680664e-01
7.309257984161376953e-01
6.968232989311218262e-01
7.121225595474243164e-01
7.172391414642333984e-01
7.025113105773925781e-01
7.142930030822753906e-01
6.921486854553222656e-01
7.062485218048095703e-01
7.205590605735778809e-01
7.191340923309326172e-01
7.048982381820678711e-01
7.179622054100036621e-01
7.199607491493225098e-01
7.314264178276062012e-01
6.830863356590270996e-01
7.134055495262145996e-01
7.020021677017211914e-01
7.124429345130920410e-01
7.182773351669311523e-01
6.844967603683471680e-01
7.034599781036376953e-01
7.015278935432434082e-01
7.301276326179504395e-01
7.354751825332641602e-01
7.298223376274108887e-01
6.912599205970764160e-01
6.903514862060546875e-01
6.883865594863891602e-01
7.181453704833984375e-01
7.205595970153808594e-01
7.251090407371520996e-01
7.206150293350219727e-01
7.221101522445678711e-01
7.195263504981994629e-01
7.020992040634155273e-01
7.262920141220092773e-01
7.028923034667968750e-01
7.224496603012084961e-01
6.921038031578063965e-01
7.085494399070739746e-01
7.120378017425537109e-01
6.988482475280761719e-01
7.099900245666503906e-01
6.890065670013427734e-01
7.002838850021362305e-01
7.156020998954772949e-01
7.120791077613830566e-01
7.008401155471801758e-01
7.131558060646057129e-01
7.154761552810668945e-01
7.252525687217712402e-01
6.799448728561401367e-01
7.100952863693237305e-01
6.999765038490295410e-01
7.080448269844055176e-01
7.154350280761718750e-01
6.850252747535705566e-01
7.006344199180603027e-01
6.990929245948791504e-01
7.210195064544677734e-01
7.260723114013671875e-01
7.236551046371459961e-01
6.882727146148681641e-01
6.881717443466186523e-01
6.836780309677124023e-01
7.114223837852478027e-01
7.152909040451049805e-01
7.201564311981201172e-01
7.152982950210571289e-01
7.176201939582824707e-01
7.146589756011962891e-01
7.012646794319152832e-01
7.208589315414428711e-01
6.983718872070312500e-01
7.162606716156005859e-01
6.884926557540893555e-01
7.064755558967590332e-01
7.073865532875061035e-01
6.947236657142639160e-01
7.071049213409423828e-01
6.876185536384582520e-01
6.956076622009277344e-01
7.116283774375915527e-01
7.063078880310058594e-01
6.975448131561279297e-01
7.091043591499328613e-01
7.120721340179443359e-01
7.197149991989135742e-01
6.771462559700012207e-01
7.080996036529541016e-01
6.986544132232666016e-01
7.039982080459594727e-01
7.135788202285766602e-01
6.851919293403625488e-01
6.995483040809631348e-01
6.969382166862487793e-01
7.134506106376647949e-01
7.191171646118164062e-01
7.186492681503295898e-01
6.864853501319885254e-01
6.866217255592346191e-01
6.788972020149230957e-01
7.051666975021362305e-01
7.122082710266113281e-01
7.146465778350830078e-01
7.102978825569152832e-01
7.141575813293457031e-01
7.095900177955627441e-01
7.013633251190185547e-01
7.144308090209960938e-01
6.940165162086486816e-01
7.104052901268005371e-01
6.864019036293029785e-01
7.048004269599914551e-01
7.024866938591003418e-01
6.914694309234619141e-01
7.029948830604553223e-01
6.860780715942382812e-01
6.896491646766662598e-01
7.050060033798217773e-01
6.985772848129272461e-01
6.931878328323364258e-01
7.043310403823852539e-01
7.069184184074401855e-01
7.119830846786499023e-01
6.741643548011779785e-01
7.046027183532714844e-01
6.970583796501159668e-01
6.988812088966369629e-01
7.107589244842529297e-01
6.862026453018188477e-01
6.976926922798156738e-01
6.930152177810668945e-01
7.029842734336853027e-01
7.088268995285034180e-01
7.116931676864624023e-01
6.832677125930786133e-01
6.836776733398437500e-01
6.726183891296386719e-01
6.970849633216857910e-01
7.059257626533508301e-01
7.067959904670715332e-01
7.034392952919006348e-01
7.081139087677001953e-01
7.029951810836791992e-01
6.988327503204345703e-01
7.076534628868103027e-01
6.884224414825439453e-01
7.016276717185974121e-01
6.833153367042541504e-01
7.014846801757812500e-01
6.969862580299377441e-01
6.872441172599792480e-01
7.003659009933471680e-01
6.839643120765686035e-01
6.837571263313293457e-01
7.004795074462890625e-01
6.926354765892028809e-01
6.886862516403198242e-01
6.998660564422607422e-01
7.037935256958007812e-01
7.059296369552612305e-01
6.708208322525024414e-01
7.010797858238220215e-01
6.959893703460693359e-01
6.949009895324707031e-01
7.073438167572021484e-01
6.860345602035522461e-01
6.946712136268615723e-01
6.912054419517517090e-01
6.960594058036804199e-01
7.026290297508239746e-01
7.062491178512573242e-01
6.810523271560668945e-01
6.828819513320922852e-01
6.682698726654052734e-01
6.924846172332763672e-01
7.025331854820251465e-01
7.027509808540344238e-01
6.991630196571350098e-01
7.050603032112121582e-01
6.989419460296630859e-01
6.979118585586547852e-01
7.024025321006774902e-01
6.848102211952209473e-01
6.965795159339904785e-01
6.809269189834594727e-01
6.991310119628906250e-01
6.934261322021484375e-01
6.851642131805419922e-01
6.979246139526367188e-01
6.825649738311767578e-01
6.798040866851806641e-01
6.962904334068298340e-01
6.884201765060424805e-01
6.858205199241638184e-01
6.954427361488342285e-01
7.008455991744995117e-01
7.021662592887878418e-01
6.690468788146972656e-01
6.989791393280029297e-01
6.937570571899414062e-01
6.911557912826538086e-01
7.053487300872802734e-01
6.866906285285949707e-01
6.929566860198974609e-01
6.904952526092529297e-01
6.904156208038330078e-01
6.981390118598937988e-01
7.025564312934875488e-01
6.794950962066650391e-01
6.814878582954406738e-01
6.648198962211608887e-01
6.876618862152099609e-01
7.006447315216064453e-01
6.991254091262817383e-01
6.955426335334777832e-01
7.025513648986816406e-01
6.958647966384887695e-01
6.964038610458374023e-01
6.988077163696289062e-01
6.832034587860107422e-01
6.925891637802124023e-01
6.782172322273254395e-01
6.974057555198669434e-01
6.901901364326477051e-01
6.822932958602905273e-01
6.963043212890625000e-01
6.814275979995727539e-01
6.766488552093505859e-01
6.937097907066345215e-01
6.836998462677001953e-01
6.834967136383056641e-01
6.931072473526000977e-01
6.981071233749389648e-01
6.995164752006530762e-01
6.668224334716796875e-01
6.967861652374267578e-01
6.931772232055664062e-01
6.873523592948913574e-01
7.040993571281433105e-01
6.865050792694091797e-01
6.917546987533569336e-01
6.898041367530822754e-01
6.859354376792907715e-01
6.944270730018615723e-01
6.997424960136413574e-01
6.787337064743041992e-01
6.798349618911743164e-01
6.623214483261108398e-01
6.841806173324584961e-01
6.993454694747924805e-01
6.957631707191467285e-01
6.924296617507934570e-01
7.001359462738037109e-01
6.925834417343139648e-01
6.967611908912658691e-01
6.957352161407470703e-01
6.811021566390991211e-01
6.891873478889465332e-01
6.763285398483276367e-01
6.947909593582153320e-01
6.865287423133850098e-01
6.809883713722229004e-01
6.938002705574035645e-01
6.808227300643920898e-01
6.733393073081970215e-01
6.896313428878784180e-01
6.803604364395141602e-01
6.804562807083129883e-01
6.889773607254028320e-01
6.952699422836303711e-01
6.945451498031616211e-01
6.657851934432983398e-01
6.953939795494079590e-01
6.931309700012207031e-01
6.830897331237792969e-01
7.012913823127746582e-01
6.865578293800354004e-01
6.898539066314697266e-01
6.870209574699401855e-01
6.796735525131225586e-01
6.873666048049926758e-01
6.945696473121643066e-01
6.752057075500488281e-01
6.774379611015319824e-01
6.571857929229736328e-01
6.785211563110351562e-01
6.946949362754821777e-01
6.902819871902465820e-01
6.861770749092102051e-01
6.960731744766235352e-01
6.881725192070007324e-01
6.936159133911132812e-01
6.903622150421142578e-01
6.759130954742431641e-01
6.843932271003723145e-01
6.716732978820800781e-01
6.915508508682250977e-01
6.818864345550537109e-01
6.775602698326110840e-01
6.909136772155761719e-01
6.782621145248413086e-01
6.692091226577758789e-01
6.849398612976074219e-01
6.747911572456359863e-01
6.759226918220520020e-01
6.847805976867675781e-01
6.915397644042968750e-01
6.900261044502258301e-01
6.628713607788085938e-01
6.925252676010131836e-01
6.911610364913940430e-01
6.783823966979980469e-01
6.971954703330993652e-01
6.848007440567016602e-01
6.871601343154907227e-01
6.853381395339965820e-01
6.749064326286315918e-01
6.834487915039062500e-01
6.914043426513671875e-01
6.733843684196472168e-01
6.755770444869995117e-01
6.538707017898559570e-01
6.749265789985656738e-01
6.921930313110351562e-01
6.869181394577026367e-01
6.825178265571594238e-01
6.933536529541015625e-01
6.846885681152343750e-01
6.915693283081054688e-01
6.875776052474975586e-01
6.733983755111694336e-01
6.816564798355102539e-01
6.690322756767272949e-01
6.890080571174621582e-01
6.780813932418823242e-01
6.753453612327575684e-01
6.888727545738220215e-01
6.763942837715148926e-01
6.657761931419372559e-01
6.821076273918151855e-01
6.711377501487731934e-01
6.734877228736877441e-01
6.809734702110290527e-01
6.891168355941772461e-01
6.868479251861572266e-01
6.595315933227539062e-01
6.905611157417297363e-01
6.898875832557678223e-01
6.743823289871215820e-01
6.937329769134521484e-01
6.837382912635803223e-01
6.844750642776489258e-01
6.840618252754211426e-01
6.715545654296875000e-01
6.793872117996215820e-01
6.883583068847656250e-01
6.709565520286560059e-01
6.741602420806884766e-01
6.512466669082641602e-01
6.719008088111877441e-01
6.904325485229492188e-01
6.843033432960510254e-01
6.792585849761962891e-01
6.907446384429931641e-01
6.815763115882873535e-01
6.898717284202575684e-01
6.844774484634399414e-01
6.709759235382080078e-01
6.786346435546875000e-01
6.668116450309753418e-01
6.879119277000427246e-01
6.751428246498107910e-01
6.728217601776123047e-01
6.866605281829833984e-01
6.748059391975402832e-01
6.627319455146789551e-01
6.793407201766967773e-01
6.679796576499938965e-01
6.709678769111633301e-01
6.781216859817504883e-01
6.864150762557983398e-01
6.838794946670532227e-01
6.572456359863281250e-01
6.893070936203002930e-01
6.887825131416320801e-01
6.711376905441284180e-01
6.911191344261169434e-01
6.828542947769165039e-01
6.825050115585327148e-01
6.831669211387634277e-01
6.686406731605529785e-01
6.760635972023010254e-01
6.860277652740478516e-01
6.694781780242919922e-01
6.736949682235717773e-01
6.479575037956237793e-01
6.691069006919860840e-01
6.881367564201354980e-01
6.820141077041625977e-01
6.760465502738952637e-01
6.875894069671630859e-01
6.789650917053222656e-01
6.887060403823852539e-01
6.812006831169128418e-01
6.686962246894836426e-01
6.759864091873168945e-01
6.640842556953430176e-01
6.860855817794799805e-01
6.723562479019165039e-01
6.705995798110961914e-01
6.851819753646850586e-01
6.735063791275024414e-01
6.606088876724243164e-01
6.762531995773315430e-01
6.651790142059326172e-01
6.686502099037170410e-01
6.756715774536132812e-01
6.837308406829833984e-01
6.805635690689086914e-01
6.543762087821960449e-01
6.870650053024291992e-01
6.879866123199462891e-01
6.683832406997680664e-01
6.884346008300781250e-01
6.819764375686645508e-01
6.801664829254150391e-01
6.808187961578369141e-01
6.644087433815002441e-01
6.721183061599731445e-01
6.823830604553222656e-01
6.669670939445495605e-01
6.718869209289550781e-01
6.445422172546386719e-01
6.657507419586181641e-01
6.846181154251098633e-01
6.785092949867248535e-01
6.724870204925537109e-01
6.846039295196533203e-01
6.754540205001831055e-01
6.859840750694274902e-01
6.780599951744079590e-01
6.663841009140014648e-01
6.729943156242370605e-01
6.615982055664062500e-01
6.828154325485229492e-01
6.687164902687072754e-01
6.685619354248046875e-01
6.829448342323303223e-01
6.714478731155395508e-01
6.562831401824951172e-01
6.729755997657775879e-01
6.618037819862365723e-01
6.658785343170166016e-01
6.719068884849548340e-01
6.802172064781188965e-01
6.777703762054443359e-01
6.510514020919799805e-01
6.846250295639038086e-01
6.862880587577819824e-01
6.642337441444396973e-01
6.856488585472106934e-01
6.801883578300476074e-01
6.770313978195190430e-01
6.794872879981994629e-01
6.610782146453857422e-01
6.685492992401123047e-01
6.790824532508850098e-01
6.646958589553833008e-01
6.700736880302429199e-01
6.414465904235839844e-01
6.625623106956481934e-01
6.820451021194458008e-01
6.756471991539001465e-01
6.697001457214355469e-01
6.814070343971252441e-01
6.724548935890197754e-01
6.844525337219238281e-01
6.751860380172729492e-01
6.641679406166076660e-01
6.702615022659301758e-01
6.590344309806823730e-01
6.810117363929748535e-01
6.656137108802795410e-01
6.662920713424682617e-01
6.814066171646118164e-01
6.703736186027526855e-01
6.532345414161682129e-01
6.699099540710449219e-01
6.593120098114013672e-01
6.635946631431579590e-01
6.685256958007812500e-01
6.776940226554870605e-01
6.750468015670776367e-01
6.484357118606567383e-01
6.828333735466003418e-01
6.842185258865356445e-01
6.608211398124694824e-01
6.832377910614013672e-01
6.783961057662963867e-01
6.745228171348571777e-01
