7.532942891120910645e-01
7.543996572494506836e-01
7.696268558502197266e-01
7.420824766159057617e-01
7.288426160812377930e-01
7.347903251647949219e-01
7.218115329742431641e-01
7.801936864852905273e-01
7.396891117095947266e-01
7.310815453529357910e-01
7.194946408271789551e-01
7.399006485939025879e-01
7.382414340972900391e-01
7.164384126663208008e-01
7.784813642501831055e-01
7.339639067649841309e-01
7.411755919456481934e-01
7.527829408645629883e-01
7.360062003135681152e-01
7.353763580322265625e-01
7.154165506362915039e-01
7.163211703300476074e-01
7.150281667709350586e-01
7.182466387748718262e-01
7.450765371322631836e-01
7.304492592811584473e-01
6.970687508583068848e-01
7.367134690284729004e-01
6.885074973106384277e-01
7.615758180618286133e-01
7.056459784507751465e-01
7.462714910507202148e-01
6.999849081039428711e-01
7.247127294540405273e-01
7.349490523338317871e-01
6.602644324302673340e-01
7.196180224418640137e-01
7.402448654174804688e-01
7.504516243934631348e-01
7.651743888854980469e-01
7.409197092056274414e-01
7.241622209548950195e-01
7.248187661170959473e-01
7.092642188072204590e-01
7.669394016265869141e-01
7.393433451652526855e-01
7.266632914543151855e-01
7.233808040618896484e-01
7.374325394630432129e-01
7.293047904968261719e-01
7.114313840866088867e-01
7.663237452507019043e-01
7.294713854789733887e-01
7.431389689445495605e-01
7.450024485588073730e-01
7.259900569915771484e-01
7.274885773658752441e-01
7.174192070960998535e-01
7.065594792366027832e-01
7.105053067207336426e-01
7.180662155151367188e-01
7.425274252891540527e-01
7.291182279586791992e-01
6.989827156066894531e-01
7.334750294685363770e-01
6.900993585586547852e-01
7.539194822311401367e-01
7.058163881301879883e-01
7.411153316497802734e-01
7.045304775238037109e-01
7.193700671195983887e-01
7.325647473335266113e-01
6.631840467453002930e-01
7.179675698280334473e-01
7.389047741889953613e-01
7.390326261520385742e-01
7.712681889533996582e-01
7.377312779426574707e-01
7.220864892005920410e-01
7.198520898818969727e-01
7.090860605239868164e-01
7.681081295013427734e-01
7.428371310234069824e-01
7.276349067687988281e-01
7.198612689971923828e-01
7.338086366653442383e-01
7.286797165870666504e-01
7.088577151298522949e-01
7.631322741508483887e-01
7.319431304931640625e-01
7.440161705017089844e-01
7.409918308258056641e-01
7.236412167549133301e-01
7.257835268974304199e-01
7.229800224304199219e-01
7.028882503509521484e-01
7.107195854187011719e-01
7.193619012832641602e-01
7.466515898704528809e-01
7.284938693046569824e-01
6.973911523818969727e-01
7.337043881416320801e-01
6.895243525505065918e-01
7.533760666847229004e-01
7.083747982978820801e-01
7.400568723678588867e-01
7.080488801002502441e-01
7.168287038803100586e-01
7.322177886962890625e-01
6.619329452514648438e-01
7.175285220146179199e-01
7.392049431800842285e-01
7.349071502685546875e-01
7.739752531051635742e-01
7.358714938163757324e-01
7.205377221107482910e-01
7.183036804199218750e-01
7.111117243766784668e-01
7.686745524406433105e-01
7.454673647880554199e-01
7.287869453430175781e-01
7.178698182106018066e-01
7.315509915351867676e-01
7.279906272888183594e-01
7.079218626022338867e-01
7.610285282135009766e-01
7.330333590507507324e-01
7.441139221191406250e-01
7.400639653205871582e-01
7.203541994094848633e-01
7.248914837837219238e-01
7.243634462356567383e-01
7.017892599105834961e-01
7.098214626312255859e-01
7.208198308944702148e-01
7.488278150558471680e-01
7.274531722068786621e-01
6.957070231437683105e-01
7.329062819480895996e-01
6.897623538970947266e-01
7.541522979736328125e-01
7.095083594322204590e-01
7.395437359809875488e-01
7.101012468338012695e-01
7.152596116065979004e-01
7.324495315551757812e-01
6.600318551063537598e-01
7.165398597717285156e-01
7.381294965744018555e-01
7.321299910545349121e-01
7.741274833679199219e-01
7.350798845291137695e-01
7.196039557456970215e-01
7.159196138381958008e-01
7.124012708663940430e-01
7.650263905525207520e-01
7.435083985328674316e-01
7.270429134368896484e-01
7.134420871734619141e-01
7.267041802406311035e-01
7.234551310539245605e-01
7.039053440093994141e-01
7.522242069244384766e-01
7.266541123390197754e-01
7.385439872741699219e-01
7.324092984199523926e-01
7.137876152992248535e-01
7.173188328742980957e-01
7.178401350975036621e-01
6.962943077087402344e-01
7.029953002929687500e-01
7.154044508934020996e-01
7.399652600288391113e-01
7.185441255569458008e-01
6.897338032722473145e-01
7.214849591255187988e-01
6.851907968521118164e-01
7.417439222335815430e-01
7.025043368339538574e-01
7.281613349914550781e-01
7.054184675216674805e-01
7.071903944015502930e-01
7.213966250419616699e-01
6.597779989242553711e-01
7.068395018577575684e-01
7.228203415870666504e-01
7.171935439109802246e-01
7.534781694412231445e-01
7.195075750350952148e-01
7.097699642181396484e-01
7.046839594841003418e-01
7.048788070678710938e-01
7.467582225799560547e-01
7.310117483139038086e-01
7.154334187507629395e-01
7.048637866973876953e-01
7.165612578392028809e-01
7.134056091308593750e-01
6.951240301132202148e-01
7.365473508834838867e-01
7.165943384170532227e-01
7.280209064483642578e-01
7.224745750427246094e-01
7.051184773445129395e-01
7.088369131088256836e-01
7.092694640159606934e-01
6.902524232864379883e-01
6.968320012092590332e-01
7.099596261978149414e-01
7.309850454330444336e-01
7.110598087310791016e-01
6.836430430412292480e-01
7.116055488586425781e-01
6.813693642616271973e-01
7.341881990432739258e-01
6.974956989288330078e-01
7.202732563018798828e-01
7.006404995918273926e-01
7.020164728164672852e-01
7.158000469207763672e-01
6.587341427803039551e-01
7.011281847953796387e-01
7.156265974044799805e-01
7.082514166831970215e-01
7.435023784637451172e-01
7.130979299545288086e-01
7.051711678504943848e-01
6.996576786041259766e-01
7.014579772949218750e-01
7.368642687797546387e-01
7.241687774658203125e-01
7.090615630149841309e-01
7.001743316650390625e-01
7.108554840087890625e-01
7.066460251808166504e-01
6.905892491340637207e-01
7.276985049247741699e-01
7.099689841270446777e-01
7.220278978347778320e-01
7.156705856323242188e-01
6.997741460800170898e-01
7.041912078857421875e-01
7.038171291351318359e-01
6.868955492973327637e-01
6.932826042175292969e-01
7.072808146476745605e-01
7.246844768524169922e-01
7.054527401924133301e-01
6.795605421066284180e-01
7.040792703628540039e-01
6.789293289184570312e-01
7.291932106018066406e-01
6.947982311248779297e-01
7.142822742462158203e-01
6.974345445632934570e-01
6.990211009979248047e-01
7.109800577163696289e-01
6.588971614837646484e-01
6.983646154403686523e-01
7.084642648696899414e-01
7.023870944976806641e-01
7.350229024887084961e-01
7.056992053985595703e-01
7.014511823654174805e-01
6.948100328445434570e-01
6.983233094215393066e-01
7.289908528327941895e-01
7.198805809020996094e-01
7.052468657493591309e-01
6.962043642997741699e-01
7.074722051620483398e-01
7.024061679840087891e-01
6.873080730438232422e-01
7.208038568496704102e-01
7.060688138008117676e-01
7.161864638328552246e-01
7.111487388610839844e-01
6.953751444816589355e-01
7.010602355003356934e-01
7.007101774215698242e-01
6.847945451736450195e-01
6.902874708175659180e-01
7.052205801010131836e-01
7.209392786026000977e-01
7.012069225311279297e-01
6.766142249107360840e-01
6.971379518508911133e-01
6.774821877479553223e-01
7.253073453903198242e-01
6.924374103546142578e-01
7.105971574783325195e-01
6.954272985458374023e-01
6.956382393836975098e-01
7.066112756729125977e-01
6.590197086334228516e-01
6.955343484878540039e-01
7.040991783142089844e-01
6.969654560089111328e-01
7.299116849899291992e-01
7.001159191131591797e-01
6.981533169746398926e-01
6.913895606994628906e-01
6.942931413650512695e-01
7.227783799171447754e-01
7.153479456901550293e-01
7.014404535293579102e-01
6.941776275634765625e-01
7.035574316978454590e-01
6.994037628173828125e-01
6.851943135261535645e-01
7.126371860504150391e-01
7.014887332916259766e-01
7.109393477439880371e-01
7.056601643562316895e-01
6.915906071662902832e-01
6.980124711990356445e-01
6.958009004592895508e-01
6.832649111747741699e-01
6.855474710464477539e-01
7.024071216583251953e-01
7.150186896324157715e-01
6.971814632415771484e-01
6.746229529380798340e-01
6.908645629882812500e-01
6.769356727600097656e-01
7.196730375289916992e-01
6.898296475410461426e-01
7.049342989921569824e-01
6.933249831199645996e-01
6.917249560356140137e-01
7.006892561912536621e-01
6.606915593147277832e-01
6.938750743865966797e-01
6.951731443405151367e-01
6.878352761268615723e-01
7.186566591262817383e-01
6.911796331405639648e-01
6.940229535102844238e-01
6.861108541488647461e-01
6.892476081848144531e-01
7.123147249221801758e-01
7.088558673858642578e-01
6.944215297698974609e-01
6.895847320556640625e-01
6.984274983406066895e-01
6.930809617042541504e-01
6.807997226715087891e-01
7.032289505004882812e-01
6.955775618553161621e-01
7.036278247833251953e-01
7.003151774406433105e-01
6.866064667701721191e-01
6.936461329460144043e-01
6.910529136657714844e-01
6.808150410652160645e-01
6.816614866256713867e-01
6.978888511657714844e-01
7.093595266342163086e-01
6.931834220886230469e-01
6.709740161895751953e-01
6.852451562881469727e-01
6.741296052932739258e-01
7.138249278068542480e-01
6.862739920616149902e-01
7.003384232521057129e-01
6.902011036872863770e-01
6.884699463844299316e-01
6.964067220687866211e-01
6.594635844230651855e-01
6.908844113349914551e-01
6.898758411407470703e-01
6.824797391891479492e-01
7.138286232948303223e-01
6.859376430511474609e-01
6.913818120956420898e-01
6.829012036323547363e-01
6.863055825233459473e-01
7.057942152023315430e-01
7.045910358428955078e-01
6.903247833251953125e-01
6.864339113235473633e-01
6.946019530296325684e-01
6.890151500701904297e-01
6.787253618240356445e-01
6.971586942672729492e-01
6.921622753143310547e-01
6.996908187866210938e-01
6.958647370338439941e-01
6.840492486953735352e-01
6.898262500762939453e-01
6.876769065856933594e-01
6.793744564056396484e-01
6.783741116523742676e-01
6.960632205009460449e-01
7.045367956161499023e-01
6.905884742736816406e-01
6.686460971832275391e-01
6.808208227157592773e-01
6.726449728012084961e-01
7.097018957138061523e-01
6.841571331024169922e-01
6.964797377586364746e-01
6.879271864891052246e-01
6.846824288368225098e-01
6.924277544021606445e-01
6.590727567672729492e-01
6.888791918754577637e-01
6.859349012374877930e-01
6.787945032119750977e-01
7.095190286636352539e-01
6.818063855171203613e-01
6.898440122604370117e-01
6.800902485847473145e-01
6.840409636497497559e-01
6.998742222785949707e-01
7.016650438308715820e-01
6.863746047019958496e-01
6.845710277557373047e-01
6.919161081314086914e-01
6.853022575378417969e-01
6.772590875625610352e-01
6.921775341033935547e-01
6.889436841011047363e-01
6.958647370338439941e-01
6.929412484169006348e-01
6.813532710075378418e-01
6.863994598388671875e-01
6.847963929176330566e-01
6.783492565155029297e-01
6.753284931182861328e-01
6.933798789978027344e-01
7.012478113174438477e-01
6.884247064590454102e-01
6.671780943870544434e-01
6.774823069572448730e-01
6.707231402397155762e-01
7.057710886001586914e-01
6.836987137794494629e-01
6.935808062553405762e-01
6.864676475524902344e-01
6.819676756858825684e-01
6.909269690513610840e-01
6.580848097801208496e-01
6.866970658302307129e-01
6.830655932426452637e-01
6.746879220008850098e-01
7.064949274063110352e-01
6.782373785972595215e-01
6.880953311920166016e-01
6.778817176818847656e-01
6.825146079063415527e-01
6.945123672485351562e-01
6.986188888549804688e-01
6.833246946334838867e-01
6.826665401458740234e-01
6.888509392738342285e-01
6.820228099822998047e-01
6.749303936958312988e-01
6.871597170829772949e-01
6.854859590530395508e-01
6.931086778640747070e-01
6.893359422683715820e-01
6.780713796615600586e-01
6.846150159835815430e-01
6.814067959785461426e-01
6.762690544128417969e-01
6.728791594505310059e-01
6.912534236907958984e-01
6.978108882904052734e-01
6.861470341682434082e-01
6.667693853378295898e-01
6.745832562446594238e-01
6.708839535713195801e-01
7.007366418838500977e-01
6.828862428665161133e-01
6.905796527862548828e-01
6.857992410659790039e-01
6.787951588630676270e-01
6.882045269012451172e-01
6.590809822082519531e-01
6.838892698287963867e-01
6.772034764289855957e-01
6.685152649879455566e-01
6.983802914619445801e-01
6.720887422561645508e-01
6.838505864143371582e-01
6.732851266860961914e-01
6.780860424041748047e-01
6.860285997390747070e-01
6.935701966285705566e-01
6.777317523956298828e-01
6.783141493797302246e-01
6.835129261016845703e-01
6.771277189254760742e-01
6.712656021118164062e-01
6.801515817642211914e-01
6.806907057762145996e-01
6.869304180145263672e-01
6.841557025909423828e-01
6.735595464706420898e-01
6.798222064971923828e-01
6.771993637084960938e-01
6.732257604598999023e-01
6.690955162048339844e-01
6.871436238288879395e-01
6.934937238693237305e-01
6.819268465042114258e-01
6.625965833663940430e-01
6.696658134460449219e-01
6.674400568008422852e-01
6.948446035385131836e-01
6.796582937240600586e-01
6.866025328636169434e-01
6.820905208587646484e-01
6.747567057609558105e-01
6.844376325607299805e-01
6.566408872604370117e-01
6.794177889823913574e-01
6.736810207366943359e-01
6.650576591491699219e-01
6.934207677841186523e-01
6.684554815292358398e-01
6.806409358978271484e-01
6.701200604438781738e-01
6.750642061233520508e-01
6.813772916793823242e-01
6.896235346794128418e-01
6.739203333854675293e-01
6.743676662445068359e-01
6.799745559692382812e-01
6.733729839324951172e-01
6.682801246643066406e-01
6.749294996261596680e-01
6.769267916679382324e-01
6.832423210144042969e-01
6.809148788452148438e-01
6.703231930732727051e-01
6.772105693817138672e-01
6.743181943893432617e-01
6.703213453292846680e-01
6.659991741180419922e-01
6.837208867073059082e-01
6.893779039382934570e-01
6.785027980804443359e-01
6.608575582504272461e-01
6.655049920082092285e-01
6.652745008468627930e-01
6.911873221397399902e-01
6.772972345352172852e-01
6.828066706657409668e-01
6.803513765335083008e-01
6.711218953132629395e-01
6.814734339714050293e-01
6.550464630126953125e-01
6.756049990653991699e-01
6.701920628547668457e-01
6.619845032691955566e-01
6.896080970764160156e-01
6.650148630142211914e-01
6.778264045715332031e-01
6.670525074005126953e-01
6.722595691680908203e-01
6.770705580711364746e-01
6.870592832565307617e-01
6.706367731094360352e-01
6.712030172348022461e-01
6.774813532829284668e-01
6.706503629684448242e-01
6.666647195816040039e-01
6.705171465873718262e-01
6.738138198852539062e-01
6.802103519439697266e-01
6.770007610321044922e-01
6.670169830322265625e-01
6.752433776855468750e-01
6.719065904617309570e-01
6.686173677444458008e-01
6.636775732040405273e-01
6.814042329788208008e-01
6.852290034294128418e-01
6.763566136360168457e-01
6.584952473640441895e-01
6.624518632888793945e-01
6.632469892501831055e-01
6.877824068069458008e-01
6.759098768234252930e-01
6.810051202774047852e-01
6.774268150329589844e-01
6.688001751899719238e-01
6.785700917243957520e-01
6.536483168601989746e-01
6.732375025749206543e-01
6.678519845008850098e-01
6.594022512435913086e-01
6.862761974334716797e-01
6.625329256057739258e-01
6.752682924270629883e-01
6.645167469978332520e-01
6.702694892883300781e-01
6.729280352592468262e-01
6.843506693840026855e-01
6.682010293006896973e-01
6.689171195030212402e-01
6.739428639411926270e-01
6.681879162788391113e-01
6.640559434890747070e-01
6.662398576736450195e-01
6.697446703910827637e-01
6.768482923507690430e-01
6.739478111267089844e-01
6.635928750038146973e-01
6.732333302497863770e-01
6.692864298820495605e-01
6.660992503166198730e-01
6.610331535339355469e-01
6.782003641128540039e-01
6.821348071098327637e-01
6.731644868850708008e-01
6.562182307243347168e-01
6.604951620101928711e-01
6.626584529876708984e-01
6.841013431549072266e-01
6.743767261505126953e-01
6.784745454788208008e-01
6.766182780265808105e-01
6.654738187789916992e-01
6.760444045066833496e-01
6.514109373092651367e-01
6.697531342506408691e-01
6.643507480621337891e-01
6.558338403701782227e-01
6.813453435897827148e-01
6.577800512313842773e-01
6.717239022254943848e-01
6.609113812446594238e-01
6.666156649589538574e-01
6.683204770088195801e-01
6.804816722869873047e-01
6.645260453224182129e-01
6.645705699920654297e-01
6.713480353355407715e-01
6.637670397758483887e-01
6.606741547584533691e-01
6.626204252243041992e-01
6.667019724845886230e-01
6.731050610542297363e-01
6.697999835014343262e-01
6.595181822776794434e-01
6.702033877372741699e-01
6.667896509170532227e-01
6.631551384925842285e-01
6.575372219085693359e-01
6.756002902984619141e-01
6.780143380165100098e-01
6.702418327331542969e-01
6.532038450241088867e-01
6.568912267684936523e-01
6.599404811859130859e-01
6.803067326545715332e-01
6.720995903015136719e-01
6.758285164833068848e-01
6.738867759704589844e-01
6.623597741127014160e-01
6.720944046974182129e-01
6.491187214851379395e-01
6.666437983512878418e-01
6.615969538688659668e-01
6.535916924476623535e-01
6.781722903251647949e-01
6.554549932479858398e-01
6.685234308242797852e-01
6.576769948005676270e-01
6.636626124382019043e-01
6.641905307769775391e-01
6.777011156082153320e-01
6.618808507919311523e-01
6.623964309692382812e-01
6.682196259498596191e-01
6.596687436103820801e-01
6.581652164459228516e-01
6.589348316192626953e-01
6.627797484397888184e-01
6.699988842010498047e-01
6.668865084648132324e-01
6.553080677986145020e-01
6.677063703536987305e-01
6.649069786071777344e-01
6.614558696746826172e-01
6.545892953872680664e-01
6.724644303321838379e-01
6.747997999191284180e-01
6.684434413909912109e-01
6.505176424980163574e-01
6.541522741317749023e-01
6.583204269409179688e-01
6.773684024810791016e-01
6.698322892189025879e-01
6.723130941390991211e-01
6.714262962341308594e-01
6.592888832092285156e-01
6.696581244468688965e-01
6.468284130096435547e-01
6.636532545089721680e-01
6.592044830322265625e-01
6.516199707984924316e-01
6.757450103759765625e-01
6.530771255493164062e-01
6.658771038055419922e-01
6.558614969253540039e-01
6.608287096023559570e-01
6.604557633399963379e-01
6.755511760711669922e-01
6.596134901046752930e-01
6.597315073013305664e-01
6.657470464706420898e-01
6.572232842445373535e-01
6.554091572761535645e-01
6.555627584457397461e-01
6.607294678688049316e-01
6.669589281082153320e-01
6.641994118690490723e-01
6.519150137901306152e-01
6.652860045433044434e-01
6.626150012016296387e-01
6.597641706466674805e-01
6.518644690513610840e-01
6.696783304214477539e-01
6.710109114646911621e-01
6.651417016983032227e-01
6.484375000000000000e-01
6.516473293304443359e-01
6.561998128890991211e-01
6.748561859130859375e-01
6.680665016174316406e-01
6.699293255805969238e-01
6.689823865890502930e-01
6.565856337547302246e-01
6.675649285316467285e-01
6.440309286117553711e-01
6.604999899864196777e-01
6.576541662216186523e-01
6.498687863349914551e-01
6.725906729698181152e-01
6.516764163970947266e-01
6.629821658134460449e-01
6.529587507247924805e-01
6.590176820755004883e-01
6.577629446983337402e-01
6.734929084777832031e-01
6.560665369033813477e-01
6.576662659645080566e-01
6.637900471687316895e-01
6.549649834632873535e-01
6.535235047340393066e-01
6.514253020286560059e-01
6.581346392631530762e-01
6.647567749023437500e-01
6.620985269546508789e-01
6.486715674400329590e-01
6.640177369117736816e-01
6.607487797737121582e-01
6.577707529067993164e-01
6.499262452125549316e-01
6.679548621177673340e-01
6.685907840728759766e-01
6.632484197616577148e-01
6.462670564651489258e-01
6.494842171669006348e-01
6.540323495864868164e-01
6.724385023117065430e-01
6.667925715446472168e-01
6.666836142539978027e-01
6.673803925514221191e-01
6.536413431167602539e-01
6.658829450607299805e-01
6.426153182983398438e-01
6.585358977317810059e-01
6.555649638175964355e-01
6.484951972961425781e-01
6.701428294181823730e-01
6.499958038330078125e-01
6.609556078910827637e-01
6.515409946441650391e-01
6.569277048110961914e-01
6.555785536766052246e-01
6.713994741439819336e-01
6.544754505157470703e-01
6.550070047378540039e-01
6.612396240234375000e-01
6.527380943298339844e-01
6.523782610893249512e-01
6.494596600532531738e-01
6.567335128784179688e-01
6.626946330070495605e-01
6.594551205635070801e-01
6.463514566421508789e-01
6.628605723381042480e-01
6.584867835044860840e-01
6.568641662597656250e-01
6.471787095069885254e-01
6.656739711761474609e-01
6.653957962989807129e-01
6.601025462150573730e-01
6.446236371994018555e-01
6.470561027526855469e-01
6.527714729309082031e-01
6.699187159538269043e-01
6.645200252532958984e-01
6.645068526268005371e-01
6.655223369598388672e-01
6.511832475662231445e-01
6.638907790184020996e-01
6.404247283935546875e-01
6.548167467117309570e-01
6.536503434181213379e-01
6.470042467117309570e-01
6.670781373977661133e-01
6.481074690818786621e-01
6.578797698020935059e-01
6.491388082504272461e-01
6.551707983016967773e-01
6.534116864204406738e-01
6.701346635818481445e-01
6.514702439308166504e-01
6.531134843826293945e-01
6.596152186393737793e-01
6.505916118621826172e-01
6.499724984169006348e-01
6.461166739463806152e-01
6.540209054946899414e-01
6.616195440292358398e-01
6.569995880126953125e-01
6.428734064102172852e-01
6.620603203773498535e-01
6.577459573745727539e-01
6.544072628021240234e-01
6.447677016258239746e-01
6.648293733596801758e-01
6.628998517990112305e-01
6.573137044906616211e-01
6.431040763854980469e-01
6.454665064811706543e-01
6.518584489822387695e-01
6.682943701744079590e-01
6.629428863525390625e-01
6.625524163246154785e-01
6.642124652862548828e-01
6.489591598510742188e-01
6.615637540817260742e-01
6.384457945823669434e-01
6.527264118194580078e-01
6.527048349380493164e-01
6.457935571670532227e-01
6.646022200584411621e-01
6.477211117744445801e-01
6.568357348442077637e-01
6.477701663970947266e-01
6.531885862350463867e-01
6.507769227027893066e-01
6.684544682502746582e-01
6.484875082969665527e-01
6.511585712432861328e-01
6.571446657180786133e-01
6.488773822784423828e-01
6.492782831192016602e-01
6.446495056152343750e-01
6.524267196655273438e-01
6.585212945938110352e-01
6.553612947463989258e-01
6.411628127098083496e-01
6.596803069114685059e-01
6.558982133865356445e-01
6.530664563179016113e-01
6.431400775909423828e-01
6.621702313423156738e-01
6.605334281921386719e-01
6.550037264823913574e-01
6.425218582153320312e-01
6.433206200599670410e-01
6.505841016769409180e-01
6.665918827056884766e-01
6.616823673248291016e-01
6.607688665390014648e-01
6.627033948898315430e-01
6.472463011741638184e-01
6.595046520233154297e-01
6.365195512771606445e-01
6.505500078201293945e-01
