7.362953424453735352e-01
7.679507732391357422e-01
7.471957802772521973e-01
7.846028804779052734e-01
7.264568805694580078e-01
7.181958556175231934e-01
7.070670127868652344e-01
7.906110286712646484e-01
7.523626089096069336e-01
7.435792088508605957e-01
7.166883349418640137e-01
7.468671202659606934e-01
7.156375050544738770e-01
7.515771389007568359e-01
7.974519729614257812e-01
7.178769707679748535e-01
7.426867485046386719e-01
7.312481403350830078e-01
6.920414566993713379e-01
7.521910071372985840e-01
7.143592238426208496e-01
7.061080932617187500e-01
6.983672380447387695e-01
7.289654016494750977e-01
7.434732317924499512e-01
7.193550467491149902e-01
6.992578506469726562e-01
6.750853061676025391e-01
7.202197909355163574e-01
7.282096743583679199e-01
7.077574729919433594e-01
7.082509398460388184e-01
7.182385921478271484e-01
7.177771329879760742e-01
7.170563340187072754e-01
6.594786643981933594e-01
7.214878201484680176e-01
7.160537838935852051e-01
7.527533173561096191e-01
7.427544593811035156e-01
7.497639656066894531e-01
7.036584615707397461e-01
7.025108337402343750e-01
7.168619632720947266e-01
7.755822539329528809e-01
7.329547405242919922e-01
7.364127635955810547e-01
7.098745107650756836e-01
7.336986064910888672e-01
7.050934433937072754e-01
7.384521961212158203e-01
7.894384860992431641e-01
7.087735533714294434e-01
7.437816858291625977e-01
7.241359949111938477e-01
6.911736130714416504e-01
7.501100301742553711e-01
7.197648286819458008e-01
7.012645006179809570e-01
6.934477686882019043e-01
7.354404330253601074e-01
7.448790073394775391e-01
7.171460986137390137e-01
7.015011310577392578e-01
6.775790452957153320e-01
7.169230580329895020e-01
7.335514426231384277e-01
7.146258354187011719e-01
7.078776359558105469e-01
7.252172231674194336e-01
7.228652238845825195e-01
7.168204188346862793e-01
6.595332622528076172e-01
7.140447497367858887e-01
7.218363881111145020e-01
7.573304772377014160e-01
7.486504912376403809e-01
7.518537044525146484e-01
7.073113918304443359e-01
7.020868062973022461e-01
7.223945260047912598e-01
7.860257029533386230e-01
7.407457232475280762e-01
7.422408461570739746e-01
7.192650437355041504e-01
7.437421679496765137e-01
7.125963568687438965e-01
7.400339245796203613e-01
7.968961596488952637e-01
7.126590609550476074e-01
7.549921274185180664e-01
7.262986898422241211e-01
6.926760077476501465e-01
7.519783377647399902e-01
7.241985201835632324e-01
7.037902474403381348e-01
6.924155950546264648e-01
7.392743825912475586e-01
7.488383650779724121e-01
7.180136442184448242e-01
7.058974504470825195e-01
6.802194714546203613e-01
7.207799553871154785e-01
7.382832169532775879e-01
7.179176807403564453e-01
7.059827446937561035e-01
7.258558869361877441e-01
7.250716686248779297e-01
7.168423533439636230e-01
6.588773727416992188e-01
7.112414836883544922e-01
7.239066958427429199e-01
7.577506899833679199e-01
7.497101426124572754e-01
7.527956366539001465e-01
7.080255746841430664e-01
7.029154300689697266e-01
7.216755747795104980e-01
7.860830426216125488e-01
7.431750297546386719e-01
7.415245771408081055e-01
7.234833836555480957e-01
7.470557689666748047e-01
7.139788269996643066e-01
7.378327846527099609e-01
7.962629795074462891e-01
7.133735418319702148e-01
7.575293183326721191e-01
7.231413125991821289e-01
6.919978260993957520e-01
7.510064244270324707e-01
7.242740392684936523e-01
7.040704488754272461e-01
6.907421946525573730e-01
7.401643395423889160e-01
7.480711340904235840e-01
7.160701155662536621e-01
7.054332494735717773e-01
6.819133758544921875e-01
7.232909202575683594e-01
7.399992942810058594e-01
7.194432020187377930e-01
7.062380313873291016e-01
7.267932295799255371e-01
7.273507714271545410e-01
7.187139987945556641e-01
6.595901250839233398e-01
7.086595892906188965e-01
7.240217924118041992e-01
7.568794488906860352e-01
7.472995519638061523e-01
7.516936063766479492e-01
7.057397365570068359e-01
7.008933424949645996e-01
7.198758125305175781e-01
7.807122468948364258e-01
7.418540716171264648e-01
7.349963188171386719e-01
7.245649695396423340e-01
7.416296601295471191e-01
7.090929746627807617e-01
7.315943837165832520e-01
7.836712598800659180e-01
7.091504335403442383e-01
7.492767572402954102e-01
7.139897346496582031e-01
6.887460350990295410e-01
7.403067946434020996e-01
7.177333235740661621e-01
6.968762874603271484e-01
6.857751607894897461e-01
7.307719588279724121e-01
7.374341487884521484e-01
7.079910039901733398e-01
7.010527849197387695e-01
6.778208613395690918e-01
7.155205607414245605e-01
7.302939891815185547e-01
7.106419205665588379e-01
6.997196674346923828e-01
7.155683636665344238e-01
7.205492258071899414e-01
7.087462544441223145e-01
6.614573597908020020e-01
6.985428333282470703e-01
7.126592993736267090e-01
7.394976019859313965e-01
7.295556664466857910e-01
7.339253425598144531e-01
6.943494677543640137e-01
6.905129551887512207e-01
7.102668881416320801e-01
7.602066993713378906e-01
7.288877964019775391e-01
7.209692001342773438e-01
7.161983251571655273e-01
7.274353504180908203e-01
6.992872357368469238e-01
7.205942273139953613e-01
7.655330300331115723e-01
7.017779946327209473e-01
7.380236387252807617e-01
7.040857672691345215e-01
6.844580769538879395e-01
7.310770750045776367e-01
7.100069522857666016e-01
6.903159022331237793e-01
6.814574599266052246e-01
7.238731384277343750e-01
7.294840812683105469e-01
7.014668583869934082e-01
6.974887251853942871e-01
6.746542453765869141e-01
7.110574841499328613e-01
7.241690754890441895e-01
7.040137052536010742e-01
6.954084634780883789e-01
7.099946737289428711e-01
7.160667777061462402e-01
7.027964591979980469e-01
6.623883247375488281e-01
6.925240755081176758e-01
7.081531882286071777e-01
7.302143573760986328e-01
7.210969328880310059e-01
7.259482145309448242e-01
6.887512207031250000e-01
6.867206096649169922e-01
7.060465812683105469e-01
7.483820915222167969e-01
7.226727008819580078e-01
7.129166126251220703e-01
7.137890458106994629e-01
7.198527455329895020e-01
6.949556469917297363e-01
7.152208089828491211e-01
7.550018429756164551e-01
6.991413831710815430e-01
7.301120758056640625e-01
6.983714699745178223e-01
6.828504800796508789e-01
7.241542339324951172e-01
7.055354714393615723e-01
6.849005222320556641e-01
6.801375150680541992e-01
7.180090546607971191e-01
7.237243056297302246e-01
6.979957222938537598e-01
6.948589086532592773e-01
6.735063195228576660e-01
7.075681090354919434e-01
7.187162637710571289e-01
6.989549398422241211e-01
6.936865448951721191e-01
7.062566876411437988e-01
7.133005261421203613e-01
6.987346410751342773e-01
6.640629768371582031e-01
6.880153417587280273e-01
7.041687965393066406e-01
7.229706048965454102e-01
7.146309614181518555e-01
7.201843261718750000e-01
6.848571300506591797e-01
6.825765371322631836e-01
7.030791044235229492e-01
7.398513555526733398e-01
7.173560261726379395e-01
7.063973546028137207e-01
7.110676169395446777e-01
7.135514020919799805e-01
6.901322603225708008e-01
7.118995785713195801e-01
7.461534142494201660e-01
6.973540782928466797e-01
7.233976125717163086e-01
6.933691501617431641e-01
6.808905601501464844e-01
7.187904119491577148e-01
7.019214630126953125e-01
6.814696192741394043e-01
6.785191297531127930e-01
7.136897444725036621e-01
7.183473110198974609e-01
6.947801113128662109e-01
6.934643983840942383e-01
6.729264259338378906e-01
7.053087353706359863e-01
7.151235342025756836e-01
6.946241259574890137e-01
6.926652193069458008e-01
7.026669383049011230e-01
7.093590497970581055e-01
6.951535940170288086e-01
6.644622087478637695e-01
6.846332550048828125e-01
7.005045413970947266e-01
7.178782820701599121e-01
7.097996473312377930e-01
7.154100537300109863e-01
6.801433563232421875e-01
6.788951158523559570e-01
6.993992328643798828e-01
7.311279177665710449e-01
7.116852402687072754e-01
7.012502551078796387e-01
7.089053988456726074e-01
7.064504027366638184e-01
6.857697963714599609e-01
7.082706093788146973e-01
7.349256873130798340e-01
6.962825059890747070e-01
7.172484397888183594e-01
6.878827214241027832e-01
6.800604462623596191e-01
7.103218436241149902e-01
6.985267400741577148e-01
6.773031949996948242e-01
6.772056221961975098e-01
7.077903747558593750e-01
7.131677865982055664e-01
6.916596889495849609e-01
6.922497153282165527e-01
6.722893714904785156e-01
7.011904120445251465e-01
7.097722291946411133e-01
6.909229159355163574e-01
6.903853416442871094e-01
6.984969377517700195e-01
7.056342959403991699e-01
6.919970512390136719e-01
6.677255630493164062e-01
6.813678741455078125e-01
6.944383382797241211e-01
7.082353830337524414e-01
7.016084194183349609e-01
7.065783739089965820e-01
6.735126972198486328e-01
6.740404367446899414e-01
6.946212649345397949e-01
7.207934260368347168e-01
7.032272815704345703e-01
6.930873394012451172e-01
7.031744718551635742e-01
6.991716027259826660e-01
6.810963153839111328e-01
7.043942213058471680e-01
7.240465283393859863e-01
6.931738257408142090e-01
7.095839977264404297e-01
6.825532317161560059e-01
6.786701083183288574e-01
7.044000625610351562e-01
6.948345899581909180e-01
6.735658645629882812e-01
6.764843463897705078e-01
7.043688893318176270e-01
7.084041833877563477e-01
6.888401508331298828e-01
6.904019117355346680e-01
6.712440252304077148e-01
6.979451775550842285e-01
7.052196264266967773e-01
6.869528889656066895e-01
6.883778572082519531e-01
6.946653723716735840e-01
7.023414373397827148e-01
6.892905235290527344e-01
6.672502756118774414e-01
6.782950758934020996e-01
6.914915442466735840e-01
7.030084729194641113e-01
6.977844238281250000e-01
7.007892131805419922e-01
6.698141098022460938e-01
6.720060706138610840e-01
6.917467117309570312e-01
7.150120139122009277e-01
6.988811492919921875e-01
6.888131499290466309e-01
6.999618411064147949e-01
6.937006115913391113e-01
6.790136694908142090e-01
7.018827795982360840e-01
7.169790863990783691e-01
6.914920806884765625e-01
7.044067382812500000e-01
6.784247159957885742e-01
6.776686310768127441e-01
7.004023194313049316e-01
6.923236846923828125e-01
6.714209318161010742e-01
6.759465932846069336e-01
7.011688947677612305e-01
7.050901651382446289e-01
6.874188184738159180e-01
6.899985671043395996e-01
6.713230609893798828e-01
6.951925754547119141e-01
7.024849057197570801e-01
6.846228837966918945e-01
6.871100664138793945e-01
6.922081112861633301e-01
7.010083198547363281e-01
6.875794529914855957e-01
6.672144532203674316e-01
6.770867705345153809e-01
6.890441179275512695e-01
6.987982988357543945e-01
6.945014595985412598e-01
6.959625482559204102e-01
6.672413945198059082e-01
6.698331236839294434e-01
6.903752684593200684e-01
7.094596028327941895e-01
6.956228017807006836e-01
6.850662827491760254e-01
6.979414224624633789e-01
6.890733242034912109e-01
6.769218444824218750e-01
7.002499103546142578e-01
7.109550237655639648e-01
6.901041865348815918e-01
7.010354399681091309e-01
6.740016341209411621e-01
6.767622232437133789e-01
6.974351406097412109e-01
6.898494958877563477e-01
6.687523126602172852e-01
6.749578118324279785e-01
6.978662014007568359e-01
7.020943760871887207e-01
6.860010027885437012e-01
6.898711919784545898e-01
6.709511876106262207e-01
6.936084628105163574e-01
7.001189589500427246e-01
6.828851103782653809e-01
6.859245896339416504e-01
6.896548867225646973e-01
7.002432942390441895e-01
6.850234270095825195e-01
6.672589778900146484e-01
6.755605340003967285e-01
6.875464916229248047e-01
6.957306861877441406e-01
6.923838853836059570e-01
6.919208765029907227e-01
6.647283434867858887e-01
6.680610179901123047e-01
6.887228488922119141e-01
7.043548822402954102e-01
6.907328367233276367e-01
6.813853979110717773e-01
6.955657005310058594e-01
6.855774521827697754e-01
6.759430170059204102e-01
6.983536481857299805e-01
7.053624987602233887e-01
6.881986856460571289e-01
6.962391138076782227e-01
6.708831787109375000e-01
6.761087775230407715e-01
6.923729777336120605e-01
6.880948543548583984e-01
6.664422154426574707e-01
6.755203604698181152e-01
6.935397982597351074e-01
6.997317671775817871e-01
6.842880249023437500e-01
6.895860433578491211e-01
6.715344786643981934e-01
6.909224987030029297e-01
6.966734528541564941e-01
6.808089017868041992e-01
6.825597882270812988e-01
6.868700981140136719e-01
6.984632611274719238e-01
6.826524734497070312e-01
6.684899330139160156e-01
6.736263632774353027e-01
6.831843256950378418e-01
6.904208064079284668e-01
6.860177516937255859e-01
6.864684820175170898e-01
6.605124473571777344e-01
6.643104553222656250e-01
6.860783100128173828e-01
6.974747180938720703e-01
6.845816373825073242e-01
6.763098835945129395e-01
6.919919252395629883e-01
6.803146004676818848e-01
6.720387935638427734e-01
6.948879957199096680e-01
6.991246342658996582e-01
6.852511167526245117e-01
6.912409067153930664e-01
6.664577126502990723e-01
6.745415925979614258e-01
6.888323426246643066e-01
6.847451925277709961e-01
6.631727814674377441e-01
6.739900708198547363e-01
6.904697418212890625e-01
6.956296563148498535e-01
6.810623407363891602e-01
6.876698732376098633e-01
6.697111129760742188e-01
6.878458261489868164e-01
6.925061941146850586e-01
6.777969598770141602e-01
6.802102327346801758e-01
6.837472915649414062e-01
6.964539885520935059e-01
6.797609329223632812e-01
6.673851013183593750e-01
6.714438199996948242e-01
6.800691485404968262e-01
6.870449185371398926e-01
6.831816434860229492e-01
6.824907064437866211e-01
6.574217081069946289e-01
6.622053384780883789e-01
6.834961771965026855e-01
6.928327083587646484e-01
6.806420087814331055e-01
6.735559701919555664e-01
6.893823146820068359e-01
6.773785352706909180e-01
6.698019504547119141e-01
6.923005580902099609e-01
6.956897974014282227e-01
6.827672123908996582e-01
6.873940825462341309e-01
6.633199453353881836e-01
6.732439994812011719e-01
6.857312321662902832e-01
6.813431978225708008e-01
6.606425046920776367e-01
6.729528903961181641e-01
6.873182654380798340e-01
6.926389932632446289e-01
6.787981390953063965e-01
6.855963468551635742e-01
6.681455969810485840e-01
6.851347088813781738e-01
6.892619729042053223e-01
6.747522354125976562e-01
6.775480508804321289e-01
6.813573837280273438e-01
6.948238611221313477e-01
6.780051589012145996e-01
6.674478054046630859e-01
6.691704392433166504e-01
6.772273778915405273e-01
6.835169196128845215e-01
6.801529526710510254e-01
6.794410943984985352e-01
6.543601751327514648e-01
6.606132984161376953e-01
6.821939945220947266e-01
6.891545057296752930e-01
6.775181889533996582e-01
6.703824400901794434e-01
6.873818635940551758e-01
6.740629673004150391e-01
6.676210165023803711e-01
6.902496814727783203e-01
6.917997002601623535e-01
6.808818578720092773e-01
6.843227148056030273e-01
6.603716015815734863e-01
6.728187799453735352e-01
6.830973029136657715e-01
6.787637472152709961e-01
6.573941707611083984e-01
6.720346808433532715e-01
6.850264072418212891e-01
6.901888251304626465e-01
6.769724488258361816e-01
6.849462985992431641e-01
6.674880385398864746e-01
6.830883622169494629e-01
6.859459877014160156e-01
6.732650399208068848e-01
6.752429008483886719e-01
6.794946789741516113e-01
6.936370134353637695e-01
6.762676239013671875e-01
6.665067672729492188e-01
6.674994230270385742e-01
6.752179861068725586e-01
6.804927587509155273e-01
6.777352690696716309e-01
6.761946678161621094e-01
6.518509984016418457e-01
6.588502526283264160e-01
6.793059110641479492e-01
6.855941414833068848e-01
6.749204397201538086e-01
6.675523519515991211e-01
6.857405304908752441e-01
6.710535883903503418e-01
6.659781932830810547e-01
6.885797381401062012e-01
6.889613270759582520e-01
6.784499883651733398e-01
6.814339160919189453e-01
6.587657332420349121e-01
6.719765663146972656e-01
6.805118322372436523e-01
6.761754155158996582e-01
6.555801630020141602e-01
6.720290184020996094e-01
6.820102334022521973e-01
6.874194741249084473e-01
6.750856637954711914e-01
6.841003298759460449e-01
6.662094593048095703e-01
6.807442307472229004e-01
6.839024424552917480e-01
6.713256835937500000e-01
6.728358268737792969e-01
6.775801181793212891e-01
6.924448013305664062e-01
6.746433973312377930e-01
6.656352281570434570e-01
6.653242707252502441e-01
6.725492477416992188e-01
6.764907240867614746e-01
6.738907098770141602e-01
6.725028157234191895e-01
6.483055949211120605e-01
6.565493941307067871e-01
6.771898269653320312e-01
6.812142729759216309e-01
6.713671684265136719e-01
6.647346615791320801e-01
6.830661296844482422e-01
6.677225828170776367e-01
6.636921763420104980e-01
6.863651275634765625e-01
6.860207915306091309e-01
6.753616929054260254e-01
6.777223944664001465e-01
6.561475992202758789e-01
6.705186963081359863e-01
6.777297258377075195e-01
6.733154654502868652e-01
6.524745821952819824e-01
6.705733537673950195e-01
6.795398592948913574e-01
6.846495866775512695e-01
6.730304956436157227e-01
6.821450591087341309e-01
6.650114655494689941e-01
6.780300736427307129e-01
6.794890165328979492e-01
6.682643890380859375e-01
6.701166629791259766e-01
6.751430630683898926e-01
6.899124383926391602e-01
6.729148030281066895e-01
6.639837622642517090e-01
6.633621454238891602e-01
6.695560216903686523e-01
6.733143329620361328e-01
6.716924905776977539e-01
6.693216562271118164e-01
6.454702615737915039e-01
6.543227434158325195e-01
6.753724813461303711e-01
6.782817840576171875e-01
6.689230203628540039e-01
6.619932055473327637e-01
6.806514263153076172e-01
6.649609804153442383e-01
6.622532010078430176e-01
6.842873096466064453e-01
6.828555464744567871e-01
6.724075078964233398e-01
6.751431226730346680e-01
6.534665226936340332e-01
6.692406535148620605e-01
6.748072504997253418e-01
6.708598732948303223e-01
6.501194834709167480e-01
6.695985794067382812e-01
6.765925884246826172e-01
6.826912760734558105e-01
6.717886328697204590e-01
6.811707019805908203e-01
6.636009216308593750e-01
6.745557785034179688e-01
6.769279837608337402e-01
6.666954755783081055e-01
6.679970622062683105e-01
6.731875538825988770e-01
6.877233386039733887e-01
6.710478067398071289e-01
6.624368429183959961e-01
6.614593863487243652e-01
6.670376658439636230e-01
6.700444817543029785e-01
6.682053804397583008e-01
6.662315726280212402e-01
6.424393057823181152e-01
6.522809863090515137e-01
6.733106374740600586e-01
6.742876172065734863e-01
6.662964820861816406e-01
6.598320007324218750e-01
6.785064339637756348e-01
6.630675196647644043e-01
6.608014702796936035e-01
6.821457147598266602e-01
6.804752349853515625e-01
6.707603931427001953e-01
6.727433204650878906e-01
6.514062285423278809e-01
6.676189303398132324e-01
6.723991632461547852e-01
6.681652069091796875e-01
6.474604010581970215e-01
6.685400009155273438e-01
6.742140650749206543e-01
6.804077625274658203e-01
6.700667142868041992e-01
6.794440150260925293e-01
6.622822880744934082e-01
6.729049682617187500e-01
6.735137104988098145e-01
6.641462445259094238e-01
6.653568744659423828e-01
6.707380414009094238e-01
6.863737106323242188e-01
6.687717437744140625e-01
6.619741320610046387e-01
6.595873236656188965e-01
6.653969883918762207e-01
6.676449775695800781e-01
6.653456687927246094e-01
6.636349558830261230e-01
6.399166584014892578e-01
6.513788104057312012e-01
6.711332798004150391e-01
6.720271110534667969e-01
6.646137833595275879e-01
6.577900052070617676e-01
6.764358282089233398e-01
6.604508161544799805e-01
6.588603854179382324e-01
6.804432868957519531e-01
6.784133315086364746e-01
6.686231493949890137e-01
6.707766652107238770e-01
6.495111584663391113e-01
6.664822697639465332e-01
6.708043217658996582e-01
6.668754816055297852e-01
6.455720067024230957e-01
6.681850552558898926e-01
6.721013784408569336e-01
6.781419515609741211e-01
6.687847375869750977e-01
6.777195334434509277e-01
6.609628200531005859e-01
6.702764034271240234e-01
6.704111099243164062e-01
6.630375981330871582e-01
6.634166240692138672e-01
6.682879924774169922e-01
6.855087876319885254e-01
6.668805480003356934e-01
6.602988839149475098e-01
6.579916477203369141e-01
6.640791893005371094e-01
6.650069355964660645e-01
6.628244519233703613e-01
6.613609790802001953e-01
6.375497579574584961e-01
6.501608490943908691e-01
6.692394018173217773e-01
6.702451109886169434e-01
6.626440286636352539e-01
6.561274528503417969e-01
6.749504208564758301e-01
6.582291126251220703e-01
6.575474143028259277e-01
6.788095831871032715e-01
6.765495538711547852e-01
6.664301753044128418e-01
6.691208481788635254e-01
6.473257541656494141e-01
6.650120615959167480e-01
6.688721179962158203e-01
6.647040247917175293e-01
6.431825160980224609e-01
6.667470932006835938e-01
6.698200702667236328e-01
6.759651899337768555e-01
6.669468283653259277e-01
6.766642332077026367e-01
6.592335104942321777e-01
6.682664155960083008e-01
6.673645377159118652e-01
6.613466143608093262e-01
6.623316407203674316e-01
6.661326289176940918e-01
6.839845776557922363e-01
6.652056574821472168e-01
6.587800383567810059e-01
6.570447087287902832e-01
6.628888845443725586e-01
6.625614166259765625e-01
6.605251431465148926e-01
6.594780087471008301e-01
6.357541680335998535e-01
6.492263078689575195e-01
6.678991913795471191e-01
6.683318018913269043e-01
6.613206267356872559e-01
6.539415121078491211e-01
6.734482645988464355e-01
6.570789217948913574e-01
6.563248634338378906e-01
6.782130002975463867e-01
6.746512651443481445e-01
6.647154688835144043e-01
6.670054197311401367e-01
6.458921432495117188e-01
6.638758182525634766e-01
6.675184965133666992e-01
6.636183857917785645e-01
6.409992575645446777e-01
6.653250455856323242e-01
6.682480573654174805e-01
6.739653348922729492e-01
6.648701429367065430e-01
6.759106516838073730e-01
6.588143110275268555e-01
6.660909056663513184e-01
6.656997799873352051e-01
6.593553423881530762e-01
6.603389382362365723e-01
6.633155941963195801e-01
6.835019588470458984e-01
6.623613238334655762e-01
6.581275463104248047e-01
6.556193232536315918e-01
6.616011857986450195e-01
6.601008772850036621e-01
6.587090492248535156e-01
6.579664945602416992e-01
6.339756846427917480e-01
6.478801965713500977e-01
6.675848364830017090e-01
6.663061976432800293e-01
6.589344739913940430e-01
6.525186896324157715e-01
6.712862253189086914e-01
6.553120613098144531e-01
6.543939113616943359e-01
6.770501136779785156e-01
6.733253002166748047e-01
6.632794141769409180e-01
6.656841039657592773e-01
6.440255045890808105e-01
6.621444821357727051e-01
6.652560234069824219e-01
6.622250676155090332e-01
6.391425132751464844e-01
6.650868654251098633e-01
6.666143536567687988e-01
6.722844839096069336e-01
6.637736558914184570e-01
6.750616431236267090e-01
6.562652587890625000e-01
6.644819378852844238e-01
6.639694571495056152e-01
6.582047343254089355e-01
6.590886712074279785e-01
6.610907912254333496e-01
6.817596554756164551e-01
6.605331301689147949e-01
6.569030284881591797e-01
6.551722288131713867e-01
