7.031357288360595703e-01
6.994785070419311523e-01
7.169290781021118164e-01
7.331757545471191406e-01
7.216671705245971680e-01
6.889102458953857422e-01
7.071381807327270508e-01
7.323489189147949219e-01
7.138124704360961914e-01
7.138247489929199219e-01
7.178926467895507812e-01
7.197961807250976562e-01
7.241728305816650391e-01
6.960640549659729004e-01
7.405223846435546875e-01
7.099241614341735840e-01
7.454810738563537598e-01
7.082188129425048828e-01
7.163546681404113770e-01
7.249625921249389648e-01
7.341089844703674316e-01
7.197843790054321289e-01
6.897027492523193359e-01
7.213441133499145508e-01
7.088791728019714355e-01
7.241483926773071289e-01
7.163414359092712402e-01
6.943837404251098633e-01
7.163771986961364746e-01
7.218687534332275391e-01
7.216953039169311523e-01
7.079528570175170898e-01
7.341101169586181641e-01
7.176617980003356934e-01
6.940112113952636719e-01
6.710938215255737305e-01
7.247443795204162598e-01
7.192264199256896973e-01
7.376475334167480469e-01
7.529271245002746582e-01
7.600587010383605957e-01
7.356963157653808594e-01
7.047876119613647461e-01
7.164273858070373535e-01
7.559847831726074219e-01
7.415075302124023438e-01
7.283468246459960938e-01
7.465323209762573242e-01
7.381295561790466309e-01
7.392389178276062012e-01
7.024035453796386719e-01
7.577085494995117188e-01
7.333168387413024902e-01
7.657412886619567871e-01
7.169179916381835938e-01
7.222921848297119141e-01
7.412007451057434082e-01
7.563242912292480469e-01
7.306417226791381836e-01
6.951611042022705078e-01
7.224034070968627930e-01
7.244817018508911133e-01
7.388109564781188965e-01
7.248748540878295898e-01
6.990773081779479980e-01
7.224545478820800781e-01
7.317389845848083496e-01
7.261981964111328125e-01
7.124384641647338867e-01
7.391900420188903809e-01
7.196777462959289551e-01
6.958138346672058105e-01
6.773982048034667969e-01
7.299563884735107422e-01
7.188830971717834473e-01
7.418883442878723145e-01
7.549555897712707520e-01
7.632551193237304688e-01
7.382182478904724121e-01
7.068035006523132324e-01
7.148386836051940918e-01
7.529946565628051758e-01
7.407732009887695312e-01
7.307103872299194336e-01
7.452416419982910156e-01
7.403217554092407227e-01
7.375892400741577148e-01
6.998039484024047852e-01
7.541765570640563965e-01
7.338858246803283691e-01
7.675343751907348633e-01
7.182291746139526367e-01
7.227544784545898438e-01
7.410917878150939941e-01
7.553002238273620605e-01
7.258346676826477051e-01
6.931056976318359375e-01
7.169005870819091797e-01
7.260231971740722656e-01
7.417688965797424316e-01
7.288160920143127441e-01
7.005658149719238281e-01
7.208923101425170898e-01
7.323405742645263672e-01
7.268654108047485352e-01
7.128434181213378906e-01
7.401493191719055176e-01
7.189070582389831543e-01
6.981021761894226074e-01
6.797618865966796875e-01
7.319793701171875000e-01
7.193549871444702148e-01
7.432512044906616211e-01
7.549654841423034668e-01
7.651176452636718750e-01
7.398583292961120605e-01
7.083119153976440430e-01
7.142018675804138184e-01
7.519750595092773438e-01
7.407584190368652344e-01
7.323144078254699707e-01
7.442803382873535156e-01
7.399481534957885742e-01
7.357526421546936035e-01
7.004526853561401367e-01
7.536928653717041016e-01
7.335928678512573242e-01
7.699372768402099609e-01
7.190313935279846191e-01
7.233707904815673828e-01
7.436586618423461914e-01
7.562060356140136719e-01
7.239177823066711426e-01
6.927416324615478516e-01
7.165727615356445312e-01
7.271168828010559082e-01
7.416873574256896973e-01
7.331001758575439453e-01
7.014625072479248047e-01
7.215139865875244141e-01
7.332156896591186523e-01
7.279076576232910156e-01
7.129369974136352539e-01
7.412433028221130371e-01
7.191730141639709473e-01
7.018713951110839844e-01
6.799080371856689453e-01
7.331864833831787109e-01
7.202513217926025391e-01
7.426053881645202637e-01
7.544755935668945312e-01
7.640802860260009766e-01
7.397884130477905273e-01
7.082659602165222168e-01
7.130329608917236328e-01
7.470638155937194824e-01
7.365069389343261719e-01
7.293447852134704590e-01
7.393013834953308105e-01
7.339403033256530762e-01
7.279435396194458008e-01
6.982953548431396484e-01
7.429375648498535156e-01
7.267701625823974609e-01
7.597727179527282715e-01
7.151086926460266113e-01
7.178213000297546387e-01
7.352709770202636719e-01
7.454363107681274414e-01
7.128440737724304199e-01
6.893132925033569336e-01
7.085012197494506836e-01
7.180957794189453125e-01
7.331967353820800781e-01
7.246265411376953125e-01
6.988581418991088867e-01
7.117791771888732910e-01
7.223464250564575195e-01
7.175747752189636230e-01
7.071812748908996582e-01
7.290278673171997070e-01
7.092633247375488281e-01
6.974484324455261230e-01
6.784958839416503906e-01
7.227427363395690918e-01
7.106757164001464844e-01
7.292421460151672363e-01
7.354709506034851074e-01
7.483739852905273438e-01
7.292318344116210938e-01
7.028341889381408691e-01
7.053467035293579102e-01
7.318471670150756836e-01
7.262018322944641113e-01
7.211831212043762207e-01
7.282528877258300781e-01
7.255973219871520996e-01
7.180584073066711426e-01
6.937365531921386719e-01
7.302099466323852539e-01
7.175782918930053711e-01
7.475808858871459961e-01
7.093706130981445312e-01
7.114987969398498535e-01
7.247517108917236328e-01
7.344579696655273438e-01
7.048580050468444824e-01
6.853008270263671875e-01
7.025030851364135742e-01
7.108125090599060059e-01
7.267504930496215820e-01
7.195560932159423828e-01
6.968830227851867676e-01
7.054716944694519043e-01
7.156168818473815918e-01
7.113426923751831055e-01
7.033680677413940430e-01
7.230100631713867188e-01
7.045577764511108398e-01
6.954393982887268066e-01
6.781917810440063477e-01
7.165260910987854004e-01
7.079790830612182617e-01
7.222747802734375000e-01
7.259871363639831543e-01
7.410036325454711914e-01
7.252173423767089844e-01
7.005044817924499512e-01
7.024214863777160645e-01
7.240252494812011719e-01
7.207881808280944824e-01
7.162041664123535156e-01
7.231107950210571289e-01
7.208427190780639648e-01
7.120036482810974121e-01
6.924645304679870605e-01
7.222568988800048828e-01
7.114478349685668945e-01
7.408344745635986328e-01
7.059718966484069824e-01
7.075302600860595703e-01
7.180036902427673340e-01
7.270686626434326172e-01
6.991825103759765625e-01
6.838309168815612793e-01
6.974757313728332520e-01
7.060689926147460938e-01
7.216886281967163086e-01
7.159489989280700684e-01
6.951526999473571777e-01
7.012255787849426270e-01
7.099273204803466797e-01
7.070261240005493164e-01
7.013173103332519531e-01
7.173795104026794434e-01
7.021724581718444824e-01
6.945184469223022461e-01
6.791768670082092285e-01
7.117078304290771484e-01
7.055709362030029297e-01
7.166697978973388672e-01
7.181767821311950684e-01
7.347930669784545898e-01
7.216137647628784180e-01
6.991301774978637695e-01
7.003712654113769531e-01
7.184983491897583008e-01
7.168582677841186523e-01
7.125486135482788086e-01
7.186903953552246094e-01
7.175076603889465332e-01
7.077535390853881836e-01
6.909360885620117188e-01
7.165809869766235352e-01
7.077941894531250000e-01
7.343862056732177734e-01
7.036423683166503906e-01
7.048008441925048828e-01
7.116854786872863770e-01
7.212778925895690918e-01
6.940230727195739746e-01
6.822565793991088867e-01
6.943894624710083008e-01
7.010955810546875000e-01
7.186280488967895508e-01
7.131052017211914062e-01
6.951527595520019531e-01
6.982994675636291504e-01
7.057369947433471680e-01
7.040781974792480469e-01
7.004151344299316406e-01
7.133091688156127930e-01
7.003294229507446289e-01
6.940346360206604004e-01
6.801068782806396484e-01
7.083311676979064941e-01
7.041206955909729004e-01
7.128250598907470703e-01
7.120350599288940430e-01
7.301746606826782227e-01
7.194678783416748047e-01
6.975759267807006836e-01
6.985082626342773438e-01
7.113200426101684570e-01
7.127171158790588379e-01
7.091058492660522461e-01
7.139814496040344238e-01
7.123318910598754883e-01
7.024453282356262207e-01
6.898136734962463379e-01
7.097278833389282227e-01
7.024902701377868652e-01
7.254163026809692383e-01
7.008450627326965332e-01
7.011824846267700195e-01
7.043854594230651855e-01
7.135111093521118164e-01
6.880525350570678711e-01
6.814975738525390625e-01
6.888945102691650391e-01
6.957405209541320801e-01
7.129979133605957031e-01
7.087209224700927734e-01
6.956702470779418945e-01
6.939260959625244141e-01
7.000839710235595703e-01
7.002024054527282715e-01
6.994434595108032227e-01
7.071096301078796387e-01
6.968743801116943359e-01
6.931304335594177246e-01
6.817490458488464355e-01
7.037389874458312988e-01
7.006708979606628418e-01
7.063909769058227539e-01
7.034135460853576660e-01
7.222590446472167969e-01
7.146708369255065918e-01
6.955391764640808105e-01
6.954766511917114258e-01
7.038294076919555664e-01
7.081413865089416504e-01
7.057819366455078125e-01
7.091985940933227539e-01
7.086278200149536133e-01
6.986901164054870605e-01
6.879679560661315918e-01
7.036394476890563965e-01
6.984066963195800781e-01
7.190158367156982422e-01
6.975231170654296875e-01
6.979210972785949707e-01
6.986607909202575684e-01
7.072131037712097168e-01
6.845612525939941406e-01
6.799209713935852051e-01
6.854696273803710938e-01
6.914851665496826172e-01
7.098811864852905273e-01
7.061668634414672852e-01
6.950103044509887695e-01
6.900435090065002441e-01
6.959772706031799316e-01
6.973347663879394531e-01
6.986415386199951172e-01
7.022082209587097168e-01
6.942008733749389648e-01
6.925011873245239258e-01
6.818256974220275879e-01
7.016116380691528320e-01
6.984795331954956055e-01
7.023258805274963379e-01
6.979225873947143555e-01
7.176101803779602051e-01
7.119528055191040039e-01
6.950942873954772949e-01
6.934660673141479492e-01
6.984882354736328125e-01
7.056014537811279297e-01
7.035803794860839844e-01
7.060747742652893066e-01
7.058793902397155762e-01
6.953219175338745117e-01
6.867091655731201172e-01
7.000788450241088867e-01
6.959807872772216797e-01
7.150369286537170410e-01
6.958439350128173828e-01
6.960535049438476562e-01
6.949463486671447754e-01
7.032622694969177246e-01
6.818036437034606934e-01
6.795032024383544922e-01
6.821412444114685059e-01
6.880078315734863281e-01
7.078140377998352051e-01
7.045381665229797363e-01
6.947983503341674805e-01
6.882191300392150879e-01
6.927673816680908203e-01
6.961385607719421387e-01
6.978914737701416016e-01
6.987792253494262695e-01
6.923777461051940918e-01
6.920126676559448242e-01
6.822339296340942383e-01
6.986022591590881348e-01
6.976859569549560547e-01
6.988829374313354492e-01
6.938695311546325684e-01
7.136387228965759277e-01
7.093265056610107422e-01
6.944280266761779785e-01
6.923915147781372070e-01
6.941676139831542969e-01
7.034142017364501953e-01
7.020820379257202148e-01
7.031058073043823242e-01
7.041559219360351562e-01
6.931036710739135742e-01
6.856457591056823730e-01
6.972088813781738281e-01
6.939032077789306641e-01
7.118692994117736816e-01
6.949988603591918945e-01
6.944032907485961914e-01
6.920503377914428711e-01
6.992377638816833496e-01
6.800882816314697266e-01
6.782655715942382812e-01
6.791581511497497559e-01
6.859594583511352539e-01
7.061551809310913086e-01
7.036195397377014160e-01
6.952539682388305664e-01
6.867790222167968750e-01
6.898194551467895508e-01
6.950466036796569824e-01
6.972891688346862793e-01
6.966091394424438477e-01
6.906631588935852051e-01
6.922675371170043945e-01
6.833816170692443848e-01
6.970208287239074707e-01
6.968707442283630371e-01
6.963171362876892090e-01
6.913287043571472168e-01
7.104823589324951172e-01
7.077941298484802246e-01
6.943474411964416504e-01
6.910863518714904785e-01
6.901474595069885254e-01
7.014030814170837402e-01
7.002121210098266602e-01
7.006251811981201172e-01
7.017641663551330566e-01
6.911330223083496094e-01
6.844956874847412109e-01
6.935677528381347656e-01
6.908764839172363281e-01
7.083728313446044922e-01
6.944901943206787109e-01
6.923307180404663086e-01
6.877695322036743164e-01
6.950019001960754395e-01
6.776382327079772949e-01
6.794671416282653809e-01
6.762581467628479004e-01
6.815681457519531250e-01
7.026938199996948242e-01
7.017828226089477539e-01
6.951745152473449707e-01
6.843554973602294922e-01
6.873546838760375977e-01
6.939212679862976074e-01
6.966189742088317871e-01
6.927635669708251953e-01
6.884606480598449707e-01
6.910806894302368164e-01
6.847164034843444824e-01
6.945609450340270996e-01
6.942931413650512695e-01
6.923892498016357422e-01
6.856650710105895996e-01
7.056984305381774902e-01
7.049175500869750977e-01
6.930167078971862793e-01
6.881368160247802734e-01
6.857013702392578125e-01
6.980404853820800781e-01
6.976359486579895020e-01
6.969339847564697266e-01
6.995628476142883301e-01
6.893290281295776367e-01
6.824078559875488281e-01
6.891773939132690430e-01
6.883941888809204102e-01
7.049328684806823730e-01
6.927061676979064941e-01
6.899470090866088867e-01
6.841534972190856934e-01
6.913553476333618164e-01
6.752446889877319336e-01
6.781159639358520508e-01
6.733736395835876465e-01
6.786540746688842773e-01
7.000792026519775391e-01
6.998267173767089844e-01
6.942602396011352539e-01
6.816067099571228027e-01
6.852120161056518555e-01
6.922853589057922363e-01
6.950180530548095703e-01
6.895821690559387207e-01
6.859204769134521484e-01
6.899206042289733887e-01
6.843650937080383301e-01
6.918298006057739258e-01
6.931602358818054199e-01
6.898646950721740723e-01
6.827974319458007812e-01
7.024089097976684570e-01
7.025268673896789551e-01
6.921806931495666504e-01
6.865595579147338867e-01
6.823273897171020508e-01
6.953650116920471191e-01
6.955903172492980957e-01
6.945055723190307617e-01
6.974969506263732910e-01
6.874668002128601074e-01
6.815477609634399414e-01
6.862201690673828125e-01
6.859560012817382812e-01
7.026274800300598145e-01
6.912388801574707031e-01
6.880311965942382812e-01
6.817966699600219727e-01
6.889153122901916504e-01
6.732548475265502930e-01
6.775842905044555664e-01
6.708937883377075195e-01
6.765488386154174805e-01
6.980124115943908691e-01
6.992657780647277832e-01
6.927865147590637207e-01
6.797433495521545410e-01
6.831108331680297852e-01
6.911063194274902344e-01
6.939779520034790039e-01
6.874830722808837891e-01
6.839019060134887695e-01
6.884324550628662109e-01
6.835338473320007324e-01
6.899656653404235840e-01
6.920011639595031738e-01
6.879301667213439941e-01
6.807382106781005859e-01
7.004368305206298828e-01
7.006616592407226562e-01
6.915403604507446289e-01
6.856322884559631348e-01
6.802384257316589355e-01
6.939293146133422852e-01
6.938003897666931152e-01
6.925440430641174316e-01
6.957372426986694336e-01
6.859170794486999512e-01
6.802736520767211914e-01
6.837363243103027344e-01
6.837108135223388672e-01
7.007660865783691406e-01
6.897223591804504395e-01
6.862239241600036621e-01
6.797729730606079102e-01
6.861326098442077637e-01
6.713694930076599121e-01
6.764584779739379883e-01
6.694439649581909180e-01
6.746178269386291504e-01
6.968035101890563965e-01
6.976812481880187988e-01
6.917881369590759277e-01
6.781018972396850586e-01
6.807711124420166016e-01
6.908025145530700684e-01
6.928765177726745605e-01
6.852059960365295410e-01
6.823177933692932129e-01
6.872364878654479980e-01
6.836744546890258789e-01
6.881281733512878418e-01
6.911638379096984863e-01
6.860927939414978027e-01
6.784988045692443848e-01
6.984875798225402832e-01
6.989679932594299316e-01
6.912179589271545410e-01
6.847113966941833496e-01
6.779194474220275879e-01
6.923358440399169922e-01
6.923347711563110352e-01
6.901449561119079590e-01
6.943228244781494141e-01
6.847931146621704102e-01
6.791016459465026855e-01
6.809292435646057129e-01
6.819787621498107910e-01
6.986308693885803223e-01
6.888698935508728027e-01
6.846161484718322754e-01
6.771806478500366211e-01
6.843103170394897461e-01
6.699581742286682129e-01
6.761173009872436523e-01
6.678476333618164062e-01
6.731497645378112793e-01
6.951692104339599609e-01
6.968139410018920898e-01
6.908659934997558594e-01
6.760502457618713379e-01
6.793649196624755859e-01
6.899945139884948730e-01
6.917621493339538574e-01
6.832904815673828125e-01
6.809923648834228516e-01
6.856492161750793457e-01
6.833096146583557129e-01
6.855138540267944336e-01
6.895017623901367188e-01
6.836501359939575195e-01
6.762132048606872559e-01
6.960286498069763184e-01
6.970530748367309570e-01
6.896575689315795898e-01
6.826995611190795898e-01
6.755663156509399414e-01
6.903198957443237305e-01
6.903374195098876953e-01
6.877070069313049316e-01
6.921962499618530273e-01
6.832000017166137695e-01
6.778906583786010742e-01
6.782909035682678223e-01
6.799250841140747070e-01
6.970204114913940430e-01
6.872412562370300293e-01
6.824674606323242188e-01
6.746360659599304199e-01
6.815571784973144531e-01
6.682192087173461914e-01
6.746402978897094727e-01
6.662130951881408691e-01
6.708451509475708008e-01
6.937649250030517578e-01
6.949822306632995605e-01
6.898221373558044434e-01
6.734337806701660156e-01
6.774603128433227539e-01
6.887207031250000000e-01
6.903043985366821289e-01
6.813349127769470215e-01
6.795254945755004883e-01
6.835100054740905762e-01
6.828050017356872559e-01
6.832141280174255371e-01
6.879441738128662109e-01
6.819291114807128906e-01
6.740381121635437012e-01
6.939086914062500000e-01
6.951815485954284668e-01
6.890896558761596680e-01
6.823568344116210938e-01
6.740382909774780273e-01
6.880977153778076172e-01
6.885337233543395996e-01
6.852619647979736328e-01
6.907064914703369141e-01
6.821501255035400391e-01
6.764529943466186523e-01
6.760357618331909180e-01
6.781209707260131836e-01
6.952584385871887207e-01
6.858924031257629395e-01
6.811419129371643066e-01
6.722931861877441406e-01
6.800645589828491211e-01
6.669508218765258789e-01
6.736713647842407227e-01
6.649118661880493164e-01
6.693224906921386719e-01
6.923349499702453613e-01
6.944864988327026367e-01
6.888307929039001465e-01
6.718618273735046387e-01
6.756910085678100586e-01
6.880120038986206055e-01
6.893185377120971680e-01
6.800649166107177734e-01
6.779904961585998535e-01
6.815879344940185547e-01
6.826139092445373535e-01
6.814385652542114258e-01
6.864533424377441406e-01
6.802757382392883301e-01
6.725080609321594238e-01
6.923579573631286621e-01
6.937914490699768066e-01
6.878856420516967773e-01
6.808596849441528320e-01
6.723953485488891602e-01
6.866254806518554688e-01
6.875362992286682129e-01
6.835255026817321777e-01
6.893911957740783691e-01
6.811165213584899902e-01
6.750020384788513184e-01
6.735368967056274414e-01
6.764152050018310547e-01
6.939284801483154297e-01
6.846544742584228516e-01
6.794310808181762695e-01
6.707177162170410156e-01
6.778066158294677734e-01
6.657440066337585449e-01
6.727844476699829102e-01
6.638003587722778320e-01
6.673209667205810547e-01
6.911879777908325195e-01
6.930466890335083008e-01
6.872929930686950684e-01
6.699538230895996094e-01
6.743906736373901367e-01
6.871832013130187988e-01
6.878416538238525391e-01
6.783730387687683105e-01
6.761217713356018066e-01
6.802871823310852051e-01
6.821547150611877441e-01
6.797930002212524414e-01
6.847533583641052246e-01
6.788196563720703125e-01
6.709313988685607910e-01
6.908506155014038086e-01
6.917901039123535156e-01
6.873420476913452148e-01
6.806273460388183594e-01
6.706851720809936523e-01
6.847776770591735840e-01
6.863774061203002930e-01
6.815880537033081055e-01
6.874319314956665039e-01
6.807631850242614746e-01
6.736516952514648438e-01
6.711580753326416016e-01
6.752787232398986816e-01
6.922840476036071777e-01
6.833525896072387695e-01
6.780976057052612305e-01
6.688879728317260742e-01
6.765842437744140625e-01
6.645148992538452148e-01
6.715947389602661133e-01
6.631505489349365234e-01
6.664977073669433594e-01
6.900585889816284180e-01
6.919157505035400391e-01
6.860501170158386230e-01
6.688715815544128418e-01
6.727884411811828613e-01
6.862928271293640137e-01
6.868025660514831543e-01
6.767443418502807617e-01
6.749281883239746094e-01
6.787194013595581055e-01
6.822547912597656250e-01
6.789340972900390625e-01
6.843495368957519531e-01
6.781938672065734863e-01
6.695398688316345215e-01
6.895812153816223145e-01
6.901389360427856445e-01
6.859519481658935547e-01
6.797143220901489258e-01
6.693723201751708984e-01
6.836509704589843750e-01
6.856297850608825684e-01
6.800372004508972168e-01
6.863928437232971191e-01
6.797457337379455566e-01
6.724643111228942871e-01
6.691670417785644531e-01
6.741898059844970703e-01
6.908972263336181641e-01
6.822132468223571777e-01
6.769984960556030273e-01
6.672107577323913574e-01
6.753338575363159180e-01
6.631053686141967773e-01
6.708089113235473633e-01
6.622923612594604492e-01
6.655463576316833496e-01
6.889120340347290039e-01
6.913240551948547363e-01
6.859187483787536621e-01
6.675231456756591797e-01
6.722278594970703125e-01
6.858273744583129883e-01
6.855783462524414062e-01
6.752791404724121094e-01
6.737703084945678711e-01
6.773542165756225586e-01
6.817682981491088867e-01
6.771482825279235840e-01
