2.498826098442077814e+00
7.075749111175536621e-01
6.945486283302306774e-01
6.920425748825073109e-01
6.716823935508727805e-01
6.480319237709045721e-01
5.352808976173401012e-01
3.920378351211548096e-01
3.183535706996917791e-01
2.465925985574722312e-01
1.996215206384658880e-01
1.592278933525085316e-01
1.619665658473968539e-01
1.668656742572784402e-01
1.225590300559997597e-01
1.004536886513233140e-01
8.050556860864162279e-02
6.470182999968528137e-02
7.628124967217445040e-02
7.489545434713364147e-02
6.142258524894714244e-02
9.585437715053558849e-02
5.663138478994369368e-02
8.211018741130829413e-02
7.958786338567733210e-02
5.347913622856140248e-02
3.444394737482071173e-02
7.386480890214443262e-02
4.093536674976348821e-02
5.872291624546051303e-02
5.380232758820056860e-02
4.301597774028777937e-02
5.990501344203948836e-02
4.016116663813591031e-02
4.804078638553619524e-02
5.792772784829139376e-02
7.221237778663634754e-02
6.672447234392166193e-02
6.408891648054122758e-02
5.669155538082122636e-02
3.977109000086784252e-02
2.383350118994712746e-02
3.101983569562435233e-02
3.151029020547866516e-02
3.291058793663978466e-02
3.482316248118877411e-02
4.945798173546791382e-02
3.305907294154167286e-02
