2.454403047561645401e+00
7.042509317398071289e-01
6.932528829574584606e-01
6.890349864959717241e-01
6.790024113655089844e-01
6.432674026489257901e-01
5.600616979598999068e-01
4.736740124225616300e-01
3.417746698856353738e-01
2.230816411972045832e-01
2.094393062591552723e-01
1.704173773527145330e-01
1.173495560884475764e-01
1.296247941255569414e-01
1.123285257816314664e-01
1.174392277002334617e-01
9.860894680023193914e-02
7.717801570892333929e-02
8.787451028823851928e-02
1.207849144935607966e-01
1.129219651222228976e-01
1.041115885972976746e-01
7.647208750247955211e-02
1.026218819618225087e-01
4.477334648370742687e-02
6.583014041185379639e-02
6.439145088195800948e-02
6.151693522930145458e-02
9.419155180454254206e-02
4.458721414208412226e-02
6.830143108963966647e-02
4.226796329021453857e-02
