1.847644391059875435e+00
7.315411496162415039e-01
6.997862100601196511e-01
6.898029661178588512e-01
6.832648825645446511e-01
6.615010499954223633e-01
5.813748621940613148e-01
4.648127949237823575e-01
3.278399729728698753e-01
2.816978561878204501e-01
2.130598664283752386e-01
1.886393469572067161e-01
1.435915851593017600e-01
1.329376208782196145e-01
1.697687745094299261e-01
1.171864628791809138e-01
8.845619916915893610e-02
1.081683781743049688e-01
9.227674014866352192e-02
5.839863866567611417e-02
7.610796183347702526e-02
4.728425025939941156e-02
9.834119297564029860e-02
7.385811433196068365e-02
1.012804353237152094e-01
5.993602067232131625e-02
6.285131305456161110e-02
3.324973836541175731e-02
5.797001868486404558e-02
