2.473823180198669647e+00
7.009045720100403054e-01
6.940038299560546964e-01
6.922876429557800471e-01
6.964255642890929687e-01
6.904429221153258744e-01
6.729286122322082342e-01
6.177746200561523571e-01
5.654907417297363459e-01
4.476218259334563965e-01
3.900564801692962824e-01
2.885191667079925470e-01
2.497054159641265980e-01
1.641616785526275601e-01
1.584576612710952848e-01
1.111281657218933100e-01
1.065989714860916121e-01
1.332019144296646140e-01
1.129272648692131037e-01
7.927519425749779414e-02
6.051400125026702714e-02
7.709989994764328280e-02
7.327013283967971635e-02
9.475151836872100497e-02
4.871122777462005837e-02
8.882316112518311157e-02
7.109951764345169567e-02
9.366836547851561945e-02
5.899933382868766812e-02
5.586590975522995328e-02
