2.199271454811096316e+00
7.074692034721374867e-01
6.966993880271911133e-01
6.927006459236144664e-01
6.904777431488037243e-01
6.772697401046753329e-01
6.504808187484740767e-01
5.409448432922363548e-01
4.346231806278229026e-01
2.867183941602706732e-01
1.960419023036956698e-01
1.747724318504333407e-01
1.365960198640823464e-01
1.767553913593292170e-01
1.294997477531433239e-01
1.154614269733428983e-01
1.141042613983154347e-01
7.534842848777771607e-02
1.138692772388458230e-01
9.353176683187484908e-02
4.847317248582840021e-02
4.919416576623916737e-02
5.377779036760330089e-02
7.471915483474730890e-02
8.677652761340141907e-02
7.052620291709900402e-02
5.343626856803893738e-02
5.039746373891830500e-02
5.587949156761169711e-02
6.209023438394069977e-02
5.358228951692581288e-02
6.404919803142547496e-02
7.143728882074355802e-02
6.388041049242020042e-02
6.345635712146759089e-02
