8.016769709886202300e-01
6.935803656489553104e-01
6.941227317237894656e-01
6.927625821525413841e-01
6.921359017278330139e-01
6.908387284887251845e-01
6.892521722194149270e-01
6.888351322161456736e-01
6.908124880366470766e-01
6.863174084434892075e-01
6.835735452971224424e-01
6.819631399593553134e-01
6.860585906293463765e-01
6.806990121609879374e-01
6.813731742281635695e-01
6.784091049200032808e-01
6.819795804006447693e-01
6.784720752751468575e-01
6.725384962057695537e-01
6.751741874388395015e-01
6.780011787810303892e-01
6.730877198541191930e-01
6.699652292719776581e-01
6.687096272523097573e-01
6.665977335622220723e-01
6.588484816060838911e-01
6.608676924897786131e-01
6.553884052584261211e-01
6.562501160427530733e-01
6.571642388686050884e-01
6.527114077649037727e-01
6.424748155133210847e-01
6.553414358954351426e-01
6.480265203406364583e-01
6.467782961475282422e-01
6.360584960351094441e-01
6.326963787320989407e-01
6.335192725097341659e-01
6.380755933765055454e-01
6.273596381515436082e-01
6.250364413794511353e-01
6.113365931833428801e-01
6.136315321271189616e-01
6.050993850268304719e-01
5.957035652757430855e-01
5.977944226338203215e-01
5.916057877101088547e-01
5.807531786697466281e-01
5.703051135258708770e-01
5.781031975441963677e-01
5.619917024751195367e-01
5.521928047813381424e-01
5.434723059607640128e-01
5.404586037110236107e-01
5.247772144615103773e-01
5.403132010477805780e-01
5.138581251955650631e-01
