7.769867885641676963e-01
6.941323245751572779e-01
6.936343715052555314e-01
6.938963931168306010e-01
6.930380764674815008e-01
6.920272874750781344e-01
6.903787306144375524e-01
6.884672100633484337e-01
6.848563828565968903e-01
6.812643577621252389e-01
6.848100722853234235e-01
6.805142066584511928e-01
6.792111868744417080e-01
6.762175346397295561e-01
6.773398976277166250e-01
6.769669609265115406e-01
6.698870583605848195e-01
6.722331331858455439e-01
6.695619414690819893e-01
6.664853797837736460e-01
6.635260459912921682e-01
6.555181218902406126e-01
6.597312123295389075e-01
6.624030360996521205e-01
6.508019822856264680e-01
6.403196220105011882e-01
6.382780841999899923e-01
6.289348345974606902e-01
6.255061886823217732e-01
6.188435424309949306e-01
6.146917430614041722e-01
5.991014866698726182e-01
5.952200470524029452e-01
5.777706617788243015e-01
5.693627909181874225e-01
