8.135766771802623865e-01
6.936753442197406416e-01
6.933658593291536221e-01
6.928628050800271776e-01
6.933625184678309239e-01
6.943432082874525513e-01
6.942408032856797195e-01
6.933917129678158764e-01
6.934650925804562993e-01
6.934239124091978734e-01
6.932440029931317138e-01
6.933207946696565704e-01
6.931926721267057667e-01
6.933950600223244276e-01
6.926916128845898024e-01
6.933920171460745685e-01
6.923441033717383508e-01
6.928159223707698322e-01
6.918223000727459215e-01
6.889750105449073958e-01
6.888172861124270963e-01
6.917965854056131736e-01
6.899744892822340381e-01
6.866330403953008199e-01
6.867395914107058408e-01
