8.072905768228029189e-01
6.935081924994362934e-01
6.933757013060883878e-01
6.935576355632800949e-01
6.908240985432896331e-01
6.919616850449480383e-01
6.893005248247395800e-01
6.873621024479102948e-01
6.866422345675409211e-01
6.858520268605465819e-01
6.845941012389424873e-01
6.861753326019854882e-01
6.825561341965709072e-01
6.796481084640483283e-01
6.779625620164417832e-01
6.799063561871688810e-01
6.793769065418656661e-01
6.790626443905033449e-01
6.778575257372952967e-01
6.774777260853177552e-01
6.739941169540586419e-01
6.731305397062991025e-01
6.666638369699620092e-01
6.674771635980526474e-01
6.628147102582421235e-01
6.614987559859780708e-01
6.565865309273533068e-01
6.597500663590072367e-01
6.572067233858418511e-01
6.531674326394496521e-01
6.555082297843988215e-01
6.549778791768022801e-01
6.438709701559857113e-01
6.460754698035506838e-01
6.387524145967496958e-01
6.341613653068834955e-01
6.307457556774398455e-01
6.243018350393654270e-01
6.267600117753200362e-01
6.185936244510246151e-01
6.165297871997215129e-01
6.219989537989276673e-01
6.089549836304639641e-01
6.014021852262141365e-01
6.027655121942865346e-01
