7.938342045079371800e-01
6.933281473419624641e-01
6.935566575994668304e-01
6.933296286706249756e-01
6.930688591000365717e-01
6.920139150678513706e-01
6.924713560709293558e-01
6.920573878751168362e-01
6.902997566866727608e-01
6.891866638026106218e-01
6.910382343274533712e-01
6.896640556133806221e-01
6.899567486152787810e-01
6.885318902857857637e-01
6.884991142295535660e-01
6.877695580955148769e-01
6.865790294690352624e-01
6.850574573194748718e-01
6.856451988449121515e-01
6.856102782931693396e-01
6.840626652469150581e-01
6.840383160691640985e-01
6.822316425172713084e-01
6.822517231783938874e-01
6.771259238299260907e-01
6.806021233548075200e-01
6.776770624316830194e-01
6.748620061088987931e-01
6.706006302237383920e-01
6.730430735971008049e-01
6.718979359614155600e-01
6.699277227917330713e-01
6.679119161255252513e-01
6.656497856663671220e-01
6.588573185065317306e-01
6.617684078440372319e-01
