6.944220107616032589e-01
6.927950626439001169e-01
6.935200412862494446e-01
6.933162102398506832e-01
6.924963975692409734e-01
6.924775721398039874e-01
6.927320552398575915e-01
6.932192782663805231e-01
6.928066754449012654e-01
6.927910340321373761e-01
6.928500545963967028e-01
6.927799829593518366e-01
6.927080298665792002e-01
6.926167533231909479e-01
6.923312605367624162e-01
6.915046878628631211e-01
6.919665432813189021e-01
6.909328507329199898e-01
6.903185904385158445e-01
6.905873423889430374e-01
6.904865584286091762e-01
6.898823438183916412e-01
