6.945230977118421745e-01
6.930533685476536476e-01
6.930201434204555921e-01
6.931965063385923109e-01
6.929370484628326610e-01
6.932217716148469933e-01
6.928638360116412542e-01
6.926064950596848568e-01
6.927676641356036447e-01
6.928867322062995937e-01
6.926677862838904742e-01
6.928259491124729719e-01
6.928579069655574907e-01
6.930242133273485372e-01
6.929657315071793278e-01
6.930740403367261493e-01
6.926534491487287282e-01
6.928539470200621997e-01
6.925481794691046300e-01
6.922031039133522690e-01
6.923809806365764929e-01
6.921804089490054546e-01
6.916772633595014153e-01
