6.942583528195992448e-01
6.929989824795973474e-01
6.931005714565471321e-01
6.929859203435041470e-01
6.928398717704148391e-01
6.926843836836887869e-01
6.925954736469119855e-01
6.925067694181978872e-01
6.930019565873057896e-01
6.925833036954464061e-01
6.924586947338172704e-01
6.927283278059734872e-01
6.928272528178560652e-01
6.927948051453971523e-01
6.926740173661811717e-01
6.929131864580488909e-01
6.922061011959258492e-01
6.917351379600530370e-01
6.913038165233306165e-01
6.901196182934968837e-01
6.895191718400748293e-01
6.890254278070208072e-01
