6.943863343440275226e-01
6.931647892942929268e-01
6.927676803484723589e-01
6.927864096451349374e-01
6.926054994941768239e-01
6.929337034619102997e-01
6.928096499340888892e-01
6.931083019430832604e-01
6.927833028780125968e-01
6.929534030510796638e-01
6.928075131733639758e-01
6.931317819917544032e-01
6.927324995678297848e-01
6.929101352915292278e-01
6.927259781798195126e-01
6.927644153628255141e-01
6.929635643234830500e-01
6.933008575115195971e-01
6.927007195794518957e-01
6.926525955888764852e-01
6.920142585168632676e-01
6.916648555557151079e-01
