6.943286005020141705e-01
6.929437600135802677e-01
6.926127324104308647e-01
6.926624549865723068e-01
6.927276126861572347e-01
6.924153216361998986e-01
6.926572584152221879e-01
6.925191759109496914e-01
6.923441206932068326e-01
6.930244038581848676e-01
6.923590276718140091e-01
6.927726196289062388e-01
6.924215463638305756e-01
6.924651331901550133e-01
6.922325032234192266e-01
6.914983289718628079e-01
6.913060480117797502e-01
6.904142110824584844e-01
6.898202090263366726e-01
6.893601177215575859e-01
6.883478916168213058e-01
6.883140277862548340e-01
6.875813297271728963e-01
