6.974004507064819336e-01
6.981338262557983398e-01
6.953353881835937500e-01
6.855179071426391602e-01
6.957294940948486328e-01
6.995052099227905273e-01
6.947513222694396973e-01
6.917750835418701172e-01
6.956692934036254883e-01
6.988652944564819336e-01
6.939470767974853516e-01
6.950179338455200195e-01
6.919752955436706543e-01
7.018901705741882324e-01
6.902346611022949219e-01
6.935369968414306641e-01
6.972185373306274414e-01
6.963985562324523926e-01
6.938154101371765137e-01
6.847563385963439941e-01
6.959674954414367676e-01
6.914275288581848145e-01
6.990073323249816895e-01
6.954537630081176758e-01
6.864727735519409180e-01
6.855427026748657227e-01
6.863483190536499023e-01
6.936381459236145020e-01
6.925489306449890137e-01
6.944084167480468750e-01
6.922256946563720703e-01
6.924053430557250977e-01
6.986312866210937500e-01
6.887881755828857422e-01
6.947979331016540527e-01
6.928845643997192383e-01
7.020670175552368164e-01
6.931784152984619141e-01
6.982887983322143555e-01
6.876565814018249512e-01
6.910779476165771484e-01
6.899773478507995605e-01
6.911449432373046875e-01
6.950438022613525391e-01
7.016972303390502930e-01
6.955906152725219727e-01
6.994080543518066406e-01
6.958562135696411133e-01
6.940821409225463867e-01
6.939383149147033691e-01
6.929045319557189941e-01
6.936519742012023926e-01
6.906703710556030273e-01
6.914602518081665039e-01
6.925800442695617676e-01
6.964840888977050781e-01
6.925628185272216797e-01
6.917808055877685547e-01
6.974872350692749023e-01
6.912690401077270508e-01
6.942945122718811035e-01
6.906049251556396484e-01
6.909418106079101562e-01
6.987959146499633789e-01
6.898664236068725586e-01
6.906465888023376465e-01
6.925386786460876465e-01
6.919178962707519531e-01
6.955451965332031250e-01
6.906995773315429688e-01
6.963182687759399414e-01
6.953441500663757324e-01
6.914225220680236816e-01
6.904129981994628906e-01
6.929219365119934082e-01
6.922559738159179688e-01
6.904862523078918457e-01
6.906067132949829102e-01
6.939136981964111328e-01
6.965960264205932617e-01
6.949521899223327637e-01
6.924411058425903320e-01
6.875625252723693848e-01
6.881731152534484863e-01
6.901702880859375000e-01
6.952208280563354492e-01
6.950354576110839844e-01
6.985738873481750488e-01
6.883700489997863770e-01
7.010425925254821777e-01
6.915537714958190918e-01
6.927736997604370117e-01
6.970407962799072266e-01
6.957802176475524902e-01
6.928009986877441406e-01
6.903919577598571777e-01
6.946551203727722168e-01
6.942068934440612793e-01
6.938273906707763672e-01
6.862557530403137207e-01
6.876908540725708008e-01
6.905786991119384766e-01
6.862593889236450195e-01
6.893743872642517090e-01
6.947310566902160645e-01
6.941565871238708496e-01
6.891553401947021484e-01
6.991781592369079590e-01
6.974962353706359863e-01
6.927254796028137207e-01
6.980209350585937500e-01
6.939979791641235352e-01
6.927191019058227539e-01
6.911582946777343750e-01
6.962295174598693848e-01
6.867362260818481445e-01
6.880865097045898438e-01
6.892576217651367188e-01
6.892437338829040527e-01
6.922280192375183105e-01
6.925545930862426758e-01
6.929643154144287109e-01
6.950361728668212891e-01
6.926096677780151367e-01
6.933810710906982422e-01
7.010709047317504883e-01
6.906922459602355957e-01
6.927285194396972656e-01
6.967568397521972656e-01
6.950883269309997559e-01
6.930894851684570312e-01
6.942379474639892578e-01
6.930190324783325195e-01
6.917493343353271484e-01
6.942626833915710449e-01
6.965206265449523926e-01
6.936483979225158691e-01
6.932843327522277832e-01
6.915137171745300293e-01
6.895987391471862793e-01
6.935098767280578613e-01
6.908541321754455566e-01
6.929150223731994629e-01
6.895533204078674316e-01
6.942405104637145996e-01
6.941912174224853516e-01
6.922308206558227539e-01
6.927503347396850586e-01
6.919384598731994629e-01
7.005298137664794922e-01
6.875107884407043457e-01
6.912012696266174316e-01
6.925027966499328613e-01
6.878765225410461426e-01
6.961769461631774902e-01
6.930673122406005859e-01
6.914609074592590332e-01
6.945707798004150391e-01
6.889967322349548340e-01
6.930143833160400391e-01
6.868944168090820312e-01
6.923506855964660645e-01
6.913639307022094727e-01
6.924459934234619141e-01
6.942182779312133789e-01
6.952998638153076172e-01
6.922512650489807129e-01
6.893395185470581055e-01
6.941332817077636719e-01
6.930180191993713379e-01
6.920730471611022949e-01
6.935604810714721680e-01
6.946908235549926758e-01
6.982618570327758789e-01
6.899997591972351074e-01
6.938011050224304199e-01
6.860402822494506836e-01
6.937556862831115723e-01
6.965228319168090820e-01
6.905928850173950195e-01
6.930939555168151855e-01
6.952962875366210938e-01
6.972517967224121094e-01
6.987853050231933594e-01
6.863485574722290039e-01
6.940500736236572266e-01
6.894948482513427734e-01
6.905248761177062988e-01
6.917505264282226562e-01
6.943655610084533691e-01
6.961998343467712402e-01
6.966533660888671875e-01
6.955890655517578125e-01
6.927495002746582031e-01
6.928418278694152832e-01
6.870080828666687012e-01
6.950591206550598145e-01
6.892287135124206543e-01
6.911951899528503418e-01
6.948617696762084961e-01
6.947286128997802734e-01
6.958747506141662598e-01
6.953487396240234375e-01
6.898017525672912598e-01
6.968396306037902832e-01
6.882112026214599609e-01
6.952363848686218262e-01
6.918546557426452637e-01
6.925468444824218750e-01
6.947643160820007324e-01
6.938198804855346680e-01
6.935079693794250488e-01
6.981987357139587402e-01
6.956314444541931152e-01
6.945800781250000000e-01
6.958460211753845215e-01
6.930079460144042969e-01
6.928198933601379395e-01
6.943794488906860352e-01
6.963565945625305176e-01
6.896026730537414551e-01
6.908118724822998047e-01
6.997083425521850586e-01
6.897206306457519531e-01
6.882180571556091309e-01
6.936548352241516113e-01
6.924857497215270996e-01
6.875138282775878906e-01
6.945416927337646484e-01
6.957409381866455078e-01
6.874907612800598145e-01
6.905475854873657227e-01
6.885846853256225586e-01
6.894696354866027832e-01
6.922758817672729492e-01
6.941111683845520020e-01
6.956803202629089355e-01
6.904433369636535645e-01
6.919320821762084961e-01
6.885455250740051270e-01
6.869347691535949707e-01
6.872788667678833008e-01
6.924903392791748047e-01
6.908028721809387207e-01
6.923640966415405273e-01
6.871525049209594727e-01
6.948881149291992188e-01
6.945623159408569336e-01
6.931071877479553223e-01
6.979765295982360840e-01
6.936692595481872559e-01
6.886388063430786133e-01
6.961877942085266113e-01
6.927943825721740723e-01
6.936135292053222656e-01
6.940957903861999512e-01
6.893329620361328125e-01
6.900426149368286133e-01
6.942144036293029785e-01
6.909562945365905762e-01
6.912933588027954102e-01
6.874586939811706543e-01
6.898539662361145020e-01
6.918337345123291016e-01
6.969499588012695312e-01
6.946385502815246582e-01
6.908274888992309570e-01
6.902503371238708496e-01
6.898224353790283203e-01
6.914156079292297363e-01
6.897066235542297363e-01
6.963877081871032715e-01
6.914358139038085938e-01
6.897476315498352051e-01
6.891922950744628906e-01
6.890379190444946289e-01
6.934164762496948242e-01
6.907902956008911133e-01
6.940248608589172363e-01
6.899392604827880859e-01
6.866275668144226074e-01
6.956417560577392578e-01
6.939184069633483887e-01
6.901988387107849121e-01
6.952109336853027344e-01
6.914727091789245605e-01
6.939985156059265137e-01
6.929028034210205078e-01
6.925954818725585938e-01
6.908942461013793945e-01
6.925806999206542969e-01
6.879411935806274414e-01
6.945204138755798340e-01
6.962473988533020020e-01
6.894798874855041504e-01
6.908020973205566406e-01
6.958000063896179199e-01
6.911294460296630859e-01
6.942436695098876953e-01
6.937845945358276367e-01
6.908569931983947754e-01
6.939429640769958496e-01
6.971651315689086914e-01
6.911473870277404785e-01
6.966692209243774414e-01
6.908556818962097168e-01
6.908137798309326172e-01
6.886974573135375977e-01
6.916676759719848633e-01
6.881734132766723633e-01
6.905250549316406250e-01
6.905226707458496094e-01
6.976369023323059082e-01
6.950603127479553223e-01
6.975060701370239258e-01
6.907333135604858398e-01
6.891937851905822754e-01
6.913223266601562500e-01
6.933422684669494629e-01
6.905469894409179688e-01
6.939778327941894531e-01
6.861240863800048828e-01
6.947218775749206543e-01
6.916319131851196289e-01
6.922357082366943359e-01
6.892719268798828125e-01
6.905306577682495117e-01
6.905914545059204102e-01
6.947391033172607422e-01
6.905187368392944336e-01
6.943860054016113281e-01
6.968084573745727539e-01
6.867551803588867188e-01
6.918408274650573730e-01
6.974171996116638184e-01
6.988046169281005859e-01
6.892769932746887207e-01
6.906584501266479492e-01
6.866366863250732422e-01
6.864802241325378418e-01
6.957721114158630371e-01
6.922874450683593750e-01
6.900667548179626465e-01
6.945129036903381348e-01
6.929711103439331055e-01
6.965602040290832520e-01
6.923301815986633301e-01
6.940017342567443848e-01
6.887684464454650879e-01
6.884868144989013672e-01
6.923544406890869141e-01
6.987257599830627441e-01
6.913678646087646484e-01
6.862390041351318359e-01
6.965994238853454590e-01
6.896358728408813477e-01
6.950182914733886719e-01
6.856777667999267578e-01
6.868304014205932617e-01
6.945249438285827637e-01
6.920911073684692383e-01
6.934701204299926758e-01
6.932109594345092773e-01
6.858772039413452148e-01
6.934929490089416504e-01
6.985014677047729492e-01
6.883450746536254883e-01
6.913411617279052734e-01
6.888489723205566406e-01
6.945938467979431152e-01
6.896272897720336914e-01
6.888804435729980469e-01
6.930621862411499023e-01
6.915937662124633789e-01
6.916760206222534180e-01
6.916912198066711426e-01
6.935704350471496582e-01
6.934666037559509277e-01
6.920368671417236328e-01
6.865114569664001465e-01
6.935855150222778320e-01
7.004128098487854004e-01
6.935402154922485352e-01
6.883270740509033203e-01
6.895308494567871094e-01
6.918416619300842285e-01
6.921143531799316406e-01
6.948155760765075684e-01
6.872960925102233887e-01
6.906656622886657715e-01
6.903269290924072266e-01
6.876770853996276855e-01
6.961208581924438477e-01
6.963863372802734375e-01
6.951627135276794434e-01
6.919389963150024414e-01
6.975444555282592773e-01
6.940338611602783203e-01
6.948071718215942383e-01
6.958996057510375977e-01
6.897782087326049805e-01
6.912723779678344727e-01
6.931242942810058594e-01
6.930572390556335449e-01
6.902889013290405273e-01
6.882897615432739258e-01
6.911796331405639648e-01
6.939761042594909668e-01
6.929954290390014648e-01
6.872244477272033691e-01
6.838178634643554688e-01
6.877813935279846191e-01
6.920897364616394043e-01
6.895285844802856445e-01
6.938694715499877930e-01
6.984667778015136719e-01
6.947111487388610840e-01
6.938745379447937012e-01
6.916291117668151855e-01
6.892502307891845703e-01
6.896443367004394531e-01
6.927503347396850586e-01
6.949129104614257812e-01
6.879864335060119629e-01
6.942539215087890625e-01
6.931644082069396973e-01
6.903027892112731934e-01
6.882554292678833008e-01
6.935978531837463379e-01
6.924285292625427246e-01
6.943618059158325195e-01
6.871599555015563965e-01
6.917301416397094727e-01
6.958143115043640137e-01
6.862097382545471191e-01
6.920495033264160156e-01
6.911064982414245605e-01
6.882163286209106445e-01
6.875182390213012695e-01
6.918718218803405762e-01
6.884705424308776855e-01
6.928344368934631348e-01
6.875145435333251953e-01
6.884964704513549805e-01
6.926853656768798828e-01
6.902649402618408203e-01
6.953719854354858398e-01
6.911990046501159668e-01
6.945153474807739258e-01
6.926375627517700195e-01
6.943755149841308594e-01
6.971429586410522461e-01
6.894999146461486816e-01
6.925159096717834473e-01
6.909130811691284180e-01
6.938197612762451172e-01
6.875172853469848633e-01
6.959224343299865723e-01
6.831092834472656250e-01
6.968464255332946777e-01
6.936941146850585938e-01
6.929116249084472656e-01
6.903318762779235840e-01
6.860761642456054688e-01
6.929780244827270508e-01
6.929512619972229004e-01
6.982108950614929199e-01
6.963075995445251465e-01
6.940320134162902832e-01
6.883419752120971680e-01
6.889153718948364258e-01
6.918396949768066406e-01
6.865317821502685547e-01
6.893111467361450195e-01
6.867552995681762695e-01
6.966163516044616699e-01
6.916402578353881836e-01
6.921566128730773926e-01
6.913773417472839355e-01
6.856886148452758789e-01
6.971566081047058105e-01
6.902188062667846680e-01
6.948262453079223633e-01
6.900729537010192871e-01
6.837258338928222656e-01
6.908947229385375977e-01
6.918050050735473633e-01
6.884071230888366699e-01
6.918249130249023438e-01
6.984809637069702148e-01
6.866935491561889648e-01
6.946204900741577148e-01
6.916196942329406738e-01
6.984067559242248535e-01
6.897781491279602051e-01
6.880332231521606445e-01
6.913950443267822266e-01
6.876564025878906250e-01
6.921426057815551758e-01
6.947314143180847168e-01
6.897978782653808594e-01
6.971296072006225586e-01
6.891753673553466797e-01
6.900603771209716797e-01
6.874625682830810547e-01
7.003651857376098633e-01
6.928555965423583984e-01
6.887561082839965820e-01
6.904182434082031250e-01
6.989505290985107422e-01
6.946326494216918945e-01
6.945006251335144043e-01
6.868249177932739258e-01
6.934796571731567383e-01
6.942991614341735840e-01
6.943564414978027344e-01
6.952335238456726074e-01
6.950353384017944336e-01
6.903238892555236816e-01
6.907830238342285156e-01
6.963335871696472168e-01
6.946942806243896484e-01
6.891896128654479980e-01
6.935983300209045410e-01
6.866694688796997070e-01
6.912353634834289551e-01
6.968528032302856445e-01
6.924365758895874023e-01
6.922148466110229492e-01
6.899178624153137207e-01
6.878534555435180664e-01
6.927927136421203613e-01
6.956593394279479980e-01
6.906322240829467773e-01
6.947934031486511230e-01
6.906769871711730957e-01
6.915783882141113281e-01
6.898574233055114746e-01
6.892937421798706055e-01
6.936277747154235840e-01
6.874518990516662598e-01
6.958264112472534180e-01
6.977331042289733887e-01
6.921142339706420898e-01
6.926061511039733887e-01
6.951693296432495117e-01
6.839043498039245605e-01
6.974772214889526367e-01
6.891370415687561035e-01
6.928071379661560059e-01
6.905968189239501953e-01
6.885051131248474121e-01
6.918442845344543457e-01
6.913831233978271484e-01
6.887453794479370117e-01
6.952133774757385254e-01
6.846877336502075195e-01
6.901211738586425781e-01
6.909070611000061035e-01
6.930509805679321289e-01
6.972468495368957520e-01
6.946423053741455078e-01
6.883922815322875977e-01
6.851053237915039062e-01
6.933996677398681641e-01
6.860852241516113281e-01
6.880109310150146484e-01
6.899828910827636719e-01
6.912477016448974609e-01
6.925069093704223633e-01
6.928215026855468750e-01
6.920096278190612793e-01
6.809877157211303711e-01
6.973575353622436523e-01
6.969202756881713867e-01
7.061241269111633301e-01
6.904593110084533691e-01
6.832377910614013672e-01
6.905699968338012695e-01
6.922277212142944336e-01
6.842464208602905273e-01
6.953967213630676270e-01
6.969869136810302734e-01
6.889081597328186035e-01
6.919966340065002441e-01
6.972756981849670410e-01
6.909356117248535156e-01
6.986683607101440430e-01
6.904276609420776367e-01
6.810342073440551758e-01
6.897780895233154297e-01
6.931624412536621094e-01
6.822205185890197754e-01
6.951116919517517090e-01
6.892453432083129883e-01
6.924243569374084473e-01
6.972493529319763184e-01
6.863915920257568359e-01
6.971659064292907715e-01
6.848545074462890625e-01
6.901480555534362793e-01
6.887867450714111328e-01
6.937488913536071777e-01
6.942841410636901855e-01
6.901452541351318359e-01
6.927506923675537109e-01
6.907960772514343262e-01
6.893098354339599609e-01
6.862891912460327148e-01
6.877231597900390625e-01
6.891039609909057617e-01
6.882702112197875977e-01
6.980814337730407715e-01
6.906180977821350098e-01
6.927987337112426758e-01
6.856714487075805664e-01
6.888036727905273438e-01
6.938491463661193848e-01
6.966567635536193848e-01
6.933583021163940430e-01
6.866881847381591797e-01
6.951227784156799316e-01
6.924125552177429199e-01
6.903877258300781250e-01
6.934606432914733887e-01
6.918482780456542969e-01
6.878541707992553711e-01
7.039552927017211914e-01
6.912280321121215820e-01
6.968838572502136230e-01
6.899862289428710938e-01
6.933552026748657227e-01
6.913092136383056641e-01
6.891850829124450684e-01
6.865665316581726074e-01
6.898270845413208008e-01
6.990675330162048340e-01
6.891893148422241211e-01
6.926826834678649902e-01
6.977896094322204590e-01
6.859580874443054199e-01
6.924613118171691895e-01
6.903951764106750488e-01
6.895741224288940430e-01
6.897308826446533203e-01
6.899950504302978516e-01
6.911681890487670898e-01
6.863836050033569336e-01
6.946396827697753906e-01
6.894377470016479492e-01
6.894897222518920898e-01
6.897758841514587402e-01
6.830079555511474609e-01
6.933097839355468750e-01
6.869404911994934082e-01
6.923770904541015625e-01
6.897145509719848633e-01
6.967778205871582031e-01
6.846041679382324219e-01
6.904360055923461914e-01
6.925946474075317383e-01
6.931353807449340820e-01
6.949369907379150391e-01
6.978617310523986816e-01
6.935423612594604492e-01
6.958709359169006348e-01
6.973079442977905273e-01
6.905958056449890137e-01
6.859040856361389160e-01
6.892125010490417480e-01
6.962927579879760742e-01
6.911928057670593262e-01
6.916925907135009766e-01
6.916584372520446777e-01
6.892785429954528809e-01
6.862277984619140625e-01
6.947003602981567383e-01
6.886046528816223145e-01
6.853951811790466309e-01
6.848297119140625000e-01
6.923308372497558594e-01
6.936658024787902832e-01
6.918581724166870117e-01
6.976296305656433105e-01
6.934388279914855957e-01
6.897374987602233887e-01
6.896026134490966797e-01
6.937689781188964844e-01
6.965770125389099121e-01
6.960501670837402344e-01
6.954213976860046387e-01
6.868872046470642090e-01
7.000541090965270996e-01
6.878305077552795410e-01
6.928749084472656250e-01
6.931313276290893555e-01
6.914349794387817383e-01
6.930333375930786133e-01
6.913303732872009277e-01
6.878288984298706055e-01
6.846871376037597656e-01
6.941033005714416504e-01
6.885590553283691406e-01
6.982018947601318359e-01
6.914638876914978027e-01
6.925805211067199707e-01
6.984870433807373047e-01
6.878240704536437988e-01
6.894026994705200195e-01
6.929886341094970703e-01
6.926186084747314453e-01
6.878839731216430664e-01
6.863207221031188965e-01
6.944786906242370605e-01
6.899758577346801758e-01
7.001595497131347656e-01
6.889075040817260742e-01
6.948925852775573730e-01
6.916238069534301758e-01
6.920399069786071777e-01
6.862647533416748047e-01
6.915072202682495117e-01
6.999413371086120605e-01
6.871553659439086914e-01
6.940422058105468750e-01
6.921345591545104980e-01
6.941514015197753906e-01
6.851651668548583984e-01
6.931606531143188477e-01
6.860429644584655762e-01
6.898031830787658691e-01
6.866202950477600098e-01
6.920809745788574219e-01
6.922281980514526367e-01
6.876644492149353027e-01
6.937368512153625488e-01
6.856082677841186523e-01
7.011913657188415527e-01
6.927582621574401855e-01
6.956009864807128906e-01
6.900814771652221680e-01
6.907866001129150391e-01
6.947285532951354980e-01
6.902794837951660156e-01
6.909577250480651855e-01
6.935065388679504395e-01
6.836808323860168457e-01
6.976490616798400879e-01
6.936684250831604004e-01
6.893196105957031250e-01
6.890072822570800781e-01
6.854435205459594727e-01
6.903670430183410645e-01
6.945666670799255371e-01
6.894627809524536133e-01
6.850830316543579102e-01
6.881805062294006348e-01
6.868289709091186523e-01
6.885989904403686523e-01
6.809746623039245605e-01
6.846610903739929199e-01
6.874229907989501953e-01
6.935831308364868164e-01
6.879732608795166016e-01
6.917622089385986328e-01
6.935680508613586426e-01
6.882862448692321777e-01
6.949629187583923340e-01
6.852166056632995605e-01
6.931748390197753906e-01
6.989375352859497070e-01
7.068698406219482422e-01
6.941384077072143555e-01
6.934862136840820312e-01
6.915653944015502930e-01
6.835817694664001465e-01
6.944451928138732910e-01
6.883614659309387207e-01
6.907382011413574219e-01
6.875525116920471191e-01
6.836360692977905273e-01
6.901608109474182129e-01
6.964180469512939453e-01
6.994633674621582031e-01
6.904239654541015625e-01
6.924544572830200195e-01
6.905382871627807617e-01
6.955692768096923828e-01
6.966096162796020508e-01
6.876241564750671387e-01
6.873241066932678223e-01
6.975702047348022461e-01
6.779769062995910645e-01
6.931086182594299316e-01
6.885657310485839844e-01
6.918112039566040039e-01
6.926803588867187500e-01
6.894160509109497070e-01
6.945765018463134766e-01
6.881408691406250000e-01
6.878172755241394043e-01
6.923595666885375977e-01
6.951698064804077148e-01
6.936009526252746582e-01
6.924304962158203125e-01
6.834087371826171875e-01
6.884831190109252930e-01
6.868926286697387695e-01
6.894042491912841797e-01
6.878942847251892090e-01
6.909883022308349609e-01
6.907300949096679688e-01
6.962981820106506348e-01
6.920766830444335938e-01
6.912894845008850098e-01
6.896344423294067383e-01
6.886737346649169922e-01
6.899378299713134766e-01
6.928011775016784668e-01
6.899799108505249023e-01
6.992412805557250977e-01
7.027316093444824219e-01
6.980658769607543945e-01
6.868681907653808594e-01
6.957273483276367188e-01
6.980289220809936523e-01
6.883299946784973145e-01
6.875768899917602539e-01
6.840653419494628906e-01
6.905135512351989746e-01
6.917113065719604492e-01
6.879801154136657715e-01
6.897401809692382812e-01
6.961051225662231445e-01
6.865903139114379883e-01
6.890432238578796387e-01
6.930072307586669922e-01
6.987875103950500488e-01
6.927418112754821777e-01
6.936558485031127930e-01
6.943788528442382812e-01
6.959981322288513184e-01
6.919534206390380859e-01
6.966729164123535156e-01
6.896736025810241699e-01
6.865396499633789062e-01
6.901825666427612305e-01
6.888641119003295898e-01
6.947060227394104004e-01
6.915597915649414062e-01
6.976534128189086914e-01
6.928833723068237305e-01
6.887021660804748535e-01
6.971602439880371094e-01
6.945048570632934570e-01
6.924450993537902832e-01
6.921210885047912598e-01
6.924765706062316895e-01
6.897132992744445801e-01
6.885304450988769531e-01
6.872428059577941895e-01
6.858607530593872070e-01
6.950218081474304199e-01
6.809258460998535156e-01
6.871011257171630859e-01
6.906429529190063477e-01
6.858590841293334961e-01
6.908946037292480469e-01
6.945049762725830078e-01
6.970414519309997559e-01
6.873272061347961426e-01
6.891894340515136719e-01
6.842364072799682617e-01
6.868988275527954102e-01
6.845270395278930664e-01
6.947407722473144531e-01
6.992272734642028809e-01
7.037636041641235352e-01
6.874855756759643555e-01
6.908354759216308594e-01
6.918157339096069336e-01
6.797080636024475098e-01
6.940998435020446777e-01
6.928488612174987793e-01
6.909250020980834961e-01
6.907473206520080566e-01
6.890772581100463867e-01
6.922576427459716797e-01
6.970633268356323242e-01
6.868517398834228516e-01
6.906943321228027344e-01
6.879791021347045898e-01
6.997474431991577148e-01
6.875224709510803223e-01
6.905186176300048828e-01
6.853942871093750000e-01
6.925274133682250977e-01
6.922962665557861328e-01
6.931308507919311523e-01
6.911966800689697266e-01
6.901238560676574707e-01
6.828662753105163574e-01
6.941899061203002930e-01
6.903574466705322266e-01
6.850112676620483398e-01
6.929257512092590332e-01
6.902610659599304199e-01
6.869959831237792969e-01
6.916141510009765625e-01
6.899860501289367676e-01
6.900215148925781250e-01
6.914359331130981445e-01
6.865187287330627441e-01
6.932592391967773438e-01
6.933611631393432617e-01
6.920180916786193848e-01
6.907503008842468262e-01
6.904723644256591797e-01
6.875459551811218262e-01
6.880743503570556641e-01
7.001644372940063477e-01
6.940773725509643555e-01
6.916831731796264648e-01
6.889316439628601074e-01
6.872569918632507324e-01
6.942022442817687988e-01
6.898754239082336426e-01
6.849682927131652832e-01
6.930109262466430664e-01
6.990469694137573242e-01
6.844699382781982422e-01
6.843728423118591309e-01
6.937191486358642578e-01
6.963202953338623047e-01
6.957250833511352539e-01
6.876183748245239258e-01
6.909286975860595703e-01
6.886657476425170898e-01
6.855052709579467773e-01
6.906480193138122559e-01
6.924042701721191406e-01
6.861113309860229492e-01
6.901209354400634766e-01
6.920097470283508301e-01
7.011563777923583984e-01
6.886645555496215820e-01
6.928471326828002930e-01
6.916865706443786621e-01
6.871132850646972656e-01
6.907985806465148926e-01
6.908742785453796387e-01
6.882833242416381836e-01
6.872336864471435547e-01
6.922026276588439941e-01
6.867367625236511230e-01
6.971645355224609375e-01
6.949866414070129395e-01
6.847192645072937012e-01
6.919911503791809082e-01
6.837333440780639648e-01
6.964851021766662598e-01
6.968728899955749512e-01
6.933757066726684570e-01
6.886654496192932129e-01
6.908206343650817871e-01
6.919579505920410156e-01
7.032835483551025391e-01
6.905648708343505859e-01
6.990208029747009277e-01
6.925209760665893555e-01
6.884728074073791504e-01
6.881414651870727539e-01
6.922453641891479492e-01
6.983404755592346191e-01
6.847082972526550293e-01
6.877914667129516602e-01
6.866639256477355957e-01
6.929336786270141602e-01
6.886227130889892578e-01
6.873831748962402344e-01
6.961680054664611816e-01
6.956511139869689941e-01
6.953560113906860352e-01
6.917062997817993164e-01
6.929551959037780762e-01
6.933416724205017090e-01
6.834952235221862793e-01
6.937302350997924805e-01
6.999355554580688477e-01
6.879976391792297363e-01
6.890220046043395996e-01
6.879173517227172852e-01
6.977319717407226562e-01
6.826900839805603027e-01
6.948565244674682617e-01
6.834071874618530273e-01
6.920336484909057617e-01
6.901678442955017090e-01
6.923997402191162109e-01
6.890712976455688477e-01
6.887933015823364258e-01
6.870788335800170898e-01
6.929311752319335938e-01
6.994710564613342285e-01
6.936063766479492188e-01
6.918385028839111328e-01
6.975877881050109863e-01
6.816947460174560547e-01
6.946665644645690918e-01
6.869534850120544434e-01
6.959224939346313477e-01
6.913957595825195312e-01
6.863226294517517090e-01
6.922877430915832520e-01
6.959702372550964355e-01
6.945514678955078125e-01
6.866223812103271484e-01
6.886056661605834961e-01
6.899030804634094238e-01
6.958279609680175781e-01
6.891632676124572754e-01
6.886103153228759766e-01
6.910935044288635254e-01
6.950939893722534180e-01
6.955196261405944824e-01
6.909022331237792969e-01
6.916451454162597656e-01
6.987939476966857910e-01
6.879853606224060059e-01
6.938971281051635742e-01
6.919609904289245605e-01
6.885343790054321289e-01
6.948573589324951172e-01
6.826504468917846680e-01
6.850989460945129395e-01
6.955363750457763672e-01
6.914989948272705078e-01
6.888273358345031738e-01
6.941842436790466309e-01
6.964471340179443359e-01
6.967701315879821777e-01
6.888486146926879883e-01
6.904838085174560547e-01
6.942563056945800781e-01
6.922634243965148926e-01
6.933143138885498047e-01
6.797125339508056641e-01
6.866204738616943359e-01
6.882712244987487793e-01
6.937538385391235352e-01
6.950217485427856445e-01
6.922515630722045898e-01
6.882063150405883789e-01
6.914108395576477051e-01
6.965492963790893555e-01
6.905453205108642578e-01
6.795334815979003906e-01
6.921980977058410645e-01
6.891455650329589844e-01
6.859015822410583496e-01
6.854614615440368652e-01
6.907361745834350586e-01
6.940221786499023438e-01
6.784015297889709473e-01
6.863646507263183594e-01
6.880612373352050781e-01
6.914504766464233398e-01
6.956497430801391602e-01
6.947441697120666504e-01
6.851235628128051758e-01
6.822062134742736816e-01
6.931629776954650879e-01
6.907945275306701660e-01
6.895813941955566406e-01
6.832441091537475586e-01
6.888922452926635742e-01
6.870709657669067383e-01
6.914573311805725098e-01
6.908183097839355469e-01
6.901966929435729980e-01
6.902646422386169434e-01
6.882036328315734863e-01
6.862326860427856445e-01
6.987682580947875977e-01
6.798034906387329102e-01
6.936144828796386719e-01
6.900070309638977051e-01
6.927570700645446777e-01
6.908113956451416016e-01
6.888439059257507324e-01
6.932193040847778320e-01
6.979267001152038574e-01
6.916237473487854004e-01
7.010515332221984863e-01
6.903402209281921387e-01
6.872002482414245605e-01
6.909130215644836426e-01
6.907217502593994141e-01
6.978921890258789062e-01
6.893096566200256348e-01
6.866468191146850586e-01
6.868668794631958008e-01
6.946862339973449707e-01
6.941484808921813965e-01
6.877180933952331543e-01
6.855071783065795898e-01
6.877915263175964355e-01
6.817098855972290039e-01
6.908935308456420898e-01
6.960384249687194824e-01
6.907133460044860840e-01
6.945592164993286133e-01
6.913639307022094727e-01
6.882534623146057129e-01
6.947240233421325684e-01
6.978458166122436523e-01
6.919156312942504883e-01
6.938383579254150391e-01
6.959848403930664062e-01
6.901861429214477539e-01
6.913895606994628906e-01
6.870188117027282715e-01
7.026689052581787109e-01
6.872860193252563477e-01
6.837720274925231934e-01
6.839889883995056152e-01
6.945420503616333008e-01
6.943838596343994141e-01
6.948803663253784180e-01
6.966511011123657227e-01
6.856023669242858887e-01
6.836296916007995605e-01
6.976076960563659668e-01
6.858413815498352051e-01
6.809548139572143555e-01
6.983593702316284180e-01
6.921390891075134277e-01
6.966581344604492188e-01
6.963632702827453613e-01
6.895946860313415527e-01
6.873547434806823730e-01
6.918762922286987305e-01
6.935468912124633789e-01
6.851506233215332031e-01
6.945059299468994141e-01
6.825158596038818359e-01
6.930908560752868652e-01
6.923483610153198242e-01
6.909267902374267578e-01
6.911656856536865234e-01
6.917949914932250977e-01
6.876541972160339355e-01
6.894188523292541504e-01
6.889867782592773438e-01
6.841719150543212891e-01
6.956067681312561035e-01
6.962097883224487305e-01
6.848378777503967285e-01
6.814281940460205078e-01
6.933792829513549805e-01
6.921641230583190918e-01
6.862046122550964355e-01
6.889513134956359863e-01
6.844805479049682617e-01
6.865355968475341797e-01
6.941270828247070312e-01
6.824873685836791992e-01
7.006371617317199707e-01
6.966547966003417969e-01
6.962721347808837891e-01
6.933863759040832520e-01
6.958084106445312500e-01
6.936740279197692871e-01
6.892671585083007812e-01
6.914933919906616211e-01
6.860197782516479492e-01
6.927685141563415527e-01
6.897622942924499512e-01
6.944323182106018066e-01
6.848796010017395020e-01
6.843053102493286133e-01
6.872038841247558594e-01
6.916441321372985840e-01
6.951795816421508789e-01
6.930438280105590820e-01
6.809968352317810059e-01
6.902842521667480469e-01
7.011189460754394531e-01
6.828624010086059570e-01
6.834486722946166992e-01
6.854134202003479004e-01
6.825371384620666504e-01
6.932829022407531738e-01
6.946724653244018555e-01
6.953933835029602051e-01
6.959235072135925293e-01
6.860123872756958008e-01
6.865850090980529785e-01
7.015846371650695801e-01
6.883005499839782715e-01
6.880140304565429688e-01
6.929944157600402832e-01
6.856512427330017090e-01
6.939834356307983398e-01
6.889455914497375488e-01
6.985234022140502930e-01
6.872233152389526367e-01
6.882327198982238770e-01
6.876486539840698242e-01
6.850088834762573242e-01
6.899794936180114746e-01
6.921417713165283203e-01
6.811333894729614258e-01
6.980186700820922852e-01
6.898787617683410645e-01
6.883422732353210449e-01
6.909231543540954590e-01
6.948958635330200195e-01
6.872148513793945312e-01
6.889989376068115234e-01
6.888475418090820312e-01
6.902598142623901367e-01
6.950781941413879395e-01
7.001045346260070801e-01
6.878304481506347656e-01
6.956509947776794434e-01
6.843192577362060547e-01
6.838105916976928711e-01
6.939155459403991699e-01
6.914790272712707520e-01
6.926662325859069824e-01
6.908666491508483887e-01
6.936590671539306641e-01
6.943768858909606934e-01
6.904186010360717773e-01
6.886096596717834473e-01
6.926410198211669922e-01
6.908364295959472656e-01
6.816998124122619629e-01
6.860623359680175781e-01
6.940325498580932617e-01
6.888140439987182617e-01
6.980416178703308105e-01
6.953083276748657227e-01
6.957024931907653809e-01
6.948373317718505859e-01
6.865439414978027344e-01
6.906065940856933594e-01
6.926762461662292480e-01
6.900203227996826172e-01
6.950036883354187012e-01
6.841077208518981934e-01
6.957663297653198242e-01
6.911567449569702148e-01
6.868323087692260742e-01
6.969869136810302734e-01
6.844456791877746582e-01
6.912857890129089355e-01
6.961032748222351074e-01
6.896832585334777832e-01
6.960916519165039062e-01
6.925183534622192383e-01
6.964149475097656250e-01
6.850860714912414551e-01
6.895021796226501465e-01
6.907276511192321777e-01
6.898849010467529297e-01
6.944929361343383789e-01
6.921081542968750000e-01
6.889907717704772949e-01
6.993988156318664551e-01
6.938961744308471680e-01
6.960670948028564453e-01
6.997366547584533691e-01
6.918956637382507324e-01
6.870446801185607910e-01
6.953197717666625977e-01
6.875576376914978027e-01
6.848856806755065918e-01
6.773380041122436523e-01
6.833510994911193848e-01
6.863521337509155273e-01
6.811599731445312500e-01
6.835427880287170410e-01
6.894810795783996582e-01
7.027931213378906250e-01
6.913309693336486816e-01
6.935429573059082031e-01
6.896293759346008301e-01
6.927965879440307617e-01
6.895194053649902344e-01
6.879125833511352539e-01
6.966686248779296875e-01
6.869983077049255371e-01
6.900422573089599609e-01
6.927629113197326660e-01
6.801186203956604004e-01
7.020720839500427246e-01
6.937198638916015625e-01
6.979016065597534180e-01
6.989114880561828613e-01
6.834985017776489258e-01
6.836567521095275879e-01
6.973313689231872559e-01
7.122120857238769531e-01
6.918908357620239258e-01
6.874577999114990234e-01
6.882451772689819336e-01
6.884828209877014160e-01
6.885308623313903809e-01
6.851550340652465820e-01
6.889541149139404297e-01
6.827538013458251953e-01
6.914687156677246094e-01
6.905955672264099121e-01
6.883751153945922852e-01
6.940674781799316406e-01
6.924621462821960449e-01
6.893590092658996582e-01
6.854106783866882324e-01
6.842793226242065430e-01
6.874013543128967285e-01
6.888130307197570801e-01
6.852169036865234375e-01
6.894959211349487305e-01
6.913248896598815918e-01
6.820423007011413574e-01
6.958688497543334961e-01
6.903073191642761230e-01
6.936950087547302246e-01
6.880048513412475586e-01
6.855180263519287109e-01
6.872783303260803223e-01
6.852958202362060547e-01
6.956827640533447266e-01
6.945489645004272461e-01
7.062794566154479980e-01
6.862878799438476562e-01
6.824055910110473633e-01
6.892703175544738770e-01
7.011055946350097656e-01
6.814805269241333008e-01
6.932541728019714355e-01
6.870543956756591797e-01
6.847761273384094238e-01
6.938361525535583496e-01
6.890799999237060547e-01
6.861853599548339844e-01
6.897278428077697754e-01
6.892380714416503906e-01
6.834955811500549316e-01
6.895411014556884766e-01
6.821725368499755859e-01
6.899443268775939941e-01
6.969568729400634766e-01
6.915705204010009766e-01
6.873918771743774414e-01
6.924549341201782227e-01
6.888722777366638184e-01
6.925206184387207031e-01
6.894023418426513672e-01
6.814754009246826172e-01
6.877532601356506348e-01
6.919774413108825684e-01
6.934379339218139648e-01
6.989324688911437988e-01
6.966618895530700684e-01
6.898878812789916992e-01
6.951418519020080566e-01
6.863403916358947754e-01
6.770373582839965820e-01
6.794691085815429688e-01
6.935747861862182617e-01
6.845370531082153320e-01
6.987544298171997070e-01
6.870486736297607422e-01
6.997050046920776367e-01
7.033083438873291016e-01
6.787670850753784180e-01
6.971287727355957031e-01
6.843584179878234863e-01
6.946115493774414062e-01
6.921396851539611816e-01
6.910255551338195801e-01
6.901035904884338379e-01
6.915210485458374023e-01
7.020847797393798828e-01
7.011575102806091309e-01
6.998635530471801758e-01
6.968975067138671875e-01
6.888432502746582031e-01
6.876714825630187988e-01
7.001427412033081055e-01
6.926289796829223633e-01
6.854452490806579590e-01
6.910610795021057129e-01
6.890056133270263672e-01
6.862285733222961426e-01
6.864381432533264160e-01
6.907584667205810547e-01
6.883578300476074219e-01
6.809616684913635254e-01
6.908195018768310547e-01
6.882674694061279297e-01
6.890957355499267578e-01
6.891310214996337891e-01
6.951060295104980469e-01
6.941982507705688477e-01
6.917148232460021973e-01
6.924823522567749023e-01
6.835439801216125488e-01
6.988801360130310059e-01
6.907368302345275879e-01
6.897902488708496094e-01
6.797069311141967773e-01
6.897784471511840820e-01
6.910960078239440918e-01
6.900573372840881348e-01
6.896377205848693848e-01
6.961945295333862305e-01
6.843404173851013184e-01
6.890376806259155273e-01
6.919826269149780273e-01
6.916459798812866211e-01
6.916742920875549316e-01
6.822069883346557617e-01
6.974963545799255371e-01
6.829351186752319336e-01
6.877002716064453125e-01
6.948170661926269531e-01
6.948836445808410645e-01
6.938082575798034668e-01
6.889920830726623535e-01
6.898818612098693848e-01
6.891611814498901367e-01
6.927479505538940430e-01
6.911909580230712891e-01
6.870869994163513184e-01
6.896282434463500977e-01
6.878624558448791504e-01
6.823616027832031250e-01
6.900608539581298828e-01
6.798129081726074219e-01
6.819246411323547363e-01
7.025950551033020020e-01
6.855045557022094727e-01
6.827057003974914551e-01
6.922327876091003418e-01
6.922141313552856445e-01
6.922312974929809570e-01
6.756261587142944336e-01
6.891763210296630859e-01
6.898096203804016113e-01
6.920090317726135254e-01
6.900643706321716309e-01
6.850147247314453125e-01
6.942576766014099121e-01
6.942561268806457520e-01
6.977542042732238770e-01
6.892476081848144531e-01
6.831312179565429688e-01
6.969158053398132324e-01
6.804073452949523926e-01
6.882047653198242188e-01
6.921557188034057617e-01
6.870626807212829590e-01
6.950058937072753906e-01
6.888363361358642578e-01
6.939435005187988281e-01
6.949037909507751465e-01
6.807481646537780762e-01
6.865537762641906738e-01
6.944907903671264648e-01
6.872409582138061523e-01
6.933434605598449707e-01
6.871690750122070312e-01
6.901136040687561035e-01
6.981184482574462891e-01
7.020690441131591797e-01
6.749392747879028320e-01
6.911775469779968262e-01
6.915903687477111816e-01
6.891164779663085938e-01
6.937234997749328613e-01
6.828501224517822266e-01
6.830158233642578125e-01
6.878700852394104004e-01
6.895917057991027832e-01
6.943684220314025879e-01
6.886102557182312012e-01
6.853150725364685059e-01
6.832962036132812500e-01
6.817026734352111816e-01
6.915868520736694336e-01
6.879934072494506836e-01
6.815106272697448730e-01
6.933358311653137207e-01
6.884203553199768066e-01
6.977135539054870605e-01
6.924112439155578613e-01
6.973744630813598633e-01
6.844428181648254395e-01
6.816611886024475098e-01
6.863791942596435547e-01
6.845549345016479492e-01
6.925981044769287109e-01
6.872975826263427734e-01
6.924616694450378418e-01
6.925447583198547363e-01
6.942416429519653320e-01
6.996939778327941895e-01
6.874909996986389160e-01
6.778424978256225586e-01
6.874630451202392578e-01
6.880429387092590332e-01
6.958546042442321777e-01
6.978737711906433105e-01
6.944612264633178711e-01
6.939210295677185059e-01
7.009568214416503906e-01
6.861050128936767578e-01
6.871911287307739258e-01
6.885923147201538086e-01
6.919537782669067383e-01
6.889452934265136719e-01
6.975284218788146973e-01
6.965119838714599609e-01
6.954551935195922852e-01
6.959505081176757812e-01
6.958637833595275879e-01
6.917424201965332031e-01
6.770446300506591797e-01
6.821236014366149902e-01
6.773187518119812012e-01
6.851655840873718262e-01
6.906967163085937500e-01
6.937260627746582031e-01
7.028419971466064453e-01
6.868392825126647949e-01
7.019277811050415039e-01
6.941297650337219238e-01
6.970248818397521973e-01
6.895633935928344727e-01
6.967362165451049805e-01
6.866488456726074219e-01
6.798185706138610840e-01
7.024995088577270508e-01
6.904188394546508789e-01
6.860184669494628906e-01
6.881110668182373047e-01
6.905741691589355469e-01
6.908397078514099121e-01
6.887778043746948242e-01
6.930611729621887207e-01
6.891887187957763672e-01
6.960499882698059082e-01
6.890935897827148438e-01
6.825930476188659668e-01
6.954497098922729492e-01
6.835261583328247070e-01
6.976970434188842773e-01
6.878539919853210449e-01
6.963949203491210938e-01
7.000700235366821289e-01
6.859291195869445801e-01
6.835306286811828613e-01
6.958739161491394043e-01
6.888775825500488281e-01
6.951110363006591797e-01
6.936078667640686035e-01
6.755074858665466309e-01
6.948801279067993164e-01
6.904863715171813965e-01
6.887015104293823242e-01
6.924861669540405273e-01
6.957402229309082031e-01
7.012197971343994141e-01
6.956999301910400391e-01
6.834296584129333496e-01
6.918109655380249023e-01
6.872323751449584961e-01
6.949799060821533203e-01
6.951414346694946289e-01
6.920726299285888672e-01
6.937997341156005859e-01
6.840569376945495605e-01
6.990395784378051758e-01
6.887667179107666016e-01
6.947598457336425781e-01
6.891990900039672852e-01
6.875185966491699219e-01
6.829647421836853027e-01
6.981577873229980469e-01
6.873040795326232910e-01
6.892347931861877441e-01
6.892543435096740723e-01
6.882035732269287109e-01
6.878936886787414551e-01
6.855561733245849609e-01
6.930415034294128418e-01
6.774396896362304688e-01
6.862027645111083984e-01
6.982057094573974609e-01
6.908217072486877441e-01
6.885346174240112305e-01
6.959757804870605469e-01
6.896049976348876953e-01
6.809557676315307617e-01
6.924476027488708496e-01
6.837381124496459961e-01
6.874139308929443359e-01
6.962126493453979492e-01
6.813801527023315430e-01
6.957412362098693848e-01
7.022884488105773926e-01
6.887484788894653320e-01
6.842712759971618652e-01
6.897648572921752930e-01
6.907321214675903320e-01
6.880360841751098633e-01
6.860065460205078125e-01
6.910840272903442383e-01
6.859966516494750977e-01
6.964858174324035645e-01
6.894674301147460938e-01
6.878836750984191895e-01
6.977056860923767090e-01
6.883969306945800781e-01
6.820262670516967773e-01
6.864107251167297363e-01
6.914115548133850098e-01
6.967368721961975098e-01
6.913617253303527832e-01
6.863912343978881836e-01
6.825079917907714844e-01
6.790668368339538574e-01
6.833719611167907715e-01
6.925601363182067871e-01
6.937150359153747559e-01
6.910530924797058105e-01
6.900441646575927734e-01
6.953914165496826172e-01
6.837151050567626953e-01
6.897368431091308594e-01
6.837359666824340820e-01
6.997697353363037109e-01
6.854097247123718262e-01
6.904891133308410645e-01
6.812341213226318359e-01
6.964457035064697266e-01
6.916697025299072266e-01
6.973228454589843750e-01
6.861493587493896484e-01
6.850436329841613770e-01
6.799099445343017578e-01
6.903289556503295898e-01
6.886990070343017578e-01
6.917818188667297363e-01
6.907746791839599609e-01
6.890861988067626953e-01
7.040449976921081543e-01
6.961048245429992676e-01
7.070055007934570312e-01
6.900976896286010742e-01
6.930811405181884766e-01
7.042627930641174316e-01
6.847897171974182129e-01
6.868116259574890137e-01
6.937177181243896484e-01
6.893433928489685059e-01
6.890928745269775391e-01
6.828557252883911133e-01
6.984637975692749023e-01
6.875925660133361816e-01
7.011914849281311035e-01
6.876393556594848633e-01
6.870374679565429688e-01
6.899259090423583984e-01
6.845082640647888184e-01
6.931442022323608398e-01
6.994452476501464844e-01
6.855074167251586914e-01
6.860369443893432617e-01
6.901790499687194824e-01
6.952033042907714844e-01
6.933713555335998535e-01
6.861144304275512695e-01
6.875742077827453613e-01
6.878024935722351074e-01
6.760309934616088867e-01
6.925134062767028809e-01
6.910991668701171875e-01
6.792455315589904785e-01
6.856840848922729492e-01
6.896505951881408691e-01
6.929614543914794922e-01
6.914768218994140625e-01
6.846948862075805664e-01
6.877607107162475586e-01
6.897497177124023438e-01
6.981899142265319824e-01
6.995278596878051758e-01
6.888915300369262695e-01
6.920073032379150391e-01
6.902564764022827148e-01
6.877789497375488281e-01
6.996586322784423828e-01
6.928900480270385742e-01
6.934525370597839355e-01
6.925272941589355469e-01
6.966083645820617676e-01
6.927901506423950195e-01
6.814396381378173828e-01
6.818015575408935547e-01
6.852415204048156738e-01
6.955902576446533203e-01
6.956983804702758789e-01
6.847346425056457520e-01
6.972576975822448730e-01
6.870230436325073242e-01
6.918720602989196777e-01
6.913685798645019531e-01
6.841209530830383301e-01
6.846687793731689453e-01
6.875774264335632324e-01
6.980998516082763672e-01
6.917086243629455566e-01
7.047407627105712891e-01
6.913650631904602051e-01
6.863600611686706543e-01
6.846375465393066406e-01
6.916114091873168945e-01
6.851524710655212402e-01
6.889194250106811523e-01
6.890868544578552246e-01
6.926707029342651367e-01
6.947180032730102539e-01
6.799871325492858887e-01
6.901780366897583008e-01
6.823588013648986816e-01
6.924484968185424805e-01
6.912093162536621094e-01
6.861425638198852539e-01
6.841837167739868164e-01
6.832119226455688477e-01
6.754459142684936523e-01
6.907209157943725586e-01
6.871687769889831543e-01
6.959500312805175781e-01
6.855461001396179199e-01
6.730523705482482910e-01
6.963036060333251953e-01
6.920936703681945801e-01
6.835613250732421875e-01
6.949175596237182617e-01
6.765120625495910645e-01
6.929380297660827637e-01
6.985284686088562012e-01
6.788722276687622070e-01
6.843471527099609375e-01
6.941933035850524902e-01
6.946014165878295898e-01
6.826822757720947266e-01
6.898499727249145508e-01
6.969022750854492188e-01
6.801525354385375977e-01
6.921073794364929199e-01
6.894724369049072266e-01
6.911488771438598633e-01
6.910949945449829102e-01
6.933529973030090332e-01
6.862207055091857910e-01
6.892034411430358887e-01
7.121387720108032227e-01
6.927592754364013672e-01
6.894108653068542480e-01
6.840890645980834961e-01
6.887874603271484375e-01
6.879388689994812012e-01
6.878411769866943359e-01
6.881731748580932617e-01
7.008761763572692871e-01
6.987568140029907227e-01
6.830040812492370605e-01
6.913309097290039062e-01
6.852067112922668457e-01
6.864736080169677734e-01
6.814799308776855469e-01
6.896833181381225586e-01
6.837241649627685547e-01
6.905469298362731934e-01
6.871337890625000000e-01
6.902351379394531250e-01
6.979187726974487305e-01
6.846645474433898926e-01
6.962402462959289551e-01
6.838422417640686035e-01
6.783742308616638184e-01
6.830210685729980469e-01
7.088950276374816895e-01
7.026428580284118652e-01
6.966313123703002930e-01
6.910721063613891602e-01
6.879732012748718262e-01
7.013973593711853027e-01
6.982134580612182617e-01
6.947667598724365234e-01
6.905183792114257812e-01
6.873267889022827148e-01
6.870387792587280273e-01
6.842230558395385742e-01
6.864430308341979980e-01
6.949063539505004883e-01
6.901024580001831055e-01
6.957521438598632812e-01
6.977299451828002930e-01
6.839706301689147949e-01
6.898422837257385254e-01
6.856923699378967285e-01
6.868151426315307617e-01
6.937061548233032227e-01
6.934380531311035156e-01
6.831787228584289551e-01
6.948953866958618164e-01
6.897806525230407715e-01
7.003045082092285156e-01
6.831581592559814453e-01
6.959311366081237793e-01
6.972816586494445801e-01
6.877043843269348145e-01
6.851015090942382812e-01
6.766183376312255859e-01
6.949136257171630859e-01
6.912754178047180176e-01
6.997618675231933594e-01
6.922962069511413574e-01
6.957136988639831543e-01
6.909890770912170410e-01
6.825358271598815918e-01
6.896526813507080078e-01
6.910872459411621094e-01
6.875746846199035645e-01
6.973637938499450684e-01
6.946425437927246094e-01
6.827498078346252441e-01
6.984704136848449707e-01
6.822584867477416992e-01
6.855431199073791504e-01
6.938837170600891113e-01
6.755800247192382812e-01
6.852296590805053711e-01
6.969436407089233398e-01
6.877019405364990234e-01
6.895880699157714844e-01
6.925659179687500000e-01
6.906704902648925781e-01
6.936051845550537109e-01
6.864973306655883789e-01
6.890087723731994629e-01
6.989061236381530762e-01
6.913996338844299316e-01
6.815614700317382812e-01
7.001743912696838379e-01
6.931701898574829102e-01
6.853356361389160156e-01
7.004958391189575195e-01
6.944028139114379883e-01
7.007982134819030762e-01
6.894468069076538086e-01
6.900420188903808594e-01
6.860589981079101562e-01
6.827321052551269531e-01
6.897382736206054688e-01
6.786611080169677734e-01
6.927005648612976074e-01
6.837275028228759766e-01
6.980780959129333496e-01
6.968626976013183594e-01
6.928879618644714355e-01
6.850555539131164551e-01
6.893097162246704102e-01
6.875662803649902344e-01
6.902049183845520020e-01
6.914321780204772949e-01
6.904385089874267578e-01
6.843538284301757812e-01
6.889415383338928223e-01
6.880825757980346680e-01
6.886098384857177734e-01
6.812666058540344238e-01
6.814695000648498535e-01
6.996536850929260254e-01
6.857675909996032715e-01
7.035045623779296875e-01
6.933340430259704590e-01
6.783759593963623047e-01
6.895517110824584961e-01
6.879587173461914062e-01
6.828800439834594727e-01
6.982285976409912109e-01
6.864097714424133301e-01
6.907710433006286621e-01
6.925047636032104492e-01
6.921206116676330566e-01
7.011098265647888184e-01
6.817269325256347656e-01
6.893289685249328613e-01
6.840214729309082031e-01
6.825549602508544922e-01
6.878085136413574219e-01
7.045514583587646484e-01
6.898016333580017090e-01
6.899438500404357910e-01
6.862289905548095703e-01
6.925008296966552734e-01
6.900426745414733887e-01
6.968234181404113770e-01
6.971814036369323730e-01
6.874724030494689941e-01
6.945766210556030273e-01
6.993305087089538574e-01
6.945721507072448730e-01
6.880171895027160645e-01
6.891027092933654785e-01
6.923308372497558594e-01
6.889054775238037109e-01
6.948484182357788086e-01
6.931034922599792480e-01
6.929529309272766113e-01
6.885316967964172363e-01
6.803513765335083008e-01
6.978675127029418945e-01
6.880370378494262695e-01
6.820498108863830566e-01
6.894912123680114746e-01
6.893243789672851562e-01
6.879924535751342773e-01
6.885571479797363281e-01
6.895613670349121094e-01
6.949615478515625000e-01
6.816869974136352539e-01
6.785747408866882324e-01
6.874677538871765137e-01
6.834652423858642578e-01
6.864951848983764648e-01
6.986193060874938965e-01
6.880255937576293945e-01
6.797807812690734863e-01
6.880615949630737305e-01
6.816001534461975098e-01
6.938531398773193359e-01
6.840621232986450195e-01
6.835064888000488281e-01
6.958847641944885254e-01
6.761310100555419922e-01
6.882659196853637695e-01
6.852995157241821289e-01
6.908733844757080078e-01
6.997507810592651367e-01
6.997027993202209473e-01
6.921291947364807129e-01
6.900203227996826172e-01
6.906842589378356934e-01
6.883037686347961426e-01
6.882646083831787109e-01
6.836088299751281738e-01
6.922251582145690918e-01
6.770693659782409668e-01
7.054254412651062012e-01
6.899092197418212891e-01
6.995660066604614258e-01
6.967356204986572266e-01
6.967917680740356445e-01
6.926372647285461426e-01
6.911911368370056152e-01
6.899824142456054688e-01
6.986973285675048828e-01
6.854834556579589844e-01
6.912176609039306641e-01
6.783332824707031250e-01
6.795544624328613281e-01
7.024577856063842773e-01
6.890416145324707031e-01
6.920348405838012695e-01
7.046664357185363770e-01
6.876532435417175293e-01
6.833665966987609863e-01
6.900696754455566406e-01
6.873595714569091797e-01
7.007384896278381348e-01
6.791704893112182617e-01
6.821209192276000977e-01
6.865283250808715820e-01
6.809933781623840332e-01
6.838647127151489258e-01
6.954355239868164062e-01
6.875916719436645508e-01
6.864737272262573242e-01
6.964163780212402344e-01
6.866149902343750000e-01
6.820409893989562988e-01
6.896259188652038574e-01
6.751390695571899414e-01
6.962502598762512207e-01
6.997250914573669434e-01
6.844205260276794434e-01
7.006683349609375000e-01
6.957955360412597656e-01
6.807264685630798340e-01
6.918261051177978516e-01
6.832237839698791504e-01
7.098258733749389648e-01
6.971247792243957520e-01
6.946107745170593262e-01
6.893138885498046875e-01
6.917774677276611328e-01
6.910088062286376953e-01
6.903221607208251953e-01
6.943414807319641113e-01
6.936165690422058105e-01
6.869099140167236328e-01
6.897590756416320801e-01
6.923034191131591797e-01
6.751829981803894043e-01
6.813457012176513672e-01
6.912435889244079590e-01
6.867855787277221680e-01
7.043323516845703125e-01
6.861773729324340820e-01
6.854084134101867676e-01
7.013959884643554688e-01
6.923487782478332520e-01
6.892092227935791016e-01
6.828462481498718262e-01
6.952297091484069824e-01
7.012889385223388672e-01
6.953286528587341309e-01
6.827978491783142090e-01
7.037092447280883789e-01
6.896030902862548828e-01
6.834849715232849121e-01
6.863412857055664062e-01
6.839655637741088867e-01
6.874233484268188477e-01
6.922729015350341797e-01
6.972413063049316406e-01
6.905035972595214844e-01
6.963167786598205566e-01
6.913082599639892578e-01
6.909513473510742188e-01
6.885116696357727051e-01
6.867459416389465332e-01
6.815005540847778320e-01
6.888084411621093750e-01
6.830546259880065918e-01
6.842855215072631836e-01
6.795251369476318359e-01
6.854003667831420898e-01
6.811122894287109375e-01
6.899943947792053223e-01
6.835489273071289062e-01
7.001422047615051270e-01
6.853448748588562012e-01
6.871898174285888672e-01
6.883050203323364258e-01
6.981557011604309082e-01
7.004790902137756348e-01
6.886223554611206055e-01
6.869071722030639648e-01
6.949993371963500977e-01
6.834455728530883789e-01
6.909179091453552246e-01
6.853657364845275879e-01
6.956192255020141602e-01
6.845443844795227051e-01
6.966735124588012695e-01
6.781624555587768555e-01
6.929723620414733887e-01
6.896786093711853027e-01
6.930163502693176270e-01
6.813626289367675781e-01
6.919944286346435547e-01
6.801907420158386230e-01
6.959047317504882812e-01
6.895791292190551758e-01
6.830359697341918945e-01
6.955125927925109863e-01
6.941812038421630859e-01
6.888433694839477539e-01
6.914505958557128906e-01
6.997964978218078613e-01
6.855008602142333984e-01
6.857165098190307617e-01
6.874820590019226074e-01
6.978197097778320312e-01
6.959693431854248047e-01
6.847511529922485352e-01
6.898722648620605469e-01
7.021205425262451172e-01
6.839941740036010742e-01
6.962759494781494141e-01
6.857497096061706543e-01
7.016392350196838379e-01
6.955901980400085449e-01
7.030794024467468262e-01
6.869242191314697266e-01
6.853009462356567383e-01
6.850844025611877441e-01
6.977679133415222168e-01
6.878429651260375977e-01
6.766909360885620117e-01
6.984022259712219238e-01
6.954872012138366699e-01
6.860629320144653320e-01
6.855251193046569824e-01
6.882033348083496094e-01
6.964133977890014648e-01
6.855885982513427734e-01
6.810580492019653320e-01
6.758107542991638184e-01
6.970919370651245117e-01
6.860882043838500977e-01
6.871904730796813965e-01
6.951950788497924805e-01
6.910308599472045898e-01
6.987032890319824219e-01
6.932039260864257812e-01
6.858046650886535645e-01
6.917059421539306641e-01
6.932178735733032227e-01
6.926566362380981445e-01
6.839540004730224609e-01
6.877900958061218262e-01
6.901266574859619141e-01
6.850945949554443359e-01
7.000896930694580078e-01
6.847134828567504883e-01
6.871402859687805176e-01
6.726932525634765625e-01
6.928359866142272949e-01
6.821479797363281250e-01
6.907121539115905762e-01
6.904255151748657227e-01
6.855314373970031738e-01
7.004902958869934082e-01
6.800686717033386230e-01
6.809799671173095703e-01
6.958721876144409180e-01
6.859861612319946289e-01
6.902987957000732422e-01
6.841980218887329102e-01
6.938226819038391113e-01
6.932606101036071777e-01
6.843345165252685547e-01
6.864734888076782227e-01
7.009109258651733398e-01
6.924069523811340332e-01
6.911386251449584961e-01
6.984255909919738770e-01
6.721724867820739746e-01
6.831157207489013672e-01
6.950469017028808594e-01
6.883826255798339844e-01
6.933772563934326172e-01
6.934221982955932617e-01
6.984484195709228516e-01
6.898081302642822266e-01
6.851019859313964844e-01
6.880523562431335449e-01
6.865555047988891602e-01
6.807835698127746582e-01
6.803871989250183105e-01
6.916859149932861328e-01
6.812369227409362793e-01
6.965309977531433105e-01
6.928532123565673828e-01
6.879896521568298340e-01
6.869255304336547852e-01
6.908268332481384277e-01
6.869140267372131348e-01
6.751797795295715332e-01
7.036565542221069336e-01
6.924849748611450195e-01
6.948372721672058105e-01
6.876167058944702148e-01
6.900752782821655273e-01
6.952365636825561523e-01
6.898077726364135742e-01
7.015843391418457031e-01
6.915832757949829102e-01
6.882232427597045898e-01
6.753164529800415039e-01
6.821096539497375488e-01
6.918225884437561035e-01
6.897541284561157227e-01
6.834710836410522461e-01
6.907694935798645020e-01
6.944918036460876465e-01
6.966235637664794922e-01
6.974661350250244141e-01
6.824227571487426758e-01
6.846483349800109863e-01
6.878271102905273438e-01
6.823053956031799316e-01
6.820210218429565430e-01
6.886879205703735352e-01
6.921235918998718262e-01
6.910331845283508301e-01
6.944476366043090820e-01
6.913287043571472168e-01
6.879051327705383301e-01
6.984152197837829590e-01
6.929301619529724121e-01
6.901046633720397949e-01
6.903960704803466797e-01
6.856167912483215332e-01
6.966136097908020020e-01
6.939145922660827637e-01
6.880881190299987793e-01
7.017163038253784180e-01
6.771620512008666992e-01
6.865084171295166016e-01
6.897319555282592773e-01
6.923575401306152344e-01
6.879974603652954102e-01
6.924703121185302734e-01
6.920719146728515625e-01
6.898617744445800781e-01
6.943847537040710449e-01
6.900143027305603027e-01
6.876870989799499512e-01
6.903538703918457031e-01
6.834646463394165039e-01
6.875413656234741211e-01
6.813608407974243164e-01
6.920557618141174316e-01
6.820509433746337891e-01
6.792510747909545898e-01
6.956003308296203613e-01
6.919922232627868652e-01
6.892560124397277832e-01
6.923654675483703613e-01
6.914491057395935059e-01
6.884744167327880859e-01
6.813899874687194824e-01
6.909579634666442871e-01
6.949262619018554688e-01
6.886199712753295898e-01
6.801151633262634277e-01
6.936271786689758301e-01
6.870557069778442383e-01
6.916988492012023926e-01
6.920614838600158691e-01
6.914555430412292480e-01
6.826019287109375000e-01
6.922903656959533691e-01
6.924263834953308105e-01
6.943376660346984863e-01
7.029957771301269531e-01
6.782642602920532227e-01
6.955712437629699707e-01
6.896518468856811523e-01
6.985231041908264160e-01
6.861005425453186035e-01
6.872406005859375000e-01
6.959289312362670898e-01
6.855367422103881836e-01
6.814664006233215332e-01
6.861250996589660645e-01
6.916229128837585449e-01
6.991783380508422852e-01
6.948556900024414062e-01
6.832245588302612305e-01
6.849789619445800781e-01
7.052310109138488770e-01
6.948500275611877441e-01
6.954231858253479004e-01
6.821149587631225586e-01
6.884658336639404297e-01
6.830683350563049316e-01
6.758019328117370605e-01
7.027836441993713379e-01
6.850480437278747559e-01
6.853964328765869141e-01
7.033748626708984375e-01
6.797114610671997070e-01
6.882942318916320801e-01
6.809577941894531250e-01
7.047922015190124512e-01
6.930829286575317383e-01
6.819535493850708008e-01
6.870151162147521973e-01
6.804035902023315430e-01
6.873593926429748535e-01
6.822071671485900879e-01
6.962532401084899902e-01
7.024960517883300781e-01
6.892268657684326172e-01
6.880109906196594238e-01
6.863574981689453125e-01
6.959200501441955566e-01
6.739484071731567383e-01
6.877238750457763672e-01
6.985890269279479980e-01
6.834321022033691406e-01
6.966695785522460938e-01
6.834763288497924805e-01
6.928114891052246094e-01
6.862268447875976562e-01
6.899338960647583008e-01
6.970481872558593750e-01
6.958899497985839844e-01
6.827228069305419922e-01
6.924350261688232422e-01
6.981118917465209961e-01
6.952651739120483398e-01
6.845127940177917480e-01
6.924958229064941406e-01
6.930103302001953125e-01
6.721410751342773438e-01
6.885257363319396973e-01
6.947785615921020508e-01
6.867212057113647461e-01
6.929733157157897949e-01
6.911376118659973145e-01
6.885672211647033691e-01
6.751922369003295898e-01
6.831499934196472168e-01
6.948628425598144531e-01
6.893693804740905762e-01
7.036271095275878906e-01
6.875705718994140625e-01
6.804246306419372559e-01
7.006819844245910645e-01
6.883350610733032227e-01
6.813619136810302734e-01
6.947698593139648438e-01
6.841410994529724121e-01
6.820496320724487305e-01
6.936826705932617188e-01
6.848880052566528320e-01
6.972856521606445312e-01
6.748621463775634766e-01
6.855431795120239258e-01
6.927988529205322266e-01
6.928966045379638672e-01
6.877803206443786621e-01
6.761753559112548828e-01
6.921138167381286621e-01
6.907551288604736328e-01
6.904622912406921387e-01
6.777738332748413086e-01
6.878044605255126953e-01
6.974335312843322754e-01
6.932829618453979492e-01
6.949923038482666016e-01
6.819732189178466797e-01
6.855202913284301758e-01
6.816735863685607910e-01
6.843347549438476562e-01
6.909846067428588867e-01
6.841958761215209961e-01
6.893489956855773926e-01
6.882761120796203613e-01
6.922479271888732910e-01
6.843202114105224609e-01
6.867060661315917969e-01
6.797791719436645508e-01
6.872079372406005859e-01
7.001533508300781250e-01
6.970267295837402344e-01
6.899207234382629395e-01
7.025653719902038574e-01
6.981986761093139648e-01
6.875940561294555664e-01
6.952465176582336426e-01
6.806517839431762695e-01
6.836431622505187988e-01
6.953658461570739746e-01
6.772091984748840332e-01
6.723752617835998535e-01
7.024872303009033203e-01
6.876072883605957031e-01
6.830210685729980469e-01
6.821311116218566895e-01
6.894823312759399414e-01
6.833965778350830078e-01
6.889560222625732422e-01
6.972356438636779785e-01
6.843866705894470215e-01
6.904403567314147949e-01
6.972345113754272461e-01
6.825048923492431641e-01
6.907153725624084473e-01
6.882039904594421387e-01
6.865879893302917480e-01
6.917240023612976074e-01
6.907054781913757324e-01
6.948583722114562988e-01
6.928609609603881836e-01
6.928756833076477051e-01
6.881194710731506348e-01
6.995686292648315430e-01
6.899151802062988281e-01
6.894233822822570801e-01
6.882249116897583008e-01
6.831792593002319336e-01
6.893625259399414062e-01
6.793443560600280762e-01
6.912376880645751953e-01
6.870387792587280273e-01
6.946792006492614746e-01
6.994289755821228027e-01
6.907761693000793457e-01
6.875149607658386230e-01
6.903877258300781250e-01
6.833484768867492676e-01
7.014330029487609863e-01
6.887747049331665039e-01
6.899509429931640625e-01
6.910297274589538574e-01
6.880900859832763672e-01
6.856384277343750000e-01
6.878029704093933105e-01
6.973162293434143066e-01
6.857638955116271973e-01
6.924257278442382812e-01
6.862934231758117676e-01
6.945647597312927246e-01
6.883395314216613770e-01
6.817556619644165039e-01
6.858108043670654297e-01
6.894017457962036133e-01
6.917677521705627441e-01
6.963431835174560547e-01
6.882587075233459473e-01
7.001811265945434570e-01
6.801823973655700684e-01
6.829260587692260742e-01
6.897815465927124023e-01
6.948133707046508789e-01
6.898251175880432129e-01
6.846625804901123047e-01
6.937946677207946777e-01
7.036568522453308105e-01
6.808323860168457031e-01
7.135955691337585449e-01
6.889371871948242188e-01
6.838711500167846680e-01
6.894415616989135742e-01
6.964753866195678711e-01
6.952279210090637207e-01
6.823853254318237305e-01
6.868484616279602051e-01
6.947343349456787109e-01
6.718062162399291992e-01
6.794902086257934570e-01
6.845066547393798828e-01
7.003945112228393555e-01
6.941112279891967773e-01
6.807358860969543457e-01
6.736468076705932617e-01
6.807239055633544922e-01
6.976544260978698730e-01
6.813833713531494141e-01
6.986824274063110352e-01
6.861702799797058105e-01
6.946809291839599609e-01
6.953147053718566895e-01
6.859170794486999512e-01
6.945229768753051758e-01
6.783822774887084961e-01
6.824836730957031250e-01
6.866989135742187500e-01
7.024881243705749512e-01
6.901966929435729980e-01
6.998260617256164551e-01
6.829550266265869141e-01
6.930843591690063477e-01
6.858924627304077148e-01
6.914216876029968262e-01
6.843274235725402832e-01
6.933318972587585449e-01
6.937837004661560059e-01
6.879583001136779785e-01
6.810919046401977539e-01
6.907026767730712891e-01
6.951531171798706055e-01
6.929218173027038574e-01
6.914267539978027344e-01
6.776253581047058105e-01
6.940452456474304199e-01
7.048606276512145996e-01
6.902786493301391602e-01
6.894919276237487793e-01
6.859225034713745117e-01
6.894976496696472168e-01
6.875686645507812500e-01
6.961711645126342773e-01
6.915526986122131348e-01
6.850519180297851562e-01
6.858750581741333008e-01
6.909070611000061035e-01
6.794205904006958008e-01
6.764956116676330566e-01
6.861304044723510742e-01
7.036731243133544922e-01
6.820136308670043945e-01
6.936472654342651367e-01
6.936987042427062988e-01
6.873600482940673828e-01
6.900072693824768066e-01
7.025815844535827637e-01
6.788975000381469727e-01
6.897212266921997070e-01
6.847484111785888672e-01
6.938961744308471680e-01
6.968955993652343750e-01
7.029426693916320801e-01
6.811661720275878906e-01
6.844456195831298828e-01
7.050445079803466797e-01
6.936751604080200195e-01
6.831478476524353027e-01
6.875024437904357910e-01
6.855638623237609863e-01
6.876605153083801270e-01
6.886473894119262695e-01
6.939048171043395996e-01
6.874589920043945312e-01
6.904074549674987793e-01
6.904928684234619141e-01
6.934372782707214355e-01
6.806976199150085449e-01
6.764856576919555664e-01
6.827785968780517578e-01
6.956561207771301270e-01
7.043616175651550293e-01
6.843793392181396484e-01
6.887299418449401855e-01
6.912444829940795898e-01
6.748190522193908691e-01
6.905664801597595215e-01
6.807450652122497559e-01
6.866360306739807129e-01
6.849820613861083984e-01
6.870881915092468262e-01
6.901866197586059570e-01
7.065092921257019043e-01
6.920877695083618164e-01
6.834177970886230469e-01
6.916602253913879395e-01
6.922360062599182129e-01
6.872372031211853027e-01
6.846157312393188477e-01
6.944574117660522461e-01
6.782804727554321289e-01
6.810094714164733887e-01
6.889395713806152344e-01
6.848776936531066895e-01
7.030017971992492676e-01
6.948968172073364258e-01
6.887387037277221680e-01
6.850268244743347168e-01
6.858173012733459473e-01
6.890303492546081543e-01
6.769608855247497559e-01
6.913948655128479004e-01
6.959503293037414551e-01
6.874870061874389648e-01
6.876198053359985352e-01
6.903643608093261719e-01
6.907724738121032715e-01
6.819483041763305664e-01
6.876782178878784180e-01
6.807072758674621582e-01
6.782663464546203613e-01
6.934530735015869141e-01
6.990566849708557129e-01
6.958092451095581055e-01
6.987023949623107910e-01
7.090143561363220215e-01
6.870113611221313477e-01
6.795188784599304199e-01
6.799086332321166992e-01
6.794515848159790039e-01
6.880131959915161133e-01
7.065185904502868652e-01
6.858639717102050781e-01
6.982120871543884277e-01
7.057977318763732910e-01
6.923422217369079590e-01
6.886320114135742188e-01
7.008306980133056641e-01
6.861701011657714844e-01
6.862052679061889648e-01
6.970489621162414551e-01
6.903218030929565430e-01
6.910560131072998047e-01
7.012666463851928711e-01
6.742559671401977539e-01
6.932966113090515137e-01
6.939788460731506348e-01
6.790757179260253906e-01
6.898422837257385254e-01
6.745642423629760742e-01
6.824235916137695312e-01
6.823505759239196777e-01
6.953572034835815430e-01
6.939512491226196289e-01
6.943077445030212402e-01
6.875623464584350586e-01
6.915504932403564453e-01
6.847401857376098633e-01
6.919035315513610840e-01
6.871705651283264160e-01
6.781589984893798828e-01
6.977217793464660645e-01
6.875935196876525879e-01
6.811525821685791016e-01
6.922150254249572754e-01
6.850967407226562500e-01
7.013373970985412598e-01
6.975765824317932129e-01
6.862043738365173340e-01
6.760606169700622559e-01
6.916757822036743164e-01
6.951422691345214844e-01
6.770070791244506836e-01
6.816827058792114258e-01
6.982615590095520020e-01
6.938526630401611328e-01
6.882306933403015137e-01
6.892130970954895020e-01
6.884848475456237793e-01
6.790388226509094238e-01
6.874010562896728516e-01
6.981216073036193848e-01
7.000117897987365723e-01
6.926151514053344727e-01
6.797665357589721680e-01
6.802607178688049316e-01
6.832063198089599609e-01
6.860201954841613770e-01
6.905203461647033691e-01
6.909039616584777832e-01
6.861960887908935547e-01
6.878561973571777344e-01
6.943441629409790039e-01
6.864472627639770508e-01
6.878681182861328125e-01
6.930511593818664551e-01
6.864786148071289062e-01
6.920079588890075684e-01
6.907114386558532715e-01
6.829004883766174316e-01
6.870617866516113281e-01
6.916340589523315430e-01
6.766548156738281250e-01
6.960868835449218750e-01
6.965320110321044922e-01
6.908674836158752441e-01
6.924359798431396484e-01
6.727275252342224121e-01
6.928467154502868652e-01
7.024869918823242188e-01
6.713255643844604492e-01
6.815987825393676758e-01
6.821696758270263672e-01
6.824046969413757324e-01
6.946464776992797852e-01
6.810947060585021973e-01
6.809060573577880859e-01
6.935078501701354980e-01
6.841495633125305176e-01
6.870236396789550781e-01
6.844344735145568848e-01
6.888985633850097656e-01
6.846239566802978516e-01
7.037119865417480469e-01
6.968417167663574219e-01
6.941829919815063477e-01
6.951295137405395508e-01
6.871227025985717773e-01
6.878703832626342773e-01
6.999080181121826172e-01
7.039619684219360352e-01
6.886691451072692871e-01
6.919779777526855469e-01
6.960703134536743164e-01
6.820648312568664551e-01
6.845920681953430176e-01
6.869485378265380859e-01
6.780178546905517578e-01
6.930661201477050781e-01
6.982119679450988770e-01
6.856218576431274414e-01
6.839025616645812988e-01
6.894972324371337891e-01
6.909588575363159180e-01
6.886924505233764648e-01
6.874901056289672852e-01
6.916974782943725586e-01
6.812025904655456543e-01
6.947836279869079590e-01
7.002435922622680664e-01
7.074860334396362305e-01
6.885494589805603027e-01
6.813224554061889648e-01
7.044849395751953125e-01
6.855295896530151367e-01
6.738731265068054199e-01
6.952642202377319336e-01
6.727150082588195801e-01
6.977043747901916504e-01
6.967511177062988281e-01
6.954534649848937988e-01
6.894652247428894043e-01
7.001231312751770020e-01
7.025446295738220215e-01
6.785952448844909668e-01
6.794942021369934082e-01
6.651697754859924316e-01
6.954033374786376953e-01
6.771613359451293945e-01
6.799394488334655762e-01
6.977765560150146484e-01
6.920394897460937500e-01
6.897243857383728027e-01
6.967886686325073242e-01
6.848608255386352539e-01
6.910631656646728516e-01
6.928263902664184570e-01
6.975702643394470215e-01
6.963714361190795898e-01
6.985830664634704590e-01
6.919889450073242188e-01
6.915456056594848633e-01
7.007480263710021973e-01
6.865375638008117676e-01
6.966443657875061035e-01
6.757244467735290527e-01
6.736339926719665527e-01
6.867060661315917969e-01
6.853376626968383789e-01
6.860954761505126953e-01
7.018061280250549316e-01
6.852564215660095215e-01
6.832100152969360352e-01
6.951912641525268555e-01
6.852882504463195801e-01
6.848356127738952637e-01
6.805835366249084473e-01
6.965076923370361328e-01
6.921501755714416504e-01
6.886258721351623535e-01
6.904373764991760254e-01
6.947232484817504883e-01
6.917586922645568848e-01
6.852087974548339844e-01
6.940305829048156738e-01
6.945211291313171387e-01
6.907744407653808594e-01
6.820628643035888672e-01
6.899370551109313965e-01
6.929799914360046387e-01
6.862344145774841309e-01
6.839162111282348633e-01
6.977174878120422363e-01
6.834626197814941406e-01
6.970096230506896973e-01
6.910027265548706055e-01
6.892842054367065430e-01
6.851202249526977539e-01
6.971507072448730469e-01
6.762749552726745605e-01
6.776442527770996094e-01
7.085996866226196289e-01
6.880813837051391602e-01
6.883146166801452637e-01
6.934300661087036133e-01
6.820045113563537598e-01
6.821539998054504395e-01
6.814842224121093750e-01
6.829206943511962891e-01
6.852777600288391113e-01
6.759563684463500977e-01
6.875057220458984375e-01
6.853368878364562988e-01
7.001385092735290527e-01
6.775656938552856445e-01
6.898683905601501465e-01
6.849192380905151367e-01
6.837688684463500977e-01
6.908289194107055664e-01
6.883184313774108887e-01
6.948056221008300781e-01
6.848501563072204590e-01
6.853679418563842773e-01
7.034539580345153809e-01
6.815727949142456055e-01
6.825694441795349121e-01
6.834301352500915527e-01
6.945021152496337891e-01
6.826928853988647461e-01
6.876944899559020996e-01
6.922968029975891113e-01
6.970576047897338867e-01
6.770794987678527832e-01
6.928102374076843262e-01
6.903159618377685547e-01
6.984339952468872070e-01
6.853884458541870117e-01
6.938397288322448730e-01
6.897304654121398926e-01
6.825215816497802734e-01
6.778002977371215820e-01
6.767920255661010742e-01
6.907265186309814453e-01
7.140113711357116699e-01
6.792143583297729492e-01
7.001149058341979980e-01
6.961212158203125000e-01
6.945782303810119629e-01
6.951800584793090820e-01
6.907256245613098145e-01
7.009474635124206543e-01
6.877021789550781250e-01
6.969416737556457520e-01
6.712687015533447266e-01
6.846309304237365723e-01
6.967406272888183594e-01
6.855841875076293945e-01
6.972513198852539062e-01
6.892544031143188477e-01
6.850564479827880859e-01
6.955901384353637695e-01
7.002252936363220215e-01
6.805753111839294434e-01
6.874140501022338867e-01
7.026435136795043945e-01
6.885268688201904297e-01
6.858122348785400391e-01
6.811864972114562988e-01
6.899343729019165039e-01
6.869780421257019043e-01
6.914696693420410156e-01
6.859065294265747070e-01
6.744678616523742676e-01
6.807568073272705078e-01
6.900079846382141113e-01
6.967608928680419922e-01
6.856983304023742676e-01
6.901043653488159180e-01
6.891375780105590820e-01
6.883941292762756348e-01
6.772255301475524902e-01
7.008482217788696289e-01
6.986444592475891113e-01
6.874749064445495605e-01
6.811413764953613281e-01
6.902649402618408203e-01
6.979878544807434082e-01
6.978043317794799805e-01
6.932256221771240234e-01
6.986278295516967773e-01
6.962410211563110352e-01
6.786464452743530273e-01
6.965773105621337891e-01
6.903095841407775879e-01
6.977675557136535645e-01
6.896092891693115234e-01
6.842753887176513672e-01
6.933255791664123535e-01
6.868318915367126465e-01
6.868953108787536621e-01
6.801106929779052734e-01
6.993906497955322266e-01
6.752871274948120117e-01
6.816498637199401855e-01
6.847620010375976562e-01
6.819075345993041992e-01
6.851094365119934082e-01
6.801286935806274414e-01
6.873029470443725586e-01
6.962972879409790039e-01
6.822961568832397461e-01
6.881970763206481934e-01
6.878180503845214844e-01
6.839835047721862793e-01
6.828490495681762695e-01
6.858556270599365234e-01
6.921514272689819336e-01
6.914148330688476562e-01
6.671599745750427246e-01
6.903502941131591797e-01
6.907535195350646973e-01
6.879855394363403320e-01
6.794584989547729492e-01
6.976148486137390137e-01
6.831986308097839355e-01
6.927558779716491699e-01
6.855760812759399414e-01
7.016326785087585449e-01
6.891153454780578613e-01
6.802523136138916016e-01
7.044084072113037109e-01
6.925222277641296387e-01
6.831930279731750488e-01
6.912150382995605469e-01
6.971303820610046387e-01
6.912177801132202148e-01
6.905438303947448730e-01
6.900537610054016113e-01
6.895731091499328613e-01
6.913898587226867676e-01
6.823886632919311523e-01
6.907091736793518066e-01
6.878964900970458984e-01
6.871275901794433594e-01
6.912487149238586426e-01
6.924747824668884277e-01
6.953676342964172363e-01
6.975584030151367188e-01
6.808446645736694336e-01
7.034493684768676758e-01
7.035300731658935547e-01
6.773567199707031250e-01
6.948136091232299805e-01
6.956269145011901855e-01
6.880034804344177246e-01
6.890351176261901855e-01
6.984121799468994141e-01
6.964522004127502441e-01
6.910638809204101562e-01
6.922665834426879883e-01
6.898392438888549805e-01
6.786342859268188477e-01
6.751626729965209961e-01
6.935873627662658691e-01
6.848018169403076172e-01
6.822277903556823730e-01
6.941797733306884766e-01
6.803632378578186035e-01
6.999166607856750488e-01
6.867693662643432617e-01
6.800116896629333496e-01
6.818095445632934570e-01
7.004106640815734863e-01
6.947888135910034180e-01
6.866915822029113770e-01
6.856825351715087891e-01
7.020880579948425293e-01
6.893807053565979004e-01
6.917240023612976074e-01
6.901801824569702148e-01
6.906479001045227051e-01
6.921296715736389160e-01
6.965295076370239258e-01
6.796712875366210938e-01
6.917507052421569824e-01
6.925972700119018555e-01
6.851241588592529297e-01
6.885253190994262695e-01
6.791797876358032227e-01
6.833740472793579102e-01
7.056432366371154785e-01
6.960253119468688965e-01
6.829105615615844727e-01
6.797349452972412109e-01
6.948322057723999023e-01
6.864152550697326660e-01
6.760342717170715332e-01
6.982250809669494629e-01
6.735150814056396484e-01
6.827974915504455566e-01
6.895137429237365723e-01
6.764765977859497070e-01
6.886891126632690430e-01
6.902874708175659180e-01
6.859239339828491211e-01
7.041694521903991699e-01
6.922748684883117676e-01
7.007480859756469727e-01
6.836367249488830566e-01
6.846282482147216797e-01
6.890019774436950684e-01
6.915695667266845703e-01
6.958442926406860352e-01
6.652831435203552246e-01
6.861431598663330078e-01
6.876623034477233887e-01
6.879215240478515625e-01
6.936195492744445801e-01
6.661701202392578125e-01
6.895540356636047363e-01
6.969450712203979492e-01
6.910345554351806641e-01
6.998152732849121094e-01
7.007609605789184570e-01
6.935104727745056152e-01
6.918452382087707520e-01
6.832589507102966309e-01
6.875967383384704590e-01
6.913349032402038574e-01
6.856037974357604980e-01
6.911913752555847168e-01
6.827503442764282227e-01
6.864646077156066895e-01
6.777285933494567871e-01
6.995883584022521973e-01
6.939858198165893555e-01
6.904673576354980469e-01
6.899424791336059570e-01
6.909180283546447754e-01
6.913081407546997070e-01
6.736232638359069824e-01
6.976324319839477539e-01
6.868342161178588867e-01
6.848221421241760254e-01
6.922214031219482422e-01
6.928870677947998047e-01
6.902683377265930176e-01
6.956275105476379395e-01
6.919772624969482422e-01
6.829853057861328125e-01
6.950420737266540527e-01
6.846665740013122559e-01
6.847879886627197266e-01
6.981077194213867188e-01
6.895952820777893066e-01
6.853255033493041992e-01
6.888544559478759766e-01
6.923120021820068359e-01
6.831353902816772461e-01
6.869614124298095703e-01
6.914837956428527832e-01
6.835126876831054688e-01
6.904159784317016602e-01
6.935132741928100586e-01
7.048689126968383789e-01
6.946189999580383301e-01
6.837102770805358887e-01
6.873480677604675293e-01
6.770091652870178223e-01
6.868489980697631836e-01
6.940380334854125977e-01
6.839243173599243164e-01
6.960121989250183105e-01
6.977787017822265625e-01
6.934591531753540039e-01
6.845377087593078613e-01
7.033479809761047363e-01
6.814057826995849609e-01
6.905367374420166016e-01
6.969829201698303223e-01
6.848235130310058594e-01
6.897282600402832031e-01
6.959308385848999023e-01
6.950485706329345703e-01
6.952584981918334961e-01
6.960936784744262695e-01
7.002586126327514648e-01
6.927620172500610352e-01
6.903731822967529297e-01
6.834463477134704590e-01
6.754855513572692871e-01
6.765382289886474609e-01
6.795224547386169434e-01
6.699202060699462891e-01
6.884333491325378418e-01
6.804560422897338867e-01
6.936045885086059570e-01
6.875432729721069336e-01
6.817592978477478027e-01
6.960020661354064941e-01
6.919701099395751953e-01
6.823396682739257812e-01
6.840245127677917480e-01
6.867015957832336426e-01
6.949090361595153809e-01
6.912666559219360352e-01
6.931460499763488770e-01
6.766381263732910156e-01
6.913120746612548828e-01
6.932234168052673340e-01
6.808826923370361328e-01
6.914125680923461914e-01
6.832566261291503906e-01
6.936365365982055664e-01
6.894766092300415039e-01
6.778331995010375977e-01
6.809226274490356445e-01
6.880720853805541992e-01
6.974871158599853516e-01
6.926198005676269531e-01
6.903487443923950195e-01
6.786856651306152344e-01
6.922696828842163086e-01
6.953026056289672852e-01
6.926390528678894043e-01
6.925833821296691895e-01
6.928769350051879883e-01
6.826175451278686523e-01
6.810647249221801758e-01
6.868978142738342285e-01
6.804214715957641602e-01
6.746811270713806152e-01
6.722869873046875000e-01
6.907996535301208496e-01
6.937280893325805664e-01
6.789479255676269531e-01
6.657817363739013672e-01
6.853216290473937988e-01
6.828634142875671387e-01
6.961020231246948242e-01
6.980834603309631348e-01
6.834319233894348145e-01
6.849874854087829590e-01
6.794196963310241699e-01
7.049133777618408203e-01
7.036409378051757812e-01
6.868894100189208984e-01
6.848365068435668945e-01
6.901259422302246094e-01
6.908065080642700195e-01
6.908801794052124023e-01
6.923066973686218262e-01
6.858277916908264160e-01
6.875809431076049805e-01
6.851208209991455078e-01
6.868294477462768555e-01
7.006522417068481445e-01
6.827222704887390137e-01
6.948242187500000000e-01
6.907943487167358398e-01
6.938444972038269043e-01
6.868224143981933594e-01
6.985771656036376953e-01
6.832735538482666016e-01
6.839548945426940918e-01
7.010794281959533691e-01
6.878944635391235352e-01
6.940025687217712402e-01
6.818270087242126465e-01
6.809753179550170898e-01
6.871740221977233887e-01
6.904785633087158203e-01
6.818497180938720703e-01
6.947562694549560547e-01
6.820241212844848633e-01
6.954454183578491211e-01
6.890146732330322266e-01
7.000442147254943848e-01
6.958695650100708008e-01
6.941975951194763184e-01
6.878808736801147461e-01
6.911928057670593262e-01
6.970735192298889160e-01
6.914758682250976562e-01
6.875442862510681152e-01
6.878899335861206055e-01
6.963729858398437500e-01
7.003577351570129395e-01
6.804201602935791016e-01
6.841705441474914551e-01
6.838212609291076660e-01
7.011596560478210449e-01
6.953653097152709961e-01
6.847648620605468750e-01
6.785890460014343262e-01
6.832461357116699219e-01
6.889757513999938965e-01
6.884792447090148926e-01
6.797910928726196289e-01
6.886239051818847656e-01
6.792025566101074219e-01
6.864307522773742676e-01
6.890358328819274902e-01
6.897410750389099121e-01
6.808725595474243164e-01
6.758949756622314453e-01
6.924021840095520020e-01
6.840945482254028320e-01
6.964458823204040527e-01
7.069966197013854980e-01
6.912364959716796875e-01
6.849206089973449707e-01
6.839420199394226074e-01
7.027384042739868164e-01
6.788271665573120117e-01
6.871237158775329590e-01
6.966702938079833984e-01
6.827806830406188965e-01
6.801679134368896484e-01
6.768634319305419922e-01
6.895859837532043457e-01
6.755215525627136230e-01
6.845343112945556641e-01
6.812303066253662109e-01
6.788911819458007812e-01
6.755921840667724609e-01
6.834697127342224121e-01
6.881860494613647461e-01
6.787304282188415527e-01
6.890665888786315918e-01
6.795302033424377441e-01
6.940099000930786133e-01
6.726069450378417969e-01
6.734264492988586426e-01
6.830934286117553711e-01
6.924089789390563965e-01
6.896563768386840820e-01
6.760983467102050781e-01
6.863791346549987793e-01
6.981382369995117188e-01
6.971344351768493652e-01
6.938387751579284668e-01
7.015790343284606934e-01
6.842665076255798340e-01
6.783186197280883789e-01
6.807238459587097168e-01
6.839281916618347168e-01
6.904402375221252441e-01
6.768934726715087891e-01
7.001804709434509277e-01
6.969493031501770020e-01
7.036901712417602539e-01
6.863681077957153320e-01
6.907104253768920898e-01
6.870024204254150391e-01
6.831662654876708984e-01
6.942050457000732422e-01
6.963472366333007812e-01
6.796305179595947266e-01
6.913163065910339355e-01
7.058302164077758789e-01
6.950823068618774414e-01
6.966709494590759277e-01
6.964867115020751953e-01
6.984289288520812988e-01
6.957598328590393066e-01
6.894207000732421875e-01
6.928778886795043945e-01
6.943365335464477539e-01
6.872158050537109375e-01
6.904469728469848633e-01
6.911517977714538574e-01
6.849306225776672363e-01
6.947022080421447754e-01
6.919230222702026367e-01
6.848615407943725586e-01
6.902296543121337891e-01
6.850478649139404297e-01
6.895744204521179199e-01
6.927577257156372070e-01
6.926111578941345215e-01
6.919825077056884766e-01
6.910214424133300781e-01
6.953728795051574707e-01
6.728875637054443359e-01
6.903756260871887207e-01
6.970297098159790039e-01
6.947544813156127930e-01
6.844153404235839844e-01
6.883164048194885254e-01
6.835379004478454590e-01
6.958488225936889648e-01
6.880193948745727539e-01
6.927206516265869141e-01
6.846129894256591797e-01
7.011153697967529297e-01
6.810265183448791504e-01
7.018860578536987305e-01
7.020441293716430664e-01
6.783685684204101562e-01
6.849568486213684082e-01
6.970691084861755371e-01
6.779892444610595703e-01
6.890013813972473145e-01
6.889183521270751953e-01
6.890933513641357422e-01
6.888801455497741699e-01
6.854233145713806152e-01
6.947627067565917969e-01
6.954621076583862305e-01
6.794498562812805176e-01
6.998727917671203613e-01
6.851522922515869141e-01
6.940004825592041016e-01
6.976113319396972656e-01
6.858050227165222168e-01
6.957819461822509766e-01
6.889296770095825195e-01
6.877374053001403809e-01
6.927010416984558105e-01
6.903551220893859863e-01
6.923988461494445801e-01
6.789534091949462891e-01
6.834967136383056641e-01
6.862115859985351562e-01
6.841865181922912598e-01
6.865282058715820312e-01
6.927001476287841797e-01
7.001088857650756836e-01
6.958086490631103516e-01
6.917821764945983887e-01
6.830378770828247070e-01
6.866222620010375977e-01
6.975300312042236328e-01
6.864752769470214844e-01
6.791619062423706055e-01
6.902364492416381836e-01
7.015338540077209473e-01
6.951879858970642090e-01
6.902844309806823730e-01
6.918108463287353516e-01
6.932821273803710938e-01
6.990474462509155273e-01
6.847800016403198242e-01
6.986893415451049805e-01
6.942062377929687500e-01
6.755604743957519531e-01
6.771141290664672852e-01
6.802428364753723145e-01
6.825699806213378906e-01
6.751908063888549805e-01
6.936026811599731445e-01
6.800657510757446289e-01
6.861428022384643555e-01
6.871594190597534180e-01
6.920660138130187988e-01
6.807359457015991211e-01
6.929634213447570801e-01
6.963942646980285645e-01
6.855066418647766113e-01
6.981755495071411133e-01
6.827628016471862793e-01
6.952992081642150879e-01
6.952373981475830078e-01
6.868458390235900879e-01
6.812904477119445801e-01
6.968226432800292969e-01
6.778185963630676270e-01
6.880021691322326660e-01
6.868679523468017578e-01
6.923124790191650391e-01
6.919852495193481445e-01
6.863560080528259277e-01
6.895735263824462891e-01
6.898088455200195312e-01
6.722253561019897461e-01
6.884486079216003418e-01
6.877589225769042969e-01
6.925598978996276855e-01
6.875869631767272949e-01
6.781737804412841797e-01
6.820250749588012695e-01
6.960198879241943359e-01
6.910873651504516602e-01
7.034078836441040039e-01
6.837716698646545410e-01
6.874550580978393555e-01
6.882258653640747070e-01
6.932309865951538086e-01
6.935537457466125488e-01
6.792255640029907227e-01
6.796872019767761230e-01
6.841347217559814453e-01
6.837496757507324219e-01
6.867990493774414062e-01
6.924879550933837891e-01
6.858151555061340332e-01
6.846989393234252930e-01
6.898565888404846191e-01
6.900807619094848633e-01
6.788344979286193848e-01
6.826695799827575684e-01
6.752591133117675781e-01
7.019255161285400391e-01
6.905354857444763184e-01
6.920475363731384277e-01
6.953890323638916016e-01
6.881051063537597656e-01
7.028898000717163086e-01
6.801040172576904297e-01
6.833357214927673340e-01
6.930678486824035645e-01
6.816211938858032227e-01
6.955721378326416016e-01
6.971681714057922363e-01
6.851395964622497559e-01
7.036709785461425781e-01
6.917939186096191406e-01
6.991857886314392090e-01
6.966960430145263672e-01
6.895924806594848633e-01
7.057258486747741699e-01
6.868006587028503418e-01
6.840875148773193359e-01
6.800228357315063477e-01
6.880314946174621582e-01
6.883409023284912109e-01
6.872437000274658203e-01
6.962998509407043457e-01
6.907848119735717773e-01
6.982263326644897461e-01
6.761187911033630371e-01
6.849292516708374023e-01
6.863675713539123535e-01
6.925248503684997559e-01
6.958120465278625488e-01
6.765838861465454102e-01
6.910712122917175293e-01
6.897110939025878906e-01
6.980301141738891602e-01
6.854791045188903809e-01
6.808795332908630371e-01
6.783010959625244141e-01
6.916546225547790527e-01
6.880843639373779297e-01
6.918398141860961914e-01
6.881177425384521484e-01
7.032330036163330078e-01
7.012597322463989258e-01
6.962532997131347656e-01
6.773328781127929688e-01
6.859415769577026367e-01
6.906301975250244141e-01
6.833562254905700684e-01
6.888146400451660156e-01
6.926588416099548340e-01
6.854546666145324707e-01
6.827120780944824219e-01
6.949422359466552734e-01
6.881534457206726074e-01
6.845044493675231934e-01
6.856876611709594727e-01
6.868512630462646484e-01
6.985360383987426758e-01
6.850068569183349609e-01
6.896249651908874512e-01
6.833617091178894043e-01
6.874555349349975586e-01
6.853656768798828125e-01
6.843081116676330566e-01
7.014274597167968750e-01
6.813731193542480469e-01
6.744478940963745117e-01
6.822086572647094727e-01
7.002672553062438965e-01
6.813204288482666016e-01
6.840887069702148438e-01
6.828215122222900391e-01
6.953922510147094727e-01
6.891840696334838867e-01
6.701837182044982910e-01
6.796343326568603516e-01
6.896679997444152832e-01
6.901084780693054199e-01
6.842992305755615234e-01
6.770235300064086914e-01
6.972207427024841309e-01
6.798945665359497070e-01
6.908366084098815918e-01
7.043763399124145508e-01
6.743339896202087402e-01
6.905130147933959961e-01
6.908144950866699219e-01
6.812293529510498047e-01
6.863308548927307129e-01
6.898189783096313477e-01
6.809928417205810547e-01
6.862504482269287109e-01
6.897077560424804688e-01
6.846408247947692871e-01
6.919949054718017578e-01
6.930627822875976562e-01
6.871247887611389160e-01
6.876847147941589355e-01
6.937682628631591797e-01
6.844136714935302734e-01
6.835051774978637695e-01
6.862686872482299805e-01
6.906577944755554199e-01
6.793595552444458008e-01
6.821001768112182617e-01
6.862419247627258301e-01
6.887288093566894531e-01
6.900200843811035156e-01
6.845318078994750977e-01
6.906611323356628418e-01
6.921583414077758789e-01
6.817959547042846680e-01
6.807761788368225098e-01
6.765055060386657715e-01
6.987746357917785645e-01
6.929039359092712402e-01
6.951480507850646973e-01
6.957755088806152344e-01
7.019102573394775391e-01
6.870111227035522461e-01
6.896386742591857910e-01
6.956927776336669922e-01
6.975088715553283691e-01
6.901157498359680176e-01
6.838104724884033203e-01
6.967726945877075195e-01
6.872559785842895508e-01
6.871459484100341797e-01
6.921287775039672852e-01
6.998340487480163574e-01
6.799111366271972656e-01
6.935186386108398438e-01
6.878395676612854004e-01
6.925644874572753906e-01
6.949676275253295898e-01
6.880412101745605469e-01
6.813469529151916504e-01
6.755810379981994629e-01
6.927344799041748047e-01
6.797388792037963867e-01
6.932727098464965820e-01
7.025261521339416504e-01
6.901611685752868652e-01
6.878877878189086914e-01
6.877906918525695801e-01
6.883457303047180176e-01
6.966531872749328613e-01
6.865108609199523926e-01
6.837857365608215332e-01
6.868255138397216797e-01
6.996527910232543945e-01
6.986452341079711914e-01
6.804371476173400879e-01
6.821882724761962891e-01
6.797471046447753906e-01
6.864441037178039551e-01
6.849724650382995605e-01
6.877158880233764648e-01
6.792988181114196777e-01
6.886913180351257324e-01
6.743895411491394043e-01
6.943699717521667480e-01
6.909624934196472168e-01
6.915815472602844238e-01
7.032396793365478516e-01
6.937363147735595703e-01
6.738481521606445312e-01
6.900353431701660156e-01
6.978248357772827148e-01
6.933239698410034180e-01
6.791610121726989746e-01
6.918704509735107422e-01
6.931493282318115234e-01
6.840498447418212891e-01
6.862066984176635742e-01
6.959286928176879883e-01
6.859418749809265137e-01
6.949247717857360840e-01
6.872643232345581055e-01
6.922720670700073242e-01
6.785024404525756836e-01
6.966395378112792969e-01
7.015169262886047363e-01
6.786690950393676758e-01
6.948112249374389648e-01
6.949479579925537109e-01
6.863448023796081543e-01
6.835588216781616211e-01
6.799569129943847656e-01
6.884310841560363770e-01
6.937417387962341309e-01
6.908580064773559570e-01
6.903280019760131836e-01
6.996633410453796387e-01
6.841540336608886719e-01
6.864159703254699707e-01
6.799147129058837891e-01
6.988698244094848633e-01
6.838779449462890625e-01
6.887416243553161621e-01
6.891051530838012695e-01
6.913079023361206055e-01
6.875455379486083984e-01
6.982536911964416504e-01
6.943930983543395996e-01
6.750665307044982910e-01
6.880947947502136230e-01
6.865408420562744141e-01
6.841783523559570312e-01
6.983754634857177734e-01
6.822721362113952637e-01
6.962141394615173340e-01
6.826059818267822266e-01
6.990908384323120117e-01
6.950592994689941406e-01
6.830356121063232422e-01
6.803228855133056641e-01
7.024340629577636719e-01
6.751968264579772949e-01
6.999219059944152832e-01
6.860978603363037109e-01
6.992590427398681641e-01
6.876956224441528320e-01
6.777473688125610352e-01
6.815429925918579102e-01
6.846941709518432617e-01
6.807892322540283203e-01
6.930180788040161133e-01
6.904903054237365723e-01
6.869278550148010254e-01
6.982380151748657227e-01
6.777110099792480469e-01
6.844381690025329590e-01
6.828008294105529785e-01
6.876964569091796875e-01
6.901119351387023926e-01
6.898263096809387207e-01
6.913827657699584961e-01
6.827032566070556641e-01
6.919875144958496094e-01
6.847169995307922363e-01
6.935456991195678711e-01
6.830168962478637695e-01
6.993445754051208496e-01
6.774713397026062012e-01
6.940701007843017578e-01
6.949137449264526367e-01
6.996929645538330078e-01
6.854045987129211426e-01
6.846976876258850098e-01
6.828067302703857422e-01
6.877101659774780273e-01
6.881981492042541504e-01
6.861516237258911133e-01
6.731663346290588379e-01
6.999619007110595703e-01
6.856355071067810059e-01
6.838401556015014648e-01
6.951379179954528809e-01
6.856613159179687500e-01
6.972124576568603516e-01
6.781638264656066895e-01
6.867045760154724121e-01
6.922270655632019043e-01
6.782579421997070312e-01
7.001692056655883789e-01
6.793627142906188965e-01
6.829285621643066406e-01
6.794472932815551758e-01
6.984924077987670898e-01
6.817408204078674316e-01
6.784669756889343262e-01
6.944531798362731934e-01
6.918739080429077148e-01
6.940531730651855469e-01
6.828949451446533203e-01
6.788399815559387207e-01
7.023261189460754395e-01
6.950602531433105469e-01
6.753202676773071289e-01
6.957585811614990234e-01
6.861228346824645996e-01
6.874957084655761719e-01
6.927133202552795410e-01
6.796264648437500000e-01
6.921377182006835938e-01
6.885783076286315918e-01
7.017989158630371094e-01
6.794977784156799316e-01
6.926779747009277344e-01
6.833600997924804688e-01
6.853629946708679199e-01
6.918477416038513184e-01
6.931463479995727539e-01
6.956986188888549805e-01
6.975944042205810547e-01
7.008230686187744141e-01
6.962268352508544922e-01
6.955508589744567871e-01
7.028788328170776367e-01
6.928461790084838867e-01
6.849852204322814941e-01
6.925350427627563477e-01
6.880273818969726562e-01
6.912191510200500488e-01
6.790547966957092285e-01
6.720227003097534180e-01
6.860739588737487793e-01
6.802753806114196777e-01
6.836689114570617676e-01
6.884204745292663574e-01
6.812671422958374023e-01
6.954520344734191895e-01
6.926406025886535645e-01
6.866298913955688477e-01
6.840084791183471680e-01
6.917270421981811523e-01
6.918079853057861328e-01
6.994851231575012207e-01
6.928640604019165039e-01
6.982044577598571777e-01
6.904441714286804199e-01
6.905777454376220703e-01
6.843273043632507324e-01
6.912397146224975586e-01
6.984446048736572266e-01
6.899774670600891113e-01
7.055699229240417480e-01
6.922006011009216309e-01
6.924528479576110840e-01
6.953172087669372559e-01
6.887465119361877441e-01
6.760901212692260742e-01
6.972526907920837402e-01
6.692696213722229004e-01
6.839391589164733887e-01
6.947935819625854492e-01
6.820245385169982910e-01
6.877004504203796387e-01
6.904097795486450195e-01
6.949548721313476562e-01
6.905441284179687500e-01
6.816660165786743164e-01
6.858853101730346680e-01
6.837220191955566406e-01
6.901962757110595703e-01
6.897449493408203125e-01
6.728462576866149902e-01
6.888865828514099121e-01
6.930078864097595215e-01
6.913502216339111328e-01
6.846894621849060059e-01
6.787024140357971191e-01
7.013062238693237305e-01
6.908638477325439453e-01
6.832589507102966309e-01
6.914466619491577148e-01
6.910238265991210938e-01
6.894912123680114746e-01
6.969481706619262695e-01
6.870405673980712891e-01
6.766642332077026367e-01
