7.144138813018798828e-01
7.205991744995117188e-01
7.066372632980346680e-01
7.033477425575256348e-01
6.871761083602905273e-01
7.279854416847229004e-01
7.081725597381591797e-01
7.176171541213989258e-01
7.313609719276428223e-01
6.918922066688537598e-01
6.956345438957214355e-01
6.912409663200378418e-01
6.953896880149841309e-01
6.993806958198547363e-01
7.108798623085021973e-01
7.240313887596130371e-01
7.197867631912231445e-01
7.052834033966064453e-01
7.217848300933837891e-01
7.073417305946350098e-01
7.191008925437927246e-01
7.050034403800964355e-01
7.166839838027954102e-01
7.027113437652587891e-01
7.049713134765625000e-01
7.104516625404357910e-01
6.926279664039611816e-01
7.210127115249633789e-01
7.065936326980590820e-01
6.924489736557006836e-01
7.007583975791931152e-01
6.976069808006286621e-01
6.874110102653503418e-01
7.029340267181396484e-01
6.773023009300231934e-01
7.107164263725280762e-01
6.781831383705139160e-01
7.081195116043090820e-01
7.059397697448730469e-01
7.005491852760314941e-01
7.055220007896423340e-01
7.085171341896057129e-01
7.068288922309875488e-01
7.080388069152832031e-01
7.001143097877502441e-01
6.979932188987731934e-01
6.953352689743041992e-01
6.885875463485717773e-01
7.016110420227050781e-01
7.000786066055297852e-01
6.857037544250488281e-01
6.917869448661804199e-01
6.979196071624755859e-01
7.135339975357055664e-01
6.990643143653869629e-01
7.077167034149169922e-01
7.003793120384216309e-01
6.975931525230407715e-01
7.175469398498535156e-01
6.833436489105224609e-01
6.840047836303710938e-01
7.018000483512878418e-01
7.015532851219177246e-01
6.877689361572265625e-01
6.966435313224792480e-01
6.856986284255981445e-01
6.877897381782531738e-01
6.981499195098876953e-01
6.944628953933715820e-01
6.849965453147888184e-01
6.956879496574401855e-01
7.024241685867309570e-01
7.049460411071777344e-01
6.937070488929748535e-01
6.845495104789733887e-01
6.973147988319396973e-01
6.905440688133239746e-01
6.809131503105163574e-01
6.977409720420837402e-01
6.901308894157409668e-01
6.981210112571716309e-01
6.996936202049255371e-01
7.030863165855407715e-01
6.882721781730651855e-01
6.780916452407836914e-01
6.889942288398742676e-01
6.946382522583007812e-01
6.962041854858398438e-01
6.913194656372070312e-01
6.994072198867797852e-01
6.920682191848754883e-01
6.902469396591186523e-01
7.127262949943542480e-01
6.935391426086425781e-01
6.951406002044677734e-01
6.939460635185241699e-01
6.905105710029602051e-01
7.036554217338562012e-01
6.847479939460754395e-01
6.928623914718627930e-01
6.980664134025573730e-01
6.905273795127868652e-01
6.885715723037719727e-01
6.996719837188720703e-01
6.995270848274230957e-01
6.995193958282470703e-01
6.925001144409179688e-01
6.935358643531799316e-01
6.917895078659057617e-01
7.001662254333496094e-01
7.025665044784545898e-01
6.878222823143005371e-01
6.950898170471191406e-01
6.840782165527343750e-01
6.935819387435913086e-01
7.121792435646057129e-01
6.995891332626342773e-01
6.897810101509094238e-01
6.968589425086975098e-01
6.935845017433166504e-01
6.956965923309326172e-01
6.935511827468872070e-01
6.955578327178955078e-01
6.929122805595397949e-01
6.982187628746032715e-01
6.925989389419555664e-01
6.930209994316101074e-01
6.962479948997497559e-01
6.909492015838623047e-01
6.994731426239013672e-01
6.914722919464111328e-01
7.026625275611877441e-01
6.938409805297851562e-01
6.844481825828552246e-01
6.926780939102172852e-01
6.962542533874511719e-01
6.876916289329528809e-01
6.952756047248840332e-01
6.855247616767883301e-01
6.919500231742858887e-01
6.892035007476806641e-01
6.998148560523986816e-01
6.900252699851989746e-01
7.114143967628479004e-01
6.951065063476562500e-01
6.854691505432128906e-01
6.904271841049194336e-01
6.911922097206115723e-01
6.939969062805175781e-01
6.926608681678771973e-01
6.929548978805541992e-01
6.912893056869506836e-01
6.972428560256958008e-01
6.947222948074340820e-01
6.909086108207702637e-01
6.969105601310729980e-01
6.977019906044006348e-01
6.933686733245849609e-01
6.918095946311950684e-01
6.943629980087280273e-01
7.007764577865600586e-01
6.974890232086181641e-01
6.940352916717529297e-01
6.916565299034118652e-01
6.959485411643981934e-01
6.918233633041381836e-01
6.889352798461914062e-01
6.988798975944519043e-01
6.958227157592773438e-01
6.999368071556091309e-01
6.950777769088745117e-01
6.949411630630493164e-01
6.960112452507019043e-01
6.936286687850952148e-01
6.877486705780029297e-01
6.909043192863464355e-01
6.977297663688659668e-01
6.887018680572509766e-01
6.955312490463256836e-01
6.920967102050781250e-01
6.861789226531982422e-01
6.964807510375976562e-01
6.988309621810913086e-01
6.900022625923156738e-01
6.904622912406921387e-01
6.946024894714355469e-01
6.907745003700256348e-01
6.882356405258178711e-01
6.920264363288879395e-01
6.884610056877136230e-01
6.927143335342407227e-01
6.884723901748657227e-01
6.944900751113891602e-01
6.954756379127502441e-01
6.916975378990173340e-01
6.908968687057495117e-01
6.868162155151367188e-01
6.957178115844726562e-01
6.941137313842773438e-01
6.903902292251586914e-01
6.981759071350097656e-01
6.877012848854064941e-01
7.006581425666809082e-01
6.869773268699645996e-01
6.835983395576477051e-01
6.893000006675720215e-01
6.925161480903625488e-01
6.904691457748413086e-01
7.024057507514953613e-01
6.871066689491271973e-01
6.924620270729064941e-01
6.922647356986999512e-01
6.873167753219604492e-01
6.955623030662536621e-01
6.936914920806884766e-01
6.917945146560668945e-01
6.918537616729736328e-01
6.931059956550598145e-01
6.939561367034912109e-01
6.903424859046936035e-01
6.910045742988586426e-01
6.980163455009460449e-01
6.945195198059082031e-01
6.940147876739501953e-01
6.896913051605224609e-01
6.882034540176391602e-01
7.014505267143249512e-01
6.930571198463439941e-01
7.004467248916625977e-01
6.999548077583312988e-01
6.943479776382446289e-01
6.976255178451538086e-01
6.876903772354125977e-01
6.916115283966064453e-01
6.955652236938476562e-01
6.919479370117187500e-01
6.927875280380249023e-01
6.897906064987182617e-01
6.906633377075195312e-01
6.894168257713317871e-01
6.914916038513183594e-01
6.918565630912780762e-01
6.919229626655578613e-01
6.925293207168579102e-01
6.930102109909057617e-01
6.903210878372192383e-01
6.922706365585327148e-01
6.933940052986145020e-01
6.994756460189819336e-01
6.846941709518432617e-01
6.924414634704589844e-01
6.916564702987670898e-01
6.915527582168579102e-01
6.908540725708007812e-01
6.914299130439758301e-01
6.963719129562377930e-01
6.933010816574096680e-01
6.959327459335327148e-01
6.930545568466186523e-01
6.945232748985290527e-01
6.945123076438903809e-01
6.936549544334411621e-01
6.883270144462585449e-01
6.962080001831054688e-01
6.934686899185180664e-01
6.922457814216613770e-01
6.956948637962341309e-01
6.926415562629699707e-01
6.908721923828125000e-01
6.969587206840515137e-01
6.971234083175659180e-01
6.920405626296997070e-01
6.939606070518493652e-01
6.962391734123229980e-01
6.866782307624816895e-01
6.876419186592102051e-01
6.980559825897216797e-01
6.936807036399841309e-01
6.925080418586730957e-01
7.037315964698791504e-01
6.971808671951293945e-01
6.934438347816467285e-01
6.949189305305480957e-01
6.886668205261230469e-01
6.928349733352661133e-01
6.977937817573547363e-01
6.941993236541748047e-01
6.851547360420227051e-01
6.950544118881225586e-01
6.969105601310729980e-01
6.935021877288818359e-01
6.914453506469726562e-01
6.903886795043945312e-01
6.980786919593811035e-01
6.936957836151123047e-01
6.904256343841552734e-01
6.966407895088195801e-01
6.918233633041381836e-01
6.886181235313415527e-01
6.935216784477233887e-01
6.898483037948608398e-01
6.937346458435058594e-01
6.923032999038696289e-01
6.863498091697692871e-01
6.965478062629699707e-01
6.901701688766479492e-01
6.931776404380798340e-01
6.938899755477905273e-01
6.911124587059020996e-01
6.892781257629394531e-01
6.917694807052612305e-01
6.944080591201782227e-01
6.967393159866333008e-01
6.872147321701049805e-01
6.940503120422363281e-01
6.886903047561645508e-01
6.973410844802856445e-01
6.952000260353088379e-01
6.873247623443603516e-01
6.906450986862182617e-01
6.887176632881164551e-01
6.893550157546997070e-01
6.900211572647094727e-01
6.905778646469116211e-01
6.918046474456787109e-01
6.950475573539733887e-01
6.867479085922241211e-01
6.940126419067382812e-01
6.921572685241699219e-01
6.869640946388244629e-01
6.989362239837646484e-01
6.953770518302917480e-01
6.858065128326416016e-01
6.917954087257385254e-01
6.944015026092529297e-01
6.929168701171875000e-01
6.948179006576538086e-01
6.945143342018127441e-01
6.921375989913940430e-01
6.995185613632202148e-01
6.935122609138488770e-01
6.905036568641662598e-01
6.981202363967895508e-01
6.944757103919982910e-01
6.913256049156188965e-01
6.869599819183349609e-01
6.964538693428039551e-01
6.942628622055053711e-01
6.931002736091613770e-01
6.965808868408203125e-01
6.929874420166015625e-01
6.884782314300537109e-01
6.890895962715148926e-01
6.873655915260314941e-01
6.921186447143554688e-01
6.943640112876892090e-01
6.878551244735717773e-01
6.911272406578063965e-01
6.852017045021057129e-01
6.949012279510498047e-01
6.878072619438171387e-01
6.932533383369445801e-01
6.887061595916748047e-01
6.947747468948364258e-01
6.906363368034362793e-01
6.879653334617614746e-01
6.875054836273193359e-01
6.879885792732238770e-01
6.884498000144958496e-01
6.912355422973632812e-01
6.870244741439819336e-01
6.954817771911621094e-01
6.945039033889770508e-01
6.903063058853149414e-01
6.935811042785644531e-01
6.849057674407958984e-01
6.885917186737060547e-01
6.951756477355957031e-01
6.929645538330078125e-01
6.883464455604553223e-01
6.954846978187561035e-01
6.863187551498413086e-01
6.983016729354858398e-01
6.878636479377746582e-01
6.976452469825744629e-01
6.873093843460083008e-01
6.922122240066528320e-01
6.963084936141967773e-01
6.901692748069763184e-01
6.873537898063659668e-01
6.855348348617553711e-01
6.885558366775512695e-01
6.893655061721801758e-01
6.994183063507080078e-01
6.872361898422241211e-01
6.965134739875793457e-01
6.918269991874694824e-01
6.932247877120971680e-01
6.847037672996520996e-01
6.883043646812438965e-01
6.961731314659118652e-01
7.070088386535644531e-01
6.962428689002990723e-01
6.892393231391906738e-01
6.915400624275207520e-01
6.926391124725341797e-01
6.899962425231933594e-01
6.957178115844726562e-01
6.896224021911621094e-01
6.876512765884399414e-01
6.962317228317260742e-01
7.034757733345031738e-01
6.921194791793823242e-01
6.961401104927062988e-01
6.934509277343750000e-01
6.915757060050964355e-01
6.895707249641418457e-01
6.946755647659301758e-01
6.965233087539672852e-01
6.900171637535095215e-01
6.920753717422485352e-01
6.861640810966491699e-01
6.924668550491333008e-01
6.904071569442749023e-01
6.881809234619140625e-01
6.943774819374084473e-01
6.894834041595458984e-01
6.933257579803466797e-01
6.905991435050964355e-01
6.918330788612365723e-01
6.955571174621582031e-01
6.993337869644165039e-01
6.934127807617187500e-01
6.920573711395263672e-01
6.972299218177795410e-01
6.919007301330566406e-01
6.954008936882019043e-01
6.915094256401062012e-01
6.904881596565246582e-01
6.902687549591064453e-01
6.891752481460571289e-01
6.910134553909301758e-01
6.877765655517578125e-01
6.857897043228149414e-01
6.871841549873352051e-01
6.898056864738464355e-01
6.901761889457702637e-01
6.901030540466308594e-01
6.891951560974121094e-01
6.862275600433349609e-01
6.969597935676574707e-01
6.937097311019897461e-01
6.914674639701843262e-01
6.836952567100524902e-01
6.852701902389526367e-01
6.854663491249084473e-01
6.939612030982971191e-01
6.914991736412048340e-01
6.887812614440917969e-01
6.890761852264404297e-01
6.982905864715576172e-01
6.935467123985290527e-01
6.998879909515380859e-01
6.928793787956237793e-01
6.925841569900512695e-01
6.923878788948059082e-01
6.968573331832885742e-01
6.957242488861083984e-01
6.934367418289184570e-01
6.938182115554809570e-01
6.963502764701843262e-01
6.821964979171752930e-01
6.922674775123596191e-01
6.841396093368530273e-01
6.883626580238342285e-01
6.879405975341796875e-01
6.984041929244995117e-01
7.016330361366271973e-01
6.911058425903320312e-01
6.931071877479553223e-01
6.926038861274719238e-01
6.901021003723144531e-01
6.873905062675476074e-01
6.920349597930908203e-01
6.858102083206176758e-01
6.907413005828857422e-01
6.883841156959533691e-01
6.953622102737426758e-01
6.905642151832580566e-01
6.945563554763793945e-01
6.986327171325683594e-01
6.871085166931152344e-01
6.905630826950073242e-01
6.888043880462646484e-01
6.903458237648010254e-01
6.950787901878356934e-01
6.907074451446533203e-01
6.872211694717407227e-01
6.942348480224609375e-01
6.874971389770507812e-01
6.909121274948120117e-01
6.902502775192260742e-01
6.945044994354248047e-01
6.942179799079895020e-01
6.919795870780944824e-01
6.882454156875610352e-01
6.904959678649902344e-01
6.889752149581909180e-01
6.911543011665344238e-01
6.886817216873168945e-01
6.877487301826477051e-01
6.933566331863403320e-01
6.846284270286560059e-01
6.966142058372497559e-01
6.933665871620178223e-01
6.898500919342041016e-01
6.923950314521789551e-01
6.891431212425231934e-01
6.935892701148986816e-01
6.891582608222961426e-01
6.921066641807556152e-01
6.880518198013305664e-01
6.898592710494995117e-01
6.890051364898681641e-01
6.982150077819824219e-01
6.963843107223510742e-01
6.961539983749389648e-01
6.988388895988464355e-01
6.915385127067565918e-01
6.977406740188598633e-01
6.945894360542297363e-01
6.868715286254882812e-01
6.946508288383483887e-01
6.913549304008483887e-01
6.822448372840881348e-01
6.932402849197387695e-01
6.967185139656066895e-01
6.854181885719299316e-01
6.955608725547790527e-01
6.875787377357482910e-01
6.907907128334045410e-01
6.931285858154296875e-01
6.905729174613952637e-01
6.915916800498962402e-01
6.908005475997924805e-01
6.989073157310485840e-01
6.810553073883056641e-01
6.915027499198913574e-01
6.940941214561462402e-01
6.898208856582641602e-01
6.985465884208679199e-01
6.873935461044311523e-01
6.925256848335266113e-01
6.869002580642700195e-01
6.909756660461425781e-01
6.846875548362731934e-01
7.012217640876770020e-01
6.837881803512573242e-01
6.927837133407592773e-01
6.922169923782348633e-01
6.944969296455383301e-01
6.951240301132202148e-01
6.879227161407470703e-01
7.019453048706054688e-01
6.912837624549865723e-01
6.951475739479064941e-01
6.811523437500000000e-01
6.884753704071044922e-01
6.940002441406250000e-01
6.880365610122680664e-01
6.964231133460998535e-01
6.938158869743347168e-01
6.890705823898315430e-01
6.966106891632080078e-01
6.882431507110595703e-01
6.929846405982971191e-01
6.932211518287658691e-01
6.960020065307617188e-01
6.900513172149658203e-01
6.919418573379516602e-01
6.866118907928466797e-01
6.909944415092468262e-01
6.925191879272460938e-01
6.930631399154663086e-01
6.892465949058532715e-01
6.920086741447448730e-01
6.931945085525512695e-01
6.952677965164184570e-01
6.962311863899230957e-01
6.859802007675170898e-01
6.924149990081787109e-01
6.977236270904541016e-01
6.877227425575256348e-01
6.926015019416809082e-01
6.925996541976928711e-01
6.913731694221496582e-01
6.921049356460571289e-01
6.930384039878845215e-01
6.858562827110290527e-01
6.821869611740112305e-01
6.942005157470703125e-01
6.906045675277709961e-01
6.907722353935241699e-01
6.891228556632995605e-01
6.938693523406982422e-01
6.905828118324279785e-01
6.877050399780273438e-01
6.912214756011962891e-01
6.890738606452941895e-01
6.847296357154846191e-01
6.946854591369628906e-01
6.902052164077758789e-01
6.964073181152343750e-01
6.886361837387084961e-01
7.035418152809143066e-01
6.877775788307189941e-01
6.991857290267944336e-01
6.933082342147827148e-01
6.959239244461059570e-01
6.947901248931884766e-01
6.883783936500549316e-01
6.891837120056152344e-01
6.995158791542053223e-01
6.878544688224792480e-01
6.905618906021118164e-01
6.974709630012512207e-01
6.893053054809570312e-01
6.924930810928344727e-01
6.878657937049865723e-01
6.872493624687194824e-01
6.862733364105224609e-01
6.878324747085571289e-01
6.945884227752685547e-01
6.916797757148742676e-01
6.909776926040649414e-01
6.980614662170410156e-01
6.905212998390197754e-01
6.867431998252868652e-01
6.941530704498291016e-01
6.938658952713012695e-01
6.901715993881225586e-01
6.906892061233520508e-01
6.936137080192565918e-01
6.937436461448669434e-01
6.915099024772644043e-01
6.920355558395385742e-01
6.846675276756286621e-01
6.957023143768310547e-01
6.959407329559326172e-01
6.945067048072814941e-01
6.966053843498229980e-01
6.959882378578186035e-01
6.923145055770874023e-01
6.845197677612304688e-01
7.016776800155639648e-01
6.979023218154907227e-01
6.876568198204040527e-01
6.947272419929504395e-01
6.954471468925476074e-01
6.876283884048461914e-01
6.887828707695007324e-01
6.886335611343383789e-01
6.850757002830505371e-01
6.964445114135742188e-01
6.925302743911743164e-01
6.937937736511230469e-01
6.960840225219726562e-01
6.886531114578247070e-01
6.959061026573181152e-01
6.869197487831115723e-01
6.904511451721191406e-01
6.775535345077514648e-01
6.836982369422912598e-01
6.865303516387939453e-01
6.879582405090332031e-01
6.847074627876281738e-01
6.957975625991821289e-01
6.915425062179565430e-01
6.890509128570556641e-01
6.905208230018615723e-01
7.023175954818725586e-01
6.897372007369995117e-01
6.921373605728149414e-01
6.886690855026245117e-01
6.820999383926391602e-01
6.937646865844726562e-01
6.864516139030456543e-01
6.882897019386291504e-01
6.843205690383911133e-01
6.866255998611450195e-01
6.860981583595275879e-01
6.969944238662719727e-01
6.977793574333190918e-01
6.960936188697814941e-01
6.817823052406311035e-01
6.888860464096069336e-01
6.963902711868286133e-01
6.898441910743713379e-01
6.862173080444335938e-01
6.999476552009582520e-01
6.895758509635925293e-01
6.866265535354614258e-01
6.873100399971008301e-01
6.915884613990783691e-01
6.967498064041137695e-01
6.896510720252990723e-01
6.861320734024047852e-01
6.859313845634460449e-01
6.941515207290649414e-01
6.971032023429870605e-01
6.939817070960998535e-01
6.836661100387573242e-01
6.789101362228393555e-01
6.969801187515258789e-01
6.813048124313354492e-01
6.934344768524169922e-01
6.848872900009155273e-01
6.878930330276489258e-01
6.874313950538635254e-01
6.880437731742858887e-01
6.961974501609802246e-01
6.868276000022888184e-01
6.960750818252563477e-01
6.896595954895019531e-01
6.895601153373718262e-01
6.975156068801879883e-01
6.939967274665832520e-01
6.901492476463317871e-01
6.873306035995483398e-01
6.879700422286987305e-01
6.936935186386108398e-01
6.864863634109497070e-01
6.920859813690185547e-01
6.862584352493286133e-01
6.800334453582763672e-01
6.901574134826660156e-01
6.890766024589538574e-01
6.803935170173645020e-01
6.870895624160766602e-01
6.947134137153625488e-01
6.928851604461669922e-01
6.888826489448547363e-01
6.848871707916259766e-01
6.864076852798461914e-01
6.863307952880859375e-01
6.888197660446166992e-01
6.880545616149902344e-01
6.925684213638305664e-01
6.950444579124450684e-01
6.929223537445068359e-01
6.937775015830993652e-01
6.955965757369995117e-01
6.806368231773376465e-01
6.949637532234191895e-01
6.880117654800415039e-01
6.975921392440795898e-01
6.857845187187194824e-01
6.933655142784118652e-01
7.013823390007019043e-01
6.845224499702453613e-01
6.966557502746582031e-01
6.869047284126281738e-01
6.933428645133972168e-01
6.960124969482421875e-01
6.999653577804565430e-01
6.942213773727416992e-01
6.836569309234619141e-01
6.772596240043640137e-01
6.893068552017211914e-01
6.883638501167297363e-01
6.957855224609375000e-01
6.967341303825378418e-01
6.893090009689331055e-01
7.029967904090881348e-01
6.940789222717285156e-01
6.800560355186462402e-01
6.941097378730773926e-01
6.897057890892028809e-01
6.879813075065612793e-01
6.855872869491577148e-01
6.968451738357543945e-01
6.884682774543762207e-01
6.919047236442565918e-01
6.949511766433715820e-01
6.970120668411254883e-01
6.804730296134948730e-01
6.979806423187255859e-01
6.881092786788940430e-01
6.936088800430297852e-01
6.905351877212524414e-01
6.958293318748474121e-01
6.931169629096984863e-01
6.949078440666198730e-01
6.913969516754150391e-01
6.893976330757141113e-01
6.834262013435363770e-01
6.817401051521301270e-01
6.896238327026367188e-01
6.843768954277038574e-01
6.800913214683532715e-01
6.946928501129150391e-01
6.904863119125366211e-01
6.920226812362670898e-01
6.876912713050842285e-01
6.934278607368469238e-01
6.895052194595336914e-01
6.883282065391540527e-01
6.930108666419982910e-01
6.984809637069702148e-01
6.825877428054809570e-01
7.043033242225646973e-01
7.024890184402465820e-01
6.850116252899169922e-01
6.735184192657470703e-01
6.858241558074951172e-01
6.898425817489624023e-01
6.876565814018249512e-01
6.915420889854431152e-01
6.989171504974365234e-01
6.860932111740112305e-01
6.996884942054748535e-01
7.024305462837219238e-01
6.915445923805236816e-01
6.897672414779663086e-01
6.921614408493041992e-01
6.887889504432678223e-01
6.868739724159240723e-01
6.862835884094238281e-01
6.894523501396179199e-01
6.832571029663085938e-01
6.894340515136718750e-01
6.891158223152160645e-01
6.861197948455810547e-01
6.971107721328735352e-01
6.913047432899475098e-01
6.953451633453369141e-01
6.883785128593444824e-01
6.907545328140258789e-01
6.888793706893920898e-01
6.924954652786254883e-01
6.919423341751098633e-01
6.890517473220825195e-01
6.986138224601745605e-01
6.811936497688293457e-01
6.931663751602172852e-01
6.909366846084594727e-01
6.844052076339721680e-01
6.835937500000000000e-01
6.920192241668701172e-01
6.951225996017456055e-01
6.874423027038574219e-01
6.908416748046875000e-01
6.923300623893737793e-01
6.908053159713745117e-01
7.065197825431823730e-01
6.988064050674438477e-01
6.923733949661254883e-01
6.967958211898803711e-01
6.962746977806091309e-01
6.895853877067565918e-01
6.949881315231323242e-01
6.832554936408996582e-01
6.962192058563232422e-01
6.904920339584350586e-01
7.009854316711425781e-01
6.883862018585205078e-01
6.854048967361450195e-01
6.910322308540344238e-01
6.905477643013000488e-01
6.761171221733093262e-01
6.894120573997497559e-01
6.861792206764221191e-01
6.803618073463439941e-01
6.870599389076232910e-01
6.888832449913024902e-01
6.887553930282592773e-01
6.972311139106750488e-01
6.838684678077697754e-01
6.906136274337768555e-01
6.828283071517944336e-01
6.919983625411987305e-01
6.853061318397521973e-01
6.989737153053283691e-01
6.905791759490966797e-01
6.914439797401428223e-01
6.954198479652404785e-01
6.935417652130126953e-01
6.885898113250732422e-01
6.894295215606689453e-01
6.920596361160278320e-01
6.969377994537353516e-01
6.946886181831359863e-01
6.872621178627014160e-01
6.948013901710510254e-01
6.926931142807006836e-01
6.913349032402038574e-01
6.895280480384826660e-01
6.892432570457458496e-01
6.937622427940368652e-01
6.884053945541381836e-01
6.832441091537475586e-01
6.906828284263610840e-01
6.892189383506774902e-01
7.016027569770812988e-01
6.865442991256713867e-01
6.879450082778930664e-01
6.859025359153747559e-01
6.943840384483337402e-01
6.912898421287536621e-01
6.895788908004760742e-01
6.917279362678527832e-01
6.915535330772399902e-01
6.932473182678222656e-01
7.041614055633544922e-01
6.927126049995422363e-01
6.921913623809814453e-01
6.911798119544982910e-01
6.990471482276916504e-01
6.924638748168945312e-01
6.895295977592468262e-01
6.862617731094360352e-01
6.998490095138549805e-01
6.874035000801086426e-01
6.899189949035644531e-01
6.944382190704345703e-01
7.071392536163330078e-01
6.987318992614746094e-01
7.000581622123718262e-01
6.918273568153381348e-01
6.990425586700439453e-01
6.784195899963378906e-01
6.922518610954284668e-01
6.946691274642944336e-01
6.896681785583496094e-01
6.847947239875793457e-01
6.922369599342346191e-01
6.978296041488647461e-01
6.945371627807617188e-01
6.850012540817260742e-01
6.793009042739868164e-01
6.857562065124511719e-01
6.943246722221374512e-01
6.895836591720581055e-01
6.866437196731567383e-01
6.857985258102416992e-01
6.889870166778564453e-01
6.871464252471923828e-01
6.888396143913269043e-01
6.936295032501220703e-01
6.985337138175964355e-01
6.962123513221740723e-01
6.948642730712890625e-01
7.012676000595092773e-01
6.826573014259338379e-01
6.896727085113525391e-01
6.789866685867309570e-01
6.856073141098022461e-01
6.818857789039611816e-01
6.882736682891845703e-01
6.911920309066772461e-01
6.969713568687438965e-01
6.848030090332031250e-01
6.957244873046875000e-01
6.925989389419555664e-01
6.865880489349365234e-01
6.858662962913513184e-01
6.854133009910583496e-01
6.849726438522338867e-01
6.884672045707702637e-01
6.954028606414794922e-01
6.868184208869934082e-01
7.001977562904357910e-01
6.830617189407348633e-01
6.892267465591430664e-01
6.916334629058837891e-01
6.909988522529602051e-01
6.886018514633178711e-01
6.921591758728027344e-01
7.001185417175292969e-01
6.983963847160339355e-01
6.855584383010864258e-01
6.937893033027648926e-01
6.891802549362182617e-01
6.874663829803466797e-01
6.959943175315856934e-01
7.023912072181701660e-01
6.989096999168395996e-01
6.935539245605468750e-01
6.898417472839355469e-01
6.956401467323303223e-01
6.968638896942138672e-01
6.889672875404357910e-01
6.806941628456115723e-01
6.801414489746093750e-01
6.916338205337524414e-01
6.852281689643859863e-01
6.883547306060791016e-01
7.053970098495483398e-01
6.942605972290039062e-01
6.929789781570434570e-01
6.736978292465209961e-01
6.876453161239624023e-01
6.906884908676147461e-01
6.881690621376037598e-01
6.896693706512451172e-01
6.831682920455932617e-01
6.869115829467773438e-01
6.950479745864868164e-01
6.883814334869384766e-01
6.801543235778808594e-01
6.879574060440063477e-01
6.890290975570678711e-01
6.865155696868896484e-01
6.886907815933227539e-01
6.948546767234802246e-01
6.860626339912414551e-01
6.861135959625244141e-01
6.963693499565124512e-01
6.921010613441467285e-01
6.934697031974792480e-01
7.039504647254943848e-01
6.955824494361877441e-01
6.884788870811462402e-01
6.882325410842895508e-01
6.965276002883911133e-01
6.875463128089904785e-01
6.913991570472717285e-01
6.856164932250976562e-01
6.990580558776855469e-01
6.886955499649047852e-01
6.874186992645263672e-01
6.890593767166137695e-01
6.821460127830505371e-01
6.827664971351623535e-01
6.868249177932739258e-01
6.900757551193237305e-01
6.924218535423278809e-01
6.990757584571838379e-01
6.935281157493591309e-01
6.918706893920898438e-01
6.958189606666564941e-01
7.010969519615173340e-01
6.902816891670227051e-01
6.963333487510681152e-01
6.953846216201782227e-01
6.848743557929992676e-01
6.949846744537353516e-01
6.908755898475646973e-01
6.927727460861206055e-01
6.861522793769836426e-01
6.847752332687377930e-01
6.954820156097412109e-01
6.807416081428527832e-01
6.904605031013488770e-01
6.880548596382141113e-01
6.916784644126892090e-01
6.930824518203735352e-01
6.941895484924316406e-01
6.939507722854614258e-01
6.814582347869873047e-01
6.916590929031372070e-01
6.934117078781127930e-01
6.786135435104370117e-01
6.888447999954223633e-01
6.893651485443115234e-01
6.952400803565979004e-01
6.962515711784362793e-01
6.901865601539611816e-01
6.877472400665283203e-01
6.925665736198425293e-01
6.958960890769958496e-01
6.813890933990478516e-01
6.870769262313842773e-01
6.845583915710449219e-01
6.817279458045959473e-01
6.826274991035461426e-01
6.831096410751342773e-01
6.944030523300170898e-01
6.835860610008239746e-01
6.770086884498596191e-01
6.936830878257751465e-01
6.950257420539855957e-01
6.919237971305847168e-01
6.955198645591735840e-01
6.885737180709838867e-01
6.957867741584777832e-01
6.893426179885864258e-01
6.889802217483520508e-01
6.957679986953735352e-01
6.945237517356872559e-01
6.876544356346130371e-01
6.955424547195434570e-01
6.906981468200683594e-01
6.911368966102600098e-01
6.959468722343444824e-01
6.973043084144592285e-01
6.965448260307312012e-01
6.969517469406127930e-01
6.913474798202514648e-01
6.968068480491638184e-01
6.906801462173461914e-01
6.911755204200744629e-01
6.849692463874816895e-01
6.883266568183898926e-01
6.909241676330566406e-01
6.902313828468322754e-01
6.937246322631835938e-01
6.926093697547912598e-01
6.874169707298278809e-01
6.870577931404113770e-01
6.887823939323425293e-01
6.878719329833984375e-01
6.902829408645629883e-01
6.983339190483093262e-01
6.800894141197204590e-01
6.863032579421997070e-01
6.851044893264770508e-01
6.865029335021972656e-01
6.893134117126464844e-01
6.881790161132812500e-01
6.820903420448303223e-01
6.874141693115234375e-01
6.948520541191101074e-01
6.944929361343383789e-01
6.938766241073608398e-01
6.912569999694824219e-01
6.918906569480895996e-01
6.830382943153381348e-01
7.052433490753173828e-01
6.867889761924743652e-01
6.892980337142944336e-01
6.852017641067504883e-01
6.808512210845947266e-01
6.914554834365844727e-01
6.854631900787353516e-01
6.902322769165039062e-01
6.939289569854736328e-01
6.891516447067260742e-01
6.890326738357543945e-01
6.895911097526550293e-01
6.869623661041259766e-01
7.111789584159851074e-01
6.908283233642578125e-01
6.978750228881835938e-01
7.036572694778442383e-01
6.891609430313110352e-01
6.994136571884155273e-01
6.973134279251098633e-01
6.816009879112243652e-01
6.863474249839782715e-01
6.878448724746704102e-01
7.007642984390258789e-01
6.882077455520629883e-01
6.785980463027954102e-01
6.846039891242980957e-01
6.930940151214599609e-01
6.931208372116088867e-01
6.820642352104187012e-01
6.858451962471008301e-01
6.873676776885986328e-01
6.915738582611083984e-01
6.934128999710083008e-01
6.822952032089233398e-01
6.905808448791503906e-01
6.909214854240417480e-01
6.911644339561462402e-01
6.827020049095153809e-01
7.050365209579467773e-01
6.954060792922973633e-01
6.761233806610107422e-01
6.811561584472656250e-01
6.895692944526672363e-01
6.916210651397705078e-01
7.057516574859619141e-01
6.918314695358276367e-01
6.826605200767517090e-01
6.951150894165039062e-01
6.916258335113525391e-01
7.056021690368652344e-01
6.937177181243896484e-01
6.915548443794250488e-01
6.895731091499328613e-01
6.928828954696655273e-01
6.933507323265075684e-01
6.874751448631286621e-01
6.904687881469726562e-01
7.008991837501525879e-01
6.947323679924011230e-01
6.900569796562194824e-01
6.889664530754089355e-01
6.874122619628906250e-01
6.933534741401672363e-01
6.840127706527709961e-01
6.971446275711059570e-01
6.939955353736877441e-01
6.866304278373718262e-01
6.844123005867004395e-01
6.871001124382019043e-01
6.867594122886657715e-01
6.893866658210754395e-01
6.871750950813293457e-01
6.823462247848510742e-01
6.891531944274902344e-01
6.827166080474853516e-01
6.864964365959167480e-01
6.817644238471984863e-01
6.807723045349121094e-01
6.891788244247436523e-01
6.928802728652954102e-01
6.947783827781677246e-01
7.008280158042907715e-01
6.791898608207702637e-01
6.971037387847900391e-01
6.874545216560363770e-01
6.841272711753845215e-01
6.818795204162597656e-01
6.945703625679016113e-01
6.879352331161499023e-01
7.002157568931579590e-01
6.907370686531066895e-01
7.035933136940002441e-01
6.965937018394470215e-01
6.965593099594116211e-01
6.827614903450012207e-01
6.732695102691650391e-01
6.890041828155517578e-01
6.924671530723571777e-01
6.932098865509033203e-01
6.864289641380310059e-01
6.861739158630371094e-01
6.950949430465698242e-01
7.072834968566894531e-01
6.934079527854919434e-01
6.920450925827026367e-01
6.916334033012390137e-01
6.924459338188171387e-01
6.926415562629699707e-01
6.889171600341796875e-01
6.841336488723754883e-01
6.922385096549987793e-01
6.964981555938720703e-01
6.866338253021240234e-01
6.857053637504577637e-01
6.918376684188842773e-01
6.915671825408935547e-01
6.843526363372802734e-01
6.873952150344848633e-01
6.822043061256408691e-01
6.865901350975036621e-01
6.912412643432617188e-01
6.960767507553100586e-01
6.943588256835937500e-01
6.912404894828796387e-01
6.744291186332702637e-01
6.817420721054077148e-01
6.951214075088500977e-01
6.910918951034545898e-01
6.923136711120605469e-01
6.922333240509033203e-01
6.948573589324951172e-01
6.952641606330871582e-01
6.769797205924987793e-01
6.953597664833068848e-01
6.941618323326110840e-01
6.771467328071594238e-01
6.844781041145324707e-01
6.859585642814636230e-01
6.911978125572204590e-01
7.036486864089965820e-01
6.936432123184204102e-01
6.956580877304077148e-01
6.833123564720153809e-01
6.968721747398376465e-01
6.999042034149169922e-01
6.962087750434875488e-01
6.905468702316284180e-01
7.023209333419799805e-01
6.947697997093200684e-01
6.838482022285461426e-01
6.918163299560546875e-01
6.953923702239990234e-01
6.972926259040832520e-01
6.971431374549865723e-01
6.820822358131408691e-01
6.942064762115478516e-01
6.858497262001037598e-01
6.993390917778015137e-01
6.907906532287597656e-01
6.912826299667358398e-01
6.918652057647705078e-01
6.962909698486328125e-01
6.931775212287902832e-01
6.929965615272521973e-01
6.813881993293762207e-01
6.929031610488891602e-01
6.863840222358703613e-01
6.813770532608032227e-01
6.690525412559509277e-01
6.909043192863464355e-01
6.932128071784973145e-01
6.839007735252380371e-01
6.923069953918457031e-01
6.934500932693481445e-01
6.763128638267517090e-01
6.858383417129516602e-01
7.043401598930358887e-01
6.858881115913391113e-01
6.781210899353027344e-01
6.857039928436279297e-01
6.800801753997802734e-01
6.872979998588562012e-01
6.900962591171264648e-01
6.852742433547973633e-01
6.893439888954162598e-01
6.872671246528625488e-01
6.926871538162231445e-01
6.940209865570068359e-01
6.978656053543090820e-01
6.817781329154968262e-01
6.910510659217834473e-01
6.960522532463073730e-01
6.870899796485900879e-01
6.938298344612121582e-01
6.976996660232543945e-01
6.928361058235168457e-01
6.907982826232910156e-01
6.824953556060791016e-01
6.865940690040588379e-01
6.921388506889343262e-01
7.026444077491760254e-01
6.877144575119018555e-01
6.856963634490966797e-01
6.948123574256896973e-01
6.814314126968383789e-01
6.969487667083740234e-01
6.979694962501525879e-01
6.852570772171020508e-01
6.943182349205017090e-01
6.863640546798706055e-01
7.006245255470275879e-01
6.852944493293762207e-01
6.880767345428466797e-01
6.921146512031555176e-01
6.857702136039733887e-01
6.998369097709655762e-01
6.850546002388000488e-01
6.861051917076110840e-01
6.981787085533142090e-01
6.808525919914245605e-01
6.800946593284606934e-01
6.867272853851318359e-01
6.875612139701843262e-01
6.938585042953491211e-01
6.858140230178833008e-01
6.942211389541625977e-01
6.905285716056823730e-01
6.934511065483093262e-01
6.937651634216308594e-01
6.904345750808715820e-01
6.969243288040161133e-01
6.870464086532592773e-01
6.960489749908447266e-01
6.862887740135192871e-01
7.003061175346374512e-01
6.944896578788757324e-01
6.919486522674560547e-01
6.797668933868408203e-01
6.860836744308471680e-01
6.948050856590270996e-01
7.010762095451354980e-01
6.890097260475158691e-01
6.837757229804992676e-01
6.859850883483886719e-01
6.986957788467407227e-01
6.903617382049560547e-01
6.962764263153076172e-01
6.911135911941528320e-01
6.948546171188354492e-01
6.978569030761718750e-01
6.912742257118225098e-01
6.889220476150512695e-01
6.869589090347290039e-01
6.858907341957092285e-01
6.941984891891479492e-01
6.895404458045959473e-01
6.977150440216064453e-01
6.834477186203002930e-01
6.856703758239746094e-01
6.896452903747558594e-01
6.786965131759643555e-01
7.007826566696166992e-01
6.855602860450744629e-01
7.002736926078796387e-01
7.027026414871215820e-01
6.938878297805786133e-01
6.993624567985534668e-01
6.842796206474304199e-01
6.883291006088256836e-01
6.844976544380187988e-01
6.821048855781555176e-01
6.896337270736694336e-01
6.922664046287536621e-01
6.788333654403686523e-01
6.917669773101806641e-01
6.894256472587585449e-01
6.934239864349365234e-01
6.986315250396728516e-01
6.914092302322387695e-01
6.997328996658325195e-01
6.896290183067321777e-01
6.905884146690368652e-01
6.947522163391113281e-01
6.909502148628234863e-01
6.837608814239501953e-01
6.830575466156005859e-01
6.924844384193420410e-01
6.856277585029602051e-01
6.851238012313842773e-01
6.945655345916748047e-01
7.004922628402709961e-01
6.965998411178588867e-01
6.929903030395507812e-01
6.928572058677673340e-01
6.927784681320190430e-01
6.817352771759033203e-01
6.898051500320434570e-01
6.945462822914123535e-01
6.950542926788330078e-01
6.965505480766296387e-01
6.842460632324218750e-01
6.971174478530883789e-01
6.995618343353271484e-01
6.967665553092956543e-01
6.850699186325073242e-01
6.880708336830139160e-01
6.880732774734497070e-01
6.933327317237854004e-01
6.949352622032165527e-01
6.847199797630310059e-01
6.795962452888488770e-01
6.944400072097778320e-01
6.835197210311889648e-01
6.890699267387390137e-01
6.784880161285400391e-01
6.919703483581542969e-01
6.902330517768859863e-01
6.871214509010314941e-01
6.950336098670959473e-01
6.834617257118225098e-01
6.922235488891601562e-01
6.980205774307250977e-01
6.881986856460571289e-01
6.844798326492309570e-01
6.947504878044128418e-01
6.874212026596069336e-01
6.842894554138183594e-01
6.990067362785339355e-01
6.883682608604431152e-01
6.981024146080017090e-01
6.882966756820678711e-01
6.874661445617675781e-01
6.963193416595458984e-01
6.890531778335571289e-01
6.804615259170532227e-01
6.959658861160278320e-01
6.896245479583740234e-01
7.002699971199035645e-01
7.020257115364074707e-01
6.976506114006042480e-01
6.909101009368896484e-01
6.897587180137634277e-01
6.883516311645507812e-01
6.907930970191955566e-01
6.937683820724487305e-01
6.903556585311889648e-01
6.908765435218811035e-01
6.919716596603393555e-01
6.934430599212646484e-01
6.936182379722595215e-01
6.953286528587341309e-01
6.897436976432800293e-01
6.978527307510375977e-01
6.831260919570922852e-01
6.805766820907592773e-01
6.939020156860351562e-01
6.819418072700500488e-01
6.821700930595397949e-01
6.882917284965515137e-01
6.956998109817504883e-01
6.895257830619812012e-01
6.845589280128479004e-01
6.936305165290832520e-01
6.881080269813537598e-01
6.915623545646667480e-01
6.828553676605224609e-01
6.899027228355407715e-01
6.885747313499450684e-01
6.804655790328979492e-01
6.857092380523681641e-01
6.920001506805419922e-01
6.858747005462646484e-01
6.862089037895202637e-01
6.854621171951293945e-01
6.966713666915893555e-01
7.018869519233703613e-01
6.826267838478088379e-01
6.764916181564331055e-01
6.964149475097656250e-01
7.022383809089660645e-01
6.992838978767395020e-01
6.954600811004638672e-01
6.970155239105224609e-01
6.869498491287231445e-01
6.891551017761230469e-01
6.843522787094116211e-01
6.929816603660583496e-01
6.991497278213500977e-01
6.834219098091125488e-01
7.048651576042175293e-01
6.942690610885620117e-01
7.055964469909667969e-01
6.887022852897644043e-01
6.869966983795166016e-01
6.989277005195617676e-01
6.901065111160278320e-01
6.884350180625915527e-01
6.971700787544250488e-01
6.831290125846862793e-01
6.811097264289855957e-01
6.935736536979675293e-01
6.896085739135742188e-01
6.977257132530212402e-01
6.925878524780273438e-01
6.929113268852233887e-01
6.842907071113586426e-01
6.968164443969726562e-01
6.858950853347778320e-01
6.863191127777099609e-01
6.844047307968139648e-01
6.874533295631408691e-01
6.995832920074462891e-01
6.779572963714599609e-01
6.899440884590148926e-01
6.914616227149963379e-01
6.986152529716491699e-01
6.976534724235534668e-01
6.876839399337768555e-01
6.949148178100585938e-01
6.961492896080017090e-01
6.902557015419006348e-01
6.831551194190979004e-01
6.811524629592895508e-01
6.919872164726257324e-01
6.886093616485595703e-01
6.861680150032043457e-01
6.908692121505737305e-01
6.966004371643066406e-01
6.809962391853332520e-01
6.802437901496887207e-01
6.920160651206970215e-01
6.983119845390319824e-01
6.865052580833435059e-01
6.867616772651672363e-01
6.839092969894409180e-01
6.824235916137695312e-01
6.892375946044921875e-01
6.913511753082275391e-01
6.932721138000488281e-01
6.836546063423156738e-01
6.813075542449951172e-01
6.852192878723144531e-01
6.941028833389282227e-01
6.986497640609741211e-01
6.826633810997009277e-01
6.945701241493225098e-01
6.920869350433349609e-01
6.886847615242004395e-01
6.885491013526916504e-01
6.824006438255310059e-01
6.901183128356933594e-01
6.804341673851013184e-01
6.927264928817749023e-01
7.016823887825012207e-01
6.983085274696350098e-01
6.935940980911254883e-01
6.943535208702087402e-01
6.852325797080993652e-01
6.839220523834228516e-01
6.836926341056823730e-01
6.884597539901733398e-01
6.861772537231445312e-01
6.819481849670410156e-01
6.870236396789550781e-01
6.938297152519226074e-01
6.841289401054382324e-01
6.833778619766235352e-01
6.732089519500732422e-01
6.905645132064819336e-01
6.873703002929687500e-01
6.865914463996887207e-01
6.903818845748901367e-01
6.915237903594970703e-01
6.915058493614196777e-01
6.952209472656250000e-01
6.904108524322509766e-01
6.952909827232360840e-01
7.054330110549926758e-01
6.914428472518920898e-01
6.894389390945434570e-01
6.847583651542663574e-01
7.024636268615722656e-01
6.820441484451293945e-01
7.006445527076721191e-01
6.923140287399291992e-01
6.974879503250122070e-01
6.926666498184204102e-01
6.876764893531799316e-01
6.881246566772460938e-01
6.904724836349487305e-01
6.846567392349243164e-01
6.951552629470825195e-01
6.855811476707458496e-01
6.933358311653137207e-01
6.970131993293762207e-01
6.954318284988403320e-01
6.858060359954833984e-01
6.869094371795654297e-01
6.827392578125000000e-01
6.885360479354858398e-01
6.865316629409790039e-01
6.885286569595336914e-01
6.885702610015869141e-01
6.866248250007629395e-01
6.992351412773132324e-01
7.018235921859741211e-01
6.826465725898742676e-01
6.920695304870605469e-01
6.945053935050964355e-01
6.897211670875549316e-01
6.887826323509216309e-01
6.936085820198059082e-01
6.871312856674194336e-01
6.855576038360595703e-01
6.801124215126037598e-01
6.771516799926757812e-01
6.960812807083129883e-01
6.891203522682189941e-01
6.928560733795166016e-01
6.863386631011962891e-01
6.940057277679443359e-01
6.859328150749206543e-01
6.894211769104003906e-01
6.952434778213500977e-01
6.882702112197875977e-01
6.864227056503295898e-01
7.008929848670959473e-01
6.936169266700744629e-01
6.857952475547790527e-01
6.879663467407226562e-01
7.024282217025756836e-01
6.932307481765747070e-01
6.841613650321960449e-01
6.944012045860290527e-01
6.866420507431030273e-01
6.850315332412719727e-01
6.948932409286499023e-01
6.860604882240295410e-01
6.754646301269531250e-01
6.924443244934082031e-01
6.900146603584289551e-01
6.923307776451110840e-01
6.858062744140625000e-01
6.917912364006042480e-01
6.914816498756408691e-01
6.899847388267517090e-01
6.859610676765441895e-01
6.857432723045349121e-01
6.823254823684692383e-01
6.933647394180297852e-01
6.958401203155517578e-01
6.839396357536315918e-01
6.893005371093750000e-01
6.941267251968383789e-01
6.955401897430419922e-01
6.912207603454589844e-01
6.915026903152465820e-01
6.893725991249084473e-01
6.958520412445068359e-01
6.895519495010375977e-01
6.863213181495666504e-01
6.832827925682067871e-01
6.924755573272705078e-01
6.824451684951782227e-01
7.038629651069641113e-01
6.901045441627502441e-01
6.865745782852172852e-01
6.950238347053527832e-01
6.827970743179321289e-01
6.979010105133056641e-01
6.887093782424926758e-01
6.827902197837829590e-01
6.977981328964233398e-01
6.970055103302001953e-01
6.979742646217346191e-01
6.934453845024108887e-01
6.836507320404052734e-01
6.801206469535827637e-01
6.867098808288574219e-01
7.047189474105834961e-01
7.006734013557434082e-01
6.862158775329589844e-01
6.953151226043701172e-01
6.869625449180603027e-01
6.755064725875854492e-01
6.972877383232116699e-01
6.902946233749389648e-01
6.955649852752685547e-01
6.798552274703979492e-01
7.004670500755310059e-01
6.902936100959777832e-01
6.921291351318359375e-01
6.875586509704589844e-01
7.041025161743164062e-01
6.962337493896484375e-01
6.914951205253601074e-01
6.873474717140197754e-01
6.809840798377990723e-01
6.948268413543701172e-01
6.974651813507080078e-01
6.864694356918334961e-01
6.921302080154418945e-01
6.936588287353515625e-01
6.887227296829223633e-01
6.861764192581176758e-01
7.035610675811767578e-01
6.928001642227172852e-01
7.021337151527404785e-01
6.863129138946533203e-01
6.882542371749877930e-01
6.900507211685180664e-01
6.938771009445190430e-01
6.834778785705566406e-01
6.901755928993225098e-01
6.946759223937988281e-01
6.927146315574645996e-01
6.921945810317993164e-01
6.906632781028747559e-01
6.904344558715820312e-01
6.779693961143493652e-01
7.004178166389465332e-01
6.885900497436523438e-01
6.905331015586853027e-01
6.849503517150878906e-01
6.936320066452026367e-01
7.000610828399658203e-01
6.940513253211975098e-01
6.916034221649169922e-01
6.891041994094848633e-01
6.965650320053100586e-01
6.879938244819641113e-01
6.915717124938964844e-01
6.865532398223876953e-01
6.798915266990661621e-01
6.783429384231567383e-01
6.768524646759033203e-01
6.971246004104614258e-01
6.913470029830932617e-01
7.039519548416137695e-01
6.915691494941711426e-01
6.836701035499572754e-01
6.795955896377563477e-01
6.866956353187561035e-01
6.870715618133544922e-01
6.901607513427734375e-01
6.855698823928833008e-01
6.955776214599609375e-01
6.916286349296569824e-01
6.962749958038330078e-01
6.969954967498779297e-01
6.966322064399719238e-01
6.958633661270141602e-01
6.965402960777282715e-01
6.845380067825317383e-01
6.826766729354858398e-01
6.907487511634826660e-01
6.919454932212829590e-01
6.941245794296264648e-01
6.868019700050354004e-01
6.964939832687377930e-01
6.874414682388305664e-01
6.790475845336914062e-01
6.914411187171936035e-01
6.807510852813720703e-01
6.911849975585937500e-01
6.789716482162475586e-01
6.930947303771972656e-01
6.963014602661132812e-01
6.869613528251647949e-01
6.959201693534851074e-01
6.889821887016296387e-01
6.926114559173583984e-01
6.850086450576782227e-01
6.931684613227844238e-01
6.824418306350708008e-01
6.839874386787414551e-01
6.976386308670043945e-01
6.958767175674438477e-01
6.810693144798278809e-01
6.915498375892639160e-01
6.886017322540283203e-01
6.912087202072143555e-01
6.944057941436767578e-01
6.967751979827880859e-01
6.922825574874877930e-01
6.855471134185791016e-01
6.842235922813415527e-01
6.773151159286499023e-01
6.842139959335327148e-01
6.997936367988586426e-01
6.914335489273071289e-01
6.813868284225463867e-01
7.042541503906250000e-01
6.839956641197204590e-01
6.885728836059570312e-01
6.767673492431640625e-01
6.996581554412841797e-01
6.885116100311279297e-01
6.817111372947692871e-01
6.808637380599975586e-01
6.972734332084655762e-01
7.002467513084411621e-01
6.887770891189575195e-01
6.860796809196472168e-01
6.919962167739868164e-01
6.851403713226318359e-01
6.858298778533935547e-01
6.847393512725830078e-01
7.043936252593994141e-01
6.993373632431030273e-01
6.920958161354064941e-01
6.911037564277648926e-01
6.970365643501281738e-01
7.019130587577819824e-01
6.868513822555541992e-01
6.870142817497253418e-01
6.944779753684997559e-01
6.891156435012817383e-01
6.803293824195861816e-01
6.950112581253051758e-01
6.792267560958862305e-01
6.760450005531311035e-01
6.916291713714599609e-01
6.889728903770446777e-01
6.945292949676513672e-01
6.819773912429809570e-01
6.939432024955749512e-01
6.841319203376770020e-01
6.894334554672241211e-01
6.938326954841613770e-01
6.866794824600219727e-01
6.827235221862792969e-01
6.921513080596923828e-01
6.802499890327453613e-01
6.933286786079406738e-01
6.904594302177429199e-01
6.936732530593872070e-01
6.937793493270874023e-01
6.966739296913146973e-01
6.924061775207519531e-01
6.901414394378662109e-01
6.944572329521179199e-01
6.903641223907470703e-01
7.006540298461914062e-01
6.891423463821411133e-01
6.926186084747314453e-01
6.951314210891723633e-01
6.916881203651428223e-01
6.892826557159423828e-01
6.949697136878967285e-01
6.840607523918151855e-01
6.819058060646057129e-01
6.884271502494812012e-01
6.939724683761596680e-01
6.895915865898132324e-01
6.874340772628784180e-01
6.869723796844482422e-01
6.917047500610351562e-01
6.827301383018493652e-01
6.825194954872131348e-01
6.970050334930419922e-01
6.819640398025512695e-01
6.819306015968322754e-01
6.927582025527954102e-01
6.935856342315673828e-01
6.883550882339477539e-01
6.889232993125915527e-01
6.847826242446899414e-01
6.931766867637634277e-01
6.859892010688781738e-01
6.831734180450439453e-01
6.924887895584106445e-01
6.876060962677001953e-01
6.945797801017761230e-01
6.963309049606323242e-01
6.919778585433959961e-01
6.969925165176391602e-01
6.895211935043334961e-01
6.833678483963012695e-01
6.929246783256530762e-01
6.896144151687622070e-01
6.940091848373413086e-01
6.915160417556762695e-01
6.852598190307617188e-01
6.851261854171752930e-01
6.906840205192565918e-01
6.983362436294555664e-01
6.954491138458251953e-01
6.862009763717651367e-01
6.799849867820739746e-01
6.968089342117309570e-01
6.946030259132385254e-01
6.966485977172851562e-01
6.873784065246582031e-01
6.877192258834838867e-01
6.847168207168579102e-01
6.798647046089172363e-01
6.940558552742004395e-01
6.880663037300109863e-01
6.885759830474853516e-01
6.901885271072387695e-01
6.909209489822387695e-01
6.846026778221130371e-01
6.893746256828308105e-01
6.936192512512207031e-01
6.975760459899902344e-01
6.874366998672485352e-01
7.036197781562805176e-01
6.831942796707153320e-01
6.947726607322692871e-01
6.924874186515808105e-01
6.892594099044799805e-01
6.926970481872558594e-01
6.875776052474975586e-01
6.909384727478027344e-01
6.877176761627197266e-01
6.943243145942687988e-01
6.960641145706176758e-01
6.778031587600708008e-01
6.913706660270690918e-01
6.860002875328063965e-01
6.899300813674926758e-01
6.960011720657348633e-01
6.963241100311279297e-01
6.901780366897583008e-01
6.932417750358581543e-01
6.931668519973754883e-01
6.858528852462768555e-01
6.895099878311157227e-01
6.886386275291442871e-01
6.927623152732849121e-01
6.915899515151977539e-01
6.838654279708862305e-01
6.868826150894165039e-01
6.792120337486267090e-01
6.850107908248901367e-01
6.931391954421997070e-01
6.918867826461791992e-01
6.869233846664428711e-01
6.910629868507385254e-01
6.866320371627807617e-01
6.929828524589538574e-01
6.885920166969299316e-01
6.890861988067626953e-01
6.915427446365356445e-01
6.820561885833740234e-01
6.975022554397583008e-01
6.933293938636779785e-01
6.908720731735229492e-01
6.980800032615661621e-01
6.918172240257263184e-01
6.962723731994628906e-01
6.967873573303222656e-01
6.904695034027099609e-01
6.935686469078063965e-01
6.845914721488952637e-01
6.925017237663269043e-01
6.718114018440246582e-01
6.859483718872070312e-01
6.890884041786193848e-01
6.817222833633422852e-01
6.882396936416625977e-01
7.007418870925903320e-01
6.967602372169494629e-01
6.891349554061889648e-01
6.985470056533813477e-01
6.932237744331359863e-01
6.997556686401367188e-01
6.909494400024414062e-01
6.937762498855590820e-01
6.887668967247009277e-01
6.867138147354125977e-01
6.717603802680969238e-01
6.959355473518371582e-01
6.856116652488708496e-01
6.898651719093322754e-01
7.033956050872802734e-01
6.881969571113586426e-01
6.976649761199951172e-01
6.980056166648864746e-01
6.924964785575866699e-01
6.894562244415283203e-01
6.789820194244384766e-01
6.752268075942993164e-01
6.832038164138793945e-01
6.866688728332519531e-01
6.912925839424133301e-01
6.857079863548278809e-01
7.005540728569030762e-01
6.917287111282348633e-01
6.836812496185302734e-01
6.903421878814697266e-01
6.865425109863281250e-01
6.875519752502441406e-01
6.961047649383544922e-01
6.796910762786865234e-01
6.883711814880371094e-01
6.870397329330444336e-01
6.916939616203308105e-01
6.849403977394104004e-01
6.965107917785644531e-01
6.897283196449279785e-01
6.899349093437194824e-01
6.899404525756835938e-01
6.848704814910888672e-01
6.929249167442321777e-01
6.990653276443481445e-01
6.782686114311218262e-01
6.969097852706909180e-01
6.955278515815734863e-01
6.872015595436096191e-01
6.818691492080688477e-01
7.033439874649047852e-01
6.948447227478027344e-01
6.831113696098327637e-01
6.937821507453918457e-01
6.907175183296203613e-01
6.818901300430297852e-01
6.888833642005920410e-01
6.763962507247924805e-01
6.882682442665100098e-01
7.002457380294799805e-01
6.876370906829833984e-01
6.856488585472106934e-01
6.742702126502990723e-01
6.938464641571044922e-01
7.056208252906799316e-01
6.886268854141235352e-01
6.855252385139465332e-01
6.909985542297363281e-01
6.947695612907409668e-01
6.954171061515808105e-01
6.950594782829284668e-01
7.001059055328369141e-01
6.940770149230957031e-01
6.840472221374511719e-01
6.895956993103027344e-01
6.934317350387573242e-01
6.948479413986206055e-01
6.953569650650024414e-01
6.938359737396240234e-01
6.962531805038452148e-01
6.870913505554199219e-01
6.956683397293090820e-01
6.858504414558410645e-01
6.896783709526062012e-01
6.931317448616027832e-01
6.904504895210266113e-01
6.820673942565917969e-01
6.929861903190612793e-01
6.860156059265136719e-01
7.020438909530639648e-01
6.815507411956787109e-01
6.854506731033325195e-01
6.847057938575744629e-01
6.902005076408386230e-01
7.015438079833984375e-01
6.937668919563293457e-01
6.945428848266601562e-01
6.904136538505554199e-01
6.783242225646972656e-01
6.882729530334472656e-01
6.992835402488708496e-01
6.863425374031066895e-01
6.934533715248107910e-01
6.941973567008972168e-01
7.102717757225036621e-01
6.905387639999389648e-01
6.908656358718872070e-01
7.005888819694519043e-01
6.983937025070190430e-01
6.747708916664123535e-01
6.916162967681884766e-01
6.944872140884399414e-01
6.914274692535400391e-01
6.923883557319641113e-01
6.811602711677551270e-01
6.943363547325134277e-01
6.851199865341186523e-01
6.867650151252746582e-01
6.836462616920471191e-01
6.974456310272216797e-01
6.876733303070068359e-01
6.965756416320800781e-01
6.734220981597900391e-01
6.893014311790466309e-01
6.910781264305114746e-01
6.825928092002868652e-01
6.801087856292724609e-01
6.875735521316528320e-01
6.841456890106201172e-01
6.826198101043701172e-01
6.832180619239807129e-01
6.938763260841369629e-01
6.958581209182739258e-01
6.875305175781250000e-01
6.879225373268127441e-01
6.931854486465454102e-01
6.848081350326538086e-01
6.921586394309997559e-01
6.947871446609497070e-01
6.896466016769409180e-01
6.842660903930664062e-01
6.919800043106079102e-01
6.989297270774841309e-01
6.690837144851684570e-01
6.745260357856750488e-01
6.885153055191040039e-01
6.975369453430175781e-01
7.060239911079406738e-01
6.878010034561157227e-01
6.766104102134704590e-01
6.923447847366333008e-01
6.873840689659118652e-01
6.891289949417114258e-01
6.827054023742675781e-01
6.859893202781677246e-01
6.834376454353332520e-01
6.933417320251464844e-01
6.934417486190795898e-01
6.878513693809509277e-01
6.928025484085083008e-01
6.954752206802368164e-01
6.922025680541992188e-01
6.863698959350585938e-01
6.799532175064086914e-01
6.914282441139221191e-01
6.864977478981018066e-01
6.824969053268432617e-01
7.054053544998168945e-01
6.886685490608215332e-01
7.036616802215576172e-01
6.905609965324401855e-01
6.959501504898071289e-01
7.011047005653381348e-01
6.872605085372924805e-01
6.940157413482666016e-01
6.812301874160766602e-01
6.849889159202575684e-01
6.904323697090148926e-01
7.012361884117126465e-01
6.866632103919982910e-01
6.857583522796630859e-01
6.970624923706054688e-01
6.974396705627441406e-01
6.950572133064270020e-01
6.929387450218200684e-01
6.873525381088256836e-01
6.974635720252990723e-01
6.878018379211425781e-01
6.978999376296997070e-01
6.838332414627075195e-01
7.043286561965942383e-01
6.834628582000732422e-01
6.737854480743408203e-01
6.891949772834777832e-01
6.745946407318115234e-01
6.886412501335144043e-01
6.908069252967834473e-01
6.862150430679321289e-01
6.943765282630920410e-01
6.842435598373413086e-01
6.927039623260498047e-01
6.841528415679931641e-01
6.897119879722595215e-01
6.904698014259338379e-01
6.781677007675170898e-01
6.819139122962951660e-01
6.940502524375915527e-01
6.962627172470092773e-01
6.908510327339172363e-01
6.797838211059570312e-01
6.889757513999938965e-01
6.905716657638549805e-01
6.718393564224243164e-01
6.989948749542236328e-01
6.897108554840087891e-01
6.906561851501464844e-01
6.886897087097167969e-01
7.044567465782165527e-01
6.893167495727539062e-01
6.900053620338439941e-01
6.981571912765502930e-01
6.916368603706359863e-01
6.905021071434020996e-01
7.021613121032714844e-01
6.920440196990966797e-01
6.885687708854675293e-01
6.858435273170471191e-01
6.789264082908630371e-01
6.874589323997497559e-01
6.941978335380554199e-01
6.820792555809020996e-01
6.875214576721191406e-01
6.899999976158142090e-01
6.977961063385009766e-01
7.004042267799377441e-01
6.794757246971130371e-01
6.908613443374633789e-01
6.875158548355102539e-01
6.881869435310363770e-01
6.910721063613891602e-01
6.805069446563720703e-01
6.975224018096923828e-01
6.817917823791503906e-01
6.896669268608093262e-01
6.902304291725158691e-01
6.955069303512573242e-01
6.931470036506652832e-01
6.962811350822448730e-01
6.910928487777709961e-01
6.916596889495849609e-01
6.864797472953796387e-01
6.948449611663818359e-01
6.897310614585876465e-01
6.878449320793151855e-01
6.890017390251159668e-01
6.840038299560546875e-01
7.027224898338317871e-01
6.911861896514892578e-01
6.876752972602844238e-01
6.940990090370178223e-01
6.905465126037597656e-01
6.859349012374877930e-01
6.914177536964416504e-01
6.911191940307617188e-01
6.812564134597778320e-01
6.837738752365112305e-01
6.837787628173828125e-01
6.887875199317932129e-01
6.858388781547546387e-01
6.829029917716979980e-01
6.913235187530517578e-01
6.852834224700927734e-01
6.840320229530334473e-01
6.897725462913513184e-01
6.858709454536437988e-01
6.925827264785766602e-01
6.907309889793395996e-01
6.856241226196289062e-01
6.857072710990905762e-01
7.006403207778930664e-01
6.837766170501708984e-01
6.917866468429565430e-01
6.990020871162414551e-01
6.843036413192749023e-01
6.894304752349853516e-01
7.013922333717346191e-01
6.831524968147277832e-01
6.955733895301818848e-01
6.935198903083801270e-01
6.952232718467712402e-01
6.905896663665771484e-01
6.751593947410583496e-01
6.829902529716491699e-01
6.783841252326965332e-01
6.943925023078918457e-01
6.881899833679199219e-01
6.899830102920532227e-01
6.930921077728271484e-01
6.812841296195983887e-01
6.885499358177185059e-01
7.057533264160156250e-01
6.933720707893371582e-01
6.873784661293029785e-01
6.888840794563293457e-01
6.935101151466369629e-01
6.954272985458374023e-01
6.941880583763122559e-01
6.841198801994323730e-01
6.852154731750488281e-01
6.803186535835266113e-01
6.959308981895446777e-01
6.912633180618286133e-01
6.912080049514770508e-01
6.867727041244506836e-01
6.859620809555053711e-01
7.088232040405273438e-01
6.880089044570922852e-01
6.901946663856506348e-01
6.945483684539794922e-01
6.756170988082885742e-01
6.795073747634887695e-01
6.879088282585144043e-01
6.866185665130615234e-01
6.886673569679260254e-01
6.988984346389770508e-01
6.889206767082214355e-01
6.878945231437683105e-01
6.812387108802795410e-01
6.848034858703613281e-01
6.973637342453002930e-01
6.934444308280944824e-01
6.950385570526123047e-01
6.975753903388977051e-01
6.953017711639404297e-01
6.956285238265991211e-01
6.963569521903991699e-01
6.956263184547424316e-01
6.859083175659179688e-01
6.889630556106567383e-01
6.859611868858337402e-01
6.926274895668029785e-01
6.905844211578369141e-01
6.909343004226684570e-01
6.867662668228149414e-01
6.796408891677856445e-01
6.889066100120544434e-01
6.962540149688720703e-01
6.863634586334228516e-01
6.884738802909851074e-01
6.954566836357116699e-01
6.876400709152221680e-01
6.957679390907287598e-01
6.874575018882751465e-01
6.959181427955627441e-01
6.888966560363769531e-01
6.856266260147094727e-01
6.921740770339965820e-01
6.937755942344665527e-01
6.956467628479003906e-01
6.893005967140197754e-01
6.882317066192626953e-01
6.760243773460388184e-01
6.943514943122863770e-01
6.963866949081420898e-01
7.027313709259033203e-01
6.927612423896789551e-01
6.906613111495971680e-01
6.947649121284484863e-01
6.941742300987243652e-01
6.835925579071044922e-01
6.906749010086059570e-01
7.012633085250854492e-01
6.959622502326965332e-01
6.814532279968261719e-01
7.063829898834228516e-01
6.900721788406372070e-01
6.867059469223022461e-01
6.986998319625854492e-01
6.844897270202636719e-01
6.770535707473754883e-01
6.921564340591430664e-01
6.761986017227172852e-01
6.817359924316406250e-01
7.009663581848144531e-01
7.009523510932922363e-01
6.829671859741210938e-01
6.979011297225952148e-01
6.922519803047180176e-01
6.941362023353576660e-01
6.845207214355468750e-01
6.971119046211242676e-01
6.862953305244445801e-01
6.898162961006164551e-01
6.867813467979431152e-01
6.972926259040832520e-01
6.931949257850646973e-01
6.872779130935668945e-01
6.876143217086791992e-01
6.800536513328552246e-01
6.876977682113647461e-01
6.766938567161560059e-01
6.879797577857971191e-01
6.823344826698303223e-01
6.882672905921936035e-01
6.972762942314147949e-01
6.772928237915039062e-01
6.828406453132629395e-01
6.843335032463073730e-01
6.873469352722167969e-01
6.730101704597473145e-01
6.801090836524963379e-01
6.892777681350708008e-01
6.911537647247314453e-01
6.845468282699584961e-01
6.857507824897766113e-01
6.830871701240539551e-01
6.901479959487915039e-01
6.936846971511840820e-01
7.050310373306274414e-01
6.945372223854064941e-01
6.895348429679870605e-01
7.089331150054931641e-01
6.849550604820251465e-01
6.844872832298278809e-01
6.688492894172668457e-01
6.868291497230529785e-01
6.923528313636779785e-01
6.801540255546569824e-01
7.027896642684936523e-01
6.895142793655395508e-01
6.830782294273376465e-01
6.898750662803649902e-01
6.930276751518249512e-01
6.778752803802490234e-01
6.924068927764892578e-01
6.884245276451110840e-01
6.909521818161010742e-01
6.800757050514221191e-01
6.889787912368774414e-01
6.830067038536071777e-01
6.942952871322631836e-01
6.887755990028381348e-01
6.932681202888488770e-01
6.968722939491271973e-01
6.937132477760314941e-01
7.040391564369201660e-01
6.826355457305908203e-01
6.863396167755126953e-01
6.878436207771301270e-01
6.949747800827026367e-01
6.738246083259582520e-01
6.909779310226440430e-01
7.013016939163208008e-01
6.910530924797058105e-01
6.892653703689575195e-01
6.905900835990905762e-01
6.946974396705627441e-01
6.867145895957946777e-01
6.982111930847167969e-01
7.002951502799987793e-01
6.878062486648559570e-01
6.869562268257141113e-01
6.823699474334716797e-01
6.925436258316040039e-01
6.939815878868103027e-01
6.976448297500610352e-01
6.996209621429443359e-01
6.832016706466674805e-01
7.079309821128845215e-01
6.872777342796325684e-01
6.899031400680541992e-01
6.853864192962646484e-01
6.836111545562744141e-01
6.962249875068664551e-01
6.995673179626464844e-01
6.877855062484741211e-01
6.834564805030822754e-01
6.934695243835449219e-01
6.900430321693420410e-01
7.026278376579284668e-01
7.004278302192687988e-01
6.859172582626342773e-01
6.811729669570922852e-01
6.891291737556457520e-01
6.842186450958251953e-01
6.900990009307861328e-01
6.966931223869323730e-01
6.958206295967102051e-01
7.001042366027832031e-01
6.848993301391601562e-01
6.753534674644470215e-01
6.857446432113647461e-01
6.915664076805114746e-01
6.857360005378723145e-01
6.860077381134033203e-01
7.001288533210754395e-01
6.965337991714477539e-01
6.714612245559692383e-01
6.886588335037231445e-01
6.777317523956298828e-01
6.789634227752685547e-01
6.985293626785278320e-01
6.861375570297241211e-01
6.912340521812438965e-01
6.851229667663574219e-01
6.811582446098327637e-01
6.967025399208068848e-01
6.878081560134887695e-01
6.962919235229492188e-01
6.809793114662170410e-01
6.867533922195434570e-01
6.955804824829101562e-01
6.778329014778137207e-01
6.906310319900512695e-01
6.835655570030212402e-01
6.967998743057250977e-01
6.775134801864624023e-01
6.966251134872436523e-01
6.865761280059814453e-01
6.824097037315368652e-01
6.978628635406494141e-01
6.907143592834472656e-01
6.873421072959899902e-01
6.871716976165771484e-01
7.008209228515625000e-01
6.887315511703491211e-01
6.892954111099243164e-01
6.794830560684204102e-01
6.854016184806823730e-01
6.941469311714172363e-01
6.900699734687805176e-01
6.883158683776855469e-01
6.899657845497131348e-01
6.763566732406616211e-01
6.982587575912475586e-01
6.842699646949768066e-01
6.805725693702697754e-01
6.744018197059631348e-01
6.960436701774597168e-01
6.911574602127075195e-01
6.825063228607177734e-01
6.882276535034179688e-01
6.847425699234008789e-01
6.982855796813964844e-01
7.008476853370666504e-01
6.859004497528076172e-01
6.937183737754821777e-01
6.860021948814392090e-01
6.912392973899841309e-01
6.855626106262207031e-01
7.006949186325073242e-01
7.020547986030578613e-01
6.971188783645629883e-01
6.952411532402038574e-01
6.826266050338745117e-01
7.029498815536499023e-01
6.950873732566833496e-01
6.841593980789184570e-01
6.855050921440124512e-01
6.867097616195678711e-01
6.746378540992736816e-01
6.890481710433959961e-01
6.779317259788513184e-01
6.757652163505554199e-01
6.913377046585083008e-01
6.954802870750427246e-01
6.919156312942504883e-01
6.858022212982177734e-01
6.803734898567199707e-01
7.006111741065979004e-01
6.985899209976196289e-01
6.908518075942993164e-01
6.936521530151367188e-01
6.977893710136413574e-01
6.947019100189208984e-01
6.956840753555297852e-01
6.933829188346862793e-01
6.945711970329284668e-01
6.938067078590393066e-01
6.960417032241821289e-01
6.864228248596191406e-01
6.762307882308959961e-01
6.912488341331481934e-01
6.834329366683959961e-01
6.843037605285644531e-01
6.875654458999633789e-01
6.967006921768188477e-01
6.844533681869506836e-01
6.922569870948791504e-01
6.842705011367797852e-01
6.851034760475158691e-01
6.854720115661621094e-01
6.920516490936279297e-01
6.864003539085388184e-01
6.955834031105041504e-01
6.891742944717407227e-01
6.910071372985839844e-01
6.996167302131652832e-01
6.809992194175720215e-01
6.862437725067138672e-01
6.935924291610717773e-01
6.883458495140075684e-01
6.843309402465820312e-01
6.921807527542114258e-01
6.832650899887084961e-01
6.845211386680603027e-01
6.898490190505981445e-01
6.984785795211791992e-01
6.890860199928283691e-01
6.715062856674194336e-01
6.832298636436462402e-01
6.860865354537963867e-01
6.924743056297302246e-01
6.968618035316467285e-01
6.946876645088195801e-01
7.017850875854492188e-01
6.958109736442565918e-01
6.908065080642700195e-01
6.960461735725402832e-01
6.896933913230895996e-01
6.753455996513366699e-01
6.743876338005065918e-01
6.879093647003173828e-01
6.873010993003845215e-01
6.885124444961547852e-01
6.845580339431762695e-01
6.862808465957641602e-01
6.962620615959167480e-01
6.941844820976257324e-01
6.875809431076049805e-01
6.909019351005554199e-01
6.993043422698974609e-01
6.876428127288818359e-01
7.033025026321411133e-01
6.839019060134887695e-01
6.996738314628601074e-01
6.980036497116088867e-01
6.821898818016052246e-01
6.911302804946899414e-01
6.902458071708679199e-01
6.868656277656555176e-01
6.920451521873474121e-01
6.726707816123962402e-01
6.912967562675476074e-01
6.772965192794799805e-01
6.989297270774841309e-01
6.826695203781127930e-01
6.879341006278991699e-01
6.811345815658569336e-01
6.910292506217956543e-01
7.030070424079895020e-01
6.856962442398071289e-01
6.836425662040710449e-01
6.881247758865356445e-01
6.864075660705566406e-01
6.954982280731201172e-01
6.858044266700744629e-01
6.919456124305725098e-01
6.887801885604858398e-01
6.857905983924865723e-01
6.806572675704956055e-01
6.850511431694030762e-01
6.978787779808044434e-01
6.792538166046142578e-01
6.854659318923950195e-01
7.030853033065795898e-01
6.878515481948852539e-01
6.789165735244750977e-01
6.963719129562377930e-01
6.941446661949157715e-01
6.927232146263122559e-01
6.964759826660156250e-01
6.917976140975952148e-01
6.962980628013610840e-01
6.933025717735290527e-01
6.968787312507629395e-01
6.849828958511352539e-01
6.948804855346679688e-01
6.930954456329345703e-01
6.776279807090759277e-01
6.844118237495422363e-01
6.940207481384277344e-01
6.970701217651367188e-01
6.912934184074401855e-01
6.931963562965393066e-01
6.899954676628112793e-01
6.914175152778625488e-01
6.782335042953491211e-01
6.961447000503540039e-01
6.945040822029113770e-01
6.902564764022827148e-01
6.984854936599731445e-01
6.841167211532592773e-01
6.939033269882202148e-01
6.844727993011474609e-01
6.924305558204650879e-01
6.857605576515197754e-01
6.920499801635742188e-01
6.957149505615234375e-01
7.036851048469543457e-01
6.914061307907104492e-01
6.856401562690734863e-01
6.913937330245971680e-01
6.959784626960754395e-01
6.899948120117187500e-01
6.895234584808349609e-01
6.968821883201599121e-01
6.754699945449829102e-01
6.894327998161315918e-01
6.856551170349121094e-01
6.908016800880432129e-01
6.795350909233093262e-01
6.879395842552185059e-01
6.855340003967285156e-01
6.927979588508605957e-01
6.869212985038757324e-01
6.852365732192993164e-01
6.971296668052673340e-01
6.758209466934204102e-01
6.874527335166931152e-01
6.752305626869201660e-01
6.918145418167114258e-01
6.837993860244750977e-01
6.865229606628417969e-01
6.926037073135375977e-01
6.762566566467285156e-01
6.913334131240844727e-01
6.806316375732421875e-01
6.961338520050048828e-01
6.937405467033386230e-01
6.893606185913085938e-01
6.889105439186096191e-01
7.015346288681030273e-01
7.015428543090820312e-01
6.839661598205566406e-01
6.836812496185302734e-01
6.951883435249328613e-01
6.878414154052734375e-01
6.905109286308288574e-01
6.902918815612792969e-01
6.870020627975463867e-01
6.905499100685119629e-01
6.970476508140563965e-01
6.802575588226318359e-01
6.987432241439819336e-01
6.872707009315490723e-01
6.957206130027770996e-01
6.943717002868652344e-01
6.934867501258850098e-01
6.907798051834106445e-01
6.833953857421875000e-01
6.976418495178222656e-01
6.804007291793823242e-01
6.853804588317871094e-01
6.898483633995056152e-01
6.839431524276733398e-01
6.884402632713317871e-01
6.836479902267456055e-01
6.861228942871093750e-01
6.776295900344848633e-01
6.920676231384277344e-01
7.013312578201293945e-01
6.907928586006164551e-01
7.028880715370178223e-01
7.003592252731323242e-01
6.960318088531494141e-01
6.883009672164916992e-01
6.865684390068054199e-01
6.889652609825134277e-01
6.930967569351196289e-01
6.808401346206665039e-01
6.912051439285278320e-01
6.827257871627807617e-01
6.983481645584106445e-01
6.820653080940246582e-01
6.858307719230651855e-01
6.969462633132934570e-01
6.859024167060852051e-01
6.811495423316955566e-01
7.032642364501953125e-01
6.843304038047790527e-01
6.845082640647888184e-01
6.876594424247741699e-01
6.824064850807189941e-01
7.005462646484375000e-01
6.837629079818725586e-01
6.917234063148498535e-01
6.929824352264404297e-01
6.983336210250854492e-01
6.844140291213989258e-01
6.927704811096191406e-01
6.840894222259521484e-01
6.903855204582214355e-01
6.927237510681152344e-01
6.881101131439208984e-01
6.802915930747985840e-01
6.916853785514831543e-01
6.753804683685302734e-01
7.025808095932006836e-01
6.832247972488403320e-01
6.924856305122375488e-01
6.872354745864868164e-01
6.955956816673278809e-01
6.884440183639526367e-01
6.847698688507080078e-01
6.871240139007568359e-01
6.847186088562011719e-01
6.908455491065979004e-01
6.931347250938415527e-01
6.874799132347106934e-01
6.847466826438903809e-01
6.834347844123840332e-01
6.749181747436523438e-01
6.922442913055419922e-01
6.903266906738281250e-01
6.821886301040649414e-01
6.979953050613403320e-01
6.934375762939453125e-01
6.895361542701721191e-01
6.957369446754455566e-01
6.719157695770263672e-01
6.898974776268005371e-01
6.816213130950927734e-01
6.942571997642517090e-01
6.934404373168945312e-01
6.955849528312683105e-01
6.859939694404602051e-01
6.763545274734497070e-01
7.024617195129394531e-01
7.006726264953613281e-01
6.871286034584045410e-01
6.858851909637451172e-01
6.931393742561340332e-01
6.868700385093688965e-01
6.934813857078552246e-01
7.019719481468200684e-01
6.917722225189208984e-01
6.828408837318420410e-01
6.882434487342834473e-01
6.816041469573974609e-01
6.887797713279724121e-01
6.890433430671691895e-01
6.942197084426879883e-01
6.841468811035156250e-01
7.046061754226684570e-01
6.905332207679748535e-01
6.889455914497375488e-01
6.892321109771728516e-01
6.941363811492919922e-01
7.072641253471374512e-01
6.976236104965209961e-01
6.812278628349304199e-01
7.004728913307189941e-01
6.913918852806091309e-01
6.868570446968078613e-01
6.801880598068237305e-01
6.898130178451538086e-01
6.840986609458923340e-01
6.900576353073120117e-01
6.896927356719970703e-01
6.882872581481933594e-01
6.866506338119506836e-01
6.868307590484619141e-01
6.954187750816345215e-01
6.860464215278625488e-01
7.045032382011413574e-01
6.920087933540344238e-01
6.809801459312438965e-01
6.834037899971008301e-01
6.844345927238464355e-01
6.910032033920288086e-01
6.814737319946289062e-01
6.897515654563903809e-01
6.961796283721923828e-01
6.874981522560119629e-01
6.797521710395812988e-01
6.935655474662780762e-01
6.876095533370971680e-01
6.927686333656311035e-01
6.940175294876098633e-01
6.980279684066772461e-01
6.827920079231262207e-01
6.831220388412475586e-01
6.865254044532775879e-01
6.855429410934448242e-01
6.981638669967651367e-01
7.023806571960449219e-01
6.798807978630065918e-01
6.876840591430664062e-01
6.940602064132690430e-01
6.997721791267395020e-01
6.874150037765502930e-01
6.926773786544799805e-01
6.709914207458496094e-01
6.933839917182922363e-01
6.903236508369445801e-01
6.970525979995727539e-01
6.945347189903259277e-01
7.030287384986877441e-01
6.839512586593627930e-01
6.905444860458374023e-01
7.047443985939025879e-01
6.820032000541687012e-01
6.781630516052246094e-01
6.824440956115722656e-01
6.964318156242370605e-01
6.917275786399841309e-01
6.847064495086669922e-01
6.805295348167419434e-01
6.781429052352905273e-01
6.902695894241333008e-01
6.819606423377990723e-01
6.910860538482666016e-01
7.009011507034301758e-01
6.785565614700317383e-01
6.933531165122985840e-01
6.850664615631103516e-01
6.899183392524719238e-01
6.948072314262390137e-01
6.939653754234313965e-01
6.880524158477783203e-01
7.044157981872558594e-01
6.958940625190734863e-01
6.841050982475280762e-01
6.864639520645141602e-01
6.888867616653442383e-01
6.946986317634582520e-01
6.945170164108276367e-01
6.870728135108947754e-01
6.905419826507568359e-01
6.865541934967041016e-01
6.986652612686157227e-01
6.945635080337524414e-01
6.814829707145690918e-01
6.886900067329406738e-01
6.910267472267150879e-01
6.914281249046325684e-01
6.876380443572998047e-01
6.893987655639648438e-01
6.855133175849914551e-01
6.876626014709472656e-01
6.971224546432495117e-01
6.851391792297363281e-01
6.876119375228881836e-01
6.799507737159729004e-01
6.733425259590148926e-01
6.961550712585449219e-01
6.918213963508605957e-01
6.773778200149536133e-01
6.915453672409057617e-01
6.841970086097717285e-01
6.915623545646667480e-01
6.968308687210083008e-01
6.858436465263366699e-01
6.932419538497924805e-01
6.830317974090576172e-01
6.923476457595825195e-01
6.823272109031677246e-01
6.793103814125061035e-01
7.013406753540039062e-01
6.845079064369201660e-01
6.871365308761596680e-01
6.951766610145568848e-01
6.836033463478088379e-01
6.892827153205871582e-01
7.001900672912597656e-01
6.913500428199768066e-01
6.940421462059020996e-01
6.870437264442443848e-01
6.955594420433044434e-01
6.892977356910705566e-01
6.936596035957336426e-01
6.876609325408935547e-01
6.932003498077392578e-01
6.875587701797485352e-01
6.999877691268920898e-01
6.912994384765625000e-01
6.971881389617919922e-01
6.878890991210937500e-01
6.819087266921997070e-01
6.862486004829406738e-01
6.936249136924743652e-01
6.760993003845214844e-01
6.990572214126586914e-01
6.841447949409484863e-01
6.795798540115356445e-01
6.841913461685180664e-01
6.985830068588256836e-01
6.896815299987792969e-01
6.966034770011901855e-01
6.901001930236816406e-01
6.779674887657165527e-01
6.825911402702331543e-01
6.857010126113891602e-01
6.879068017005920410e-01
6.960530877113342285e-01
7.014378905296325684e-01
6.911538839340209961e-01
6.847262382507324219e-01
6.888524293899536133e-01
6.914529800415039062e-01
6.753532290458679199e-01
7.011014819145202637e-01
6.877568364143371582e-01
6.818758249282836914e-01
6.902915835380554199e-01
6.966781020164489746e-01
6.793189048767089844e-01
6.875894069671630859e-01
6.903141140937805176e-01
7.057945132255554199e-01
6.763399243354797363e-01
6.913861036300659180e-01
7.104691267013549805e-01
6.949586868286132812e-01
6.901125907897949219e-01
6.865943670272827148e-01
6.807099580764770508e-01
6.905888915061950684e-01
6.875447630882263184e-01
6.934634447097778320e-01
6.925395131111145020e-01
6.880063414573669434e-01
6.828744411468505859e-01
6.822223663330078125e-01
6.926259994506835938e-01
6.819717884063720703e-01
6.753177642822265625e-01
6.872650980949401855e-01
6.962485909461975098e-01
6.961049437522888184e-01
6.880930662155151367e-01
6.858996748924255371e-01
6.847699284553527832e-01
6.956647038459777832e-01
7.023558616638183594e-01
6.782546043395996094e-01
6.849990487098693848e-01
6.977104544639587402e-01
6.938021183013916016e-01
6.821753382682800293e-01
6.831880211830139160e-01
6.753477454185485840e-01
6.814377903938293457e-01
7.021476030349731445e-01
6.881133317947387695e-01
6.955593228340148926e-01
6.855440735816955566e-01
6.820945739746093750e-01
7.008662223815917969e-01
6.962330341339111328e-01
6.903330087661743164e-01
6.962118148803710938e-01
6.956534385681152344e-01
6.913754940032958984e-01
6.882374286651611328e-01
6.827563047409057617e-01
6.885894536972045898e-01
6.944798231124877930e-01
6.930036544799804688e-01
6.833484172821044922e-01
6.884598731994628906e-01
6.922895908355712891e-01
6.910333633422851562e-01
6.973251700401306152e-01
6.872838735580444336e-01
6.983675360679626465e-01
6.781796216964721680e-01
7.000532746315002441e-01
6.787621974945068359e-01
6.912506818771362305e-01
6.906865239143371582e-01
6.776966452598571777e-01
6.906527280807495117e-01
7.020648717880249023e-01
6.815810799598693848e-01
6.815661191940307617e-01
6.813517808914184570e-01
6.725608110427856445e-01
6.928817629814147949e-01
6.788904666900634766e-01
6.920161247253417969e-01
6.825839281082153320e-01
6.836927533149719238e-01
6.913242936134338379e-01
6.868584156036376953e-01
6.973892450332641602e-01
6.834021806716918945e-01
6.897493600845336914e-01
6.839566230773925781e-01
6.838215589523315430e-01
6.907088160514831543e-01
7.009444832801818848e-01
6.831405162811279297e-01
6.783045530319213867e-01
6.899058222770690918e-01
6.973823904991149902e-01
6.808742284774780273e-01
6.836018562316894531e-01
6.807863712310791016e-01
6.999025940895080566e-01
6.847907900810241699e-01
6.889419555664062500e-01
6.830555200576782227e-01
6.866558790206909180e-01
6.919208765029907227e-01
6.977718472480773926e-01
6.858906745910644531e-01
6.946766972541809082e-01
6.987397074699401855e-01
6.919084787368774414e-01
6.909415721893310547e-01
7.016062736511230469e-01
6.852345466613769531e-01
6.811094880104064941e-01
6.911237835884094238e-01
6.687532067298889160e-01
6.806774139404296875e-01
7.064766287803649902e-01
6.929781436920166016e-01
6.927154064178466797e-01
6.881956458091735840e-01
6.827133297920227051e-01
6.893610954284667969e-01
7.043187618255615234e-01
6.790001392364501953e-01
7.069646120071411133e-01
6.863383054733276367e-01
6.815939545631408691e-01
6.907534599304199219e-01
6.835529804229736328e-01
6.908072233200073242e-01
6.984590291976928711e-01
6.996533274650573730e-01
6.881439685821533203e-01
6.903020143508911133e-01
6.842157840728759766e-01
6.849349141120910645e-01
6.841396689414978027e-01
6.834642887115478516e-01
6.857007145881652832e-01
6.940770149230957031e-01
6.801555156707763672e-01
6.955834627151489258e-01
6.762459278106689453e-01
6.831275820732116699e-01
6.924982070922851562e-01
6.921253800392150879e-01
6.811660528182983398e-01
6.931213736534118652e-01
6.950187087059020996e-01
6.840032935142517090e-01
6.887483000755310059e-01
7.083746194839477539e-01
6.948504447937011719e-01
6.984026432037353516e-01
7.024337053298950195e-01
6.902954578399658203e-01
6.876678466796875000e-01
7.030633687973022461e-01
6.888389587402343750e-01
6.979367733001708984e-01
6.854644417762756348e-01
6.890612244606018066e-01
7.040982842445373535e-01
6.788452863693237305e-01
6.867637634277343750e-01
6.868482232093811035e-01
6.970207691192626953e-01
6.906328201293945312e-01
6.871038675308227539e-01
6.820669770240783691e-01
6.904073953628540039e-01
6.826995611190795898e-01
6.928111314773559570e-01
6.900649070739746094e-01
6.863494515419006348e-01
6.837446689605712891e-01
6.882741451263427734e-01
7.130289673805236816e-01
6.864992976188659668e-01
6.965314149856567383e-01
6.945999264717102051e-01
6.877959966659545898e-01
7.011873126029968262e-01
6.863869428634643555e-01
6.902556419372558594e-01
6.886866092681884766e-01
6.819921135902404785e-01
6.859210133552551270e-01
6.853142380714416504e-01
6.920226812362670898e-01
6.807186603546142578e-01
6.897886991500854492e-01
6.791706085205078125e-01
6.885856389999389648e-01
6.863131523132324219e-01
6.944968700408935547e-01
6.801513433456420898e-01
6.867149472236633301e-01
6.943464875221252441e-01
6.822228431701660156e-01
6.892803907394409180e-01
6.948565840721130371e-01
7.015297412872314453e-01
6.964845657348632812e-01
7.088999152183532715e-01
6.887432336807250977e-01
6.937329173088073730e-01
7.025338411331176758e-01
6.987010240554809570e-01
6.925566196441650391e-01
6.932416558265686035e-01
6.863346695899963379e-01
6.754298210144042969e-01
6.879280209541320801e-01
6.955951452255249023e-01
6.734512448310852051e-01
7.022058963775634766e-01
6.988710165023803711e-01
6.752153635025024414e-01
6.866522431373596191e-01
6.881862878799438477e-01
6.889255046844482422e-01
6.904551386833190918e-01
6.827036142349243164e-01
6.831546425819396973e-01
6.881325840950012207e-01
6.997705101966857910e-01
6.856211423873901367e-01
6.859947443008422852e-01
6.806079149246215820e-01
6.944379210472106934e-01
6.907204389572143555e-01
6.869384646415710449e-01
6.845120191574096680e-01
6.825962662696838379e-01
6.905494928359985352e-01
6.852298974990844727e-01
6.829167008399963379e-01
6.963580250740051270e-01
6.822940111160278320e-01
6.863427758216857910e-01
6.957983970642089844e-01
6.832123994827270508e-01
6.922069191932678223e-01
6.784428954124450684e-01
6.731636524200439453e-01
6.938812136650085449e-01
6.899977922439575195e-01
6.970591545104980469e-01
6.793301105499267578e-01
6.853567957878112793e-01
6.850022077560424805e-01
6.856417655944824219e-01
6.860777139663696289e-01
6.847949624061584473e-01
6.994590759277343750e-01
7.024029493331909180e-01
6.970736980438232422e-01
6.832386255264282227e-01
6.836021542549133301e-01
6.890395879745483398e-01
6.872279644012451172e-01
6.970733404159545898e-01
6.851694583892822266e-01
6.861956119537353516e-01
6.930886507034301758e-01
6.797088384628295898e-01
6.928130388259887695e-01
6.938385367393493652e-01
6.895747184753417969e-01
6.930055022239685059e-01
6.977037191390991211e-01
6.959186792373657227e-01
6.883509159088134766e-01
6.946043968200683594e-01
6.850172877311706543e-01
6.834220886230468750e-01
6.811781525611877441e-01
6.830515861511230469e-01
6.843875646591186523e-01
6.940710544586181641e-01
6.868280768394470215e-01
6.862547397613525391e-01
6.889021396636962891e-01
6.916806697845458984e-01
6.965714097023010254e-01
6.967253684997558594e-01
6.801329255104064941e-01
6.927717924118041992e-01
6.769596338272094727e-01
6.871426105499267578e-01
6.759704351425170898e-01
6.803514361381530762e-01
6.978215575218200684e-01
6.879774928092956543e-01
6.876122355461120605e-01
6.921567320823669434e-01
6.841636896133422852e-01
6.897687315940856934e-01
6.951402425765991211e-01
6.899949312210083008e-01
6.995042562484741211e-01
6.809161305427551270e-01
6.856981515884399414e-01
7.035652995109558105e-01
6.899939775466918945e-01
7.052991390228271484e-01
6.823276281356811523e-01
6.968210339546203613e-01
6.958783268928527832e-01
6.848408579826354980e-01
6.860139369964599609e-01
6.878771781921386719e-01
6.859885454177856445e-01
6.894093751907348633e-01
6.842404603958129883e-01
6.974306106567382812e-01
6.900343894958496094e-01
6.820848584175109863e-01
6.958963871002197266e-01
6.987318396568298340e-01
6.808655858039855957e-01
6.841149330139160156e-01
6.993228197097778320e-01
6.920003294944763184e-01
6.808223724365234375e-01
6.859443783760070801e-01
6.743316054344177246e-01
6.983097195625305176e-01
6.860309839248657227e-01
6.848594546318054199e-01
6.993266344070434570e-01
6.832411885261535645e-01
6.881849765777587891e-01
6.803377866744995117e-01
6.873377561569213867e-01
6.921663880348205566e-01
6.900494694709777832e-01
6.799095869064331055e-01
6.901077628135681152e-01
6.878607869148254395e-01
6.853698492050170898e-01
6.958978772163391113e-01
6.889975070953369141e-01
6.906022429466247559e-01
6.974071264266967773e-01
6.816233992576599121e-01
6.844177842140197754e-01
6.940919160842895508e-01
6.837500929832458496e-01
6.852833032608032227e-01
6.885548233985900879e-01
6.801425218582153320e-01
6.842732429504394531e-01
6.937245726585388184e-01
6.855584979057312012e-01
6.899727582931518555e-01
6.916539072990417480e-01
6.817363500595092773e-01
6.995964646339416504e-01
6.913979053497314453e-01
6.947697997093200684e-01
6.878278255462646484e-01
6.866959929466247559e-01
7.012855410575866699e-01
6.866765022277832031e-01
6.888901591300964355e-01
6.825046539306640625e-01
6.903076767921447754e-01
6.915355920791625977e-01
6.851121783256530762e-01
6.997201442718505859e-01
6.920181512832641602e-01
6.815791726112365723e-01
6.856021881103515625e-01
6.920745372772216797e-01
6.837871074676513672e-01
6.973305940628051758e-01
6.817180514335632324e-01
6.858062744140625000e-01
6.978492736816406250e-01
6.921046376228332520e-01
6.887878775596618652e-01
6.947865486145019531e-01
6.915784478187561035e-01
6.847577095031738281e-01
6.881212592124938965e-01
6.899259090423583984e-01
6.788895726203918457e-01
6.819395422935485840e-01
7.040944099426269531e-01
7.045277357101440430e-01
6.959201097488403320e-01
6.888814568519592285e-01
6.745720505714416504e-01
6.971685290336608887e-01
6.927819252014160156e-01
6.923596858978271484e-01
6.891878843307495117e-01
6.890032291412353516e-01
6.980593204498291016e-01
6.897550821304321289e-01
6.917544007301330566e-01
6.807367205619812012e-01
6.835860013961791992e-01
6.808761954307556152e-01
6.724068522453308105e-01
6.880631446838378906e-01
6.753231287002563477e-01
6.816290616989135742e-01
6.999611854553222656e-01
6.898068785667419434e-01
7.043206691741943359e-01
6.872838735580444336e-01
6.867536902427673340e-01
6.963563561439514160e-01
6.856289505958557129e-01
6.798984408378601074e-01
6.959485411643981934e-01
6.819028854370117188e-01
6.862885951995849609e-01
6.814294457435607910e-01
6.908670067787170410e-01
6.971421837806701660e-01
6.762444972991943359e-01
6.835374236106872559e-01
6.864663362503051758e-01
6.838223338127136230e-01
6.916094422340393066e-01
6.982821226119995117e-01
7.029819488525390625e-01
6.811336278915405273e-01
6.925951242446899414e-01
6.830796003341674805e-01
6.823592782020568848e-01
6.999805569648742676e-01
6.816685199737548828e-01
6.913297176361083984e-01
6.948483586311340332e-01
6.877111792564392090e-01
6.754614114761352539e-01
6.818840503692626953e-01
6.915463805198669434e-01
6.958925127983093262e-01
6.960996389389038086e-01
6.929717063903808594e-01
6.882343292236328125e-01
6.963109374046325684e-01
6.962036490440368652e-01
6.884517669677734375e-01
6.933121681213378906e-01
6.831265091896057129e-01
7.017470598220825195e-01
6.920024156570434570e-01
6.995958685874938965e-01
6.896415948867797852e-01
6.845065951347351074e-01
7.053428888320922852e-01
6.926663517951965332e-01
6.708056330680847168e-01
6.920076608657836914e-01
6.895965337753295898e-01
6.952869892120361328e-01
