7.180337309837341309e-01
7.183990478515625000e-01
6.702980995178222656e-01
7.238808274269104004e-01
7.325426340103149414e-01
7.256206274032592773e-01
7.259471416473388672e-01
7.061151862144470215e-01
6.996428966522216797e-01
7.334921360015869141e-01
7.139256000518798828e-01
7.067358493804931641e-01
6.923608183860778809e-01
7.207610607147216797e-01
7.298344373703002930e-01
7.066321969032287598e-01
7.176985144615173340e-01
7.307860851287841797e-01
7.067553400993347168e-01
7.082970738410949707e-01
7.110288739204406738e-01
7.178654670715332031e-01
6.913959980010986328e-01
7.082488536834716797e-01
6.924276947975158691e-01
7.199794650077819824e-01
7.182573676109313965e-01
7.192248106002807617e-01
7.329391837120056152e-01
7.240699529647827148e-01
7.155199050903320312e-01
6.976177692413330078e-01
6.980840563774108887e-01
7.039778828620910645e-01
7.096526622772216797e-01
7.112716436386108398e-01
7.174265384674072266e-01
7.038435935974121094e-01
7.134683728218078613e-01
7.069339752197265625e-01
7.067418694496154785e-01
6.976566314697265625e-01
7.035190463066101074e-01
7.100062370300292969e-01
6.936711072921752930e-01
7.164983749389648438e-01
6.953527331352233887e-01
7.119364142417907715e-01
7.072494626045227051e-01
7.093607783317565918e-01
6.997457742691040039e-01
7.204390168190002441e-01
6.907695531845092773e-01
7.205338478088378906e-01
7.152131795883178711e-01
7.075070738792419434e-01
7.034569978713989258e-01
6.895957589149475098e-01
6.786174178123474121e-01
7.285442948341369629e-01
7.192959785461425781e-01
6.998259425163269043e-01
6.984667181968688965e-01
6.856334209442138672e-01
7.052550315856933594e-01
6.968448758125305176e-01
6.856961250305175781e-01
7.116512656211853027e-01
6.939489841461181641e-01
7.050092816352844238e-01
7.003405690193176270e-01
6.811041831970214844e-01
7.042392492294311523e-01
7.052651643753051758e-01
6.987569332122802734e-01
7.142099142074584961e-01
6.990088820457458496e-01
7.065246105194091797e-01
7.115809321403503418e-01
7.009913921356201172e-01
7.055380940437316895e-01
6.994021534919738770e-01
6.992939710617065430e-01
6.927952170372009277e-01
6.905017495155334473e-01
7.055648565292358398e-01
6.936947703361511230e-01
6.807006597518920898e-01
6.935101151466369629e-01
6.930111050605773926e-01
6.919960379600524902e-01
7.137851715087890625e-01
6.952376961708068848e-01
7.179898023605346680e-01
6.978986859321594238e-01
7.098767757415771484e-01
7.096114754676818848e-01
6.998543143272399902e-01
7.146009206771850586e-01
6.917029023170471191e-01
6.983200311660766602e-01
7.178480625152587891e-01
6.974741220474243164e-01
6.902718544006347656e-01
6.920154690742492676e-01
7.110738754272460938e-01
7.016975879669189453e-01
6.958226561546325684e-01
6.985213160514831543e-01
6.820905208587646484e-01
6.990917325019836426e-01
6.990884542465209961e-01
6.876938939094543457e-01
6.829196810722351074e-01
6.881303787231445312e-01
7.082303762435913086e-01
6.934743523597717285e-01
7.111974358558654785e-01
7.062525749206542969e-01
6.937185525894165039e-01
6.903882026672363281e-01
6.768428087234497070e-01
7.033929824829101562e-01
6.892653703689575195e-01
7.006556987762451172e-01
7.051779031753540039e-01
6.973343491554260254e-01
6.960213184356689453e-01
6.943319439888000488e-01
6.923838853836059570e-01
6.908906698226928711e-01
7.074801325798034668e-01
7.106838226318359375e-01
6.973342895507812500e-01
6.929076910018920898e-01
7.111682891845703125e-01
7.099362611770629883e-01
6.973203420639038086e-01
7.078256607055664062e-01
6.808513402938842773e-01
6.969622373580932617e-01
6.937072277069091797e-01
7.006710767745971680e-01
6.934010386466979980e-01
7.099929451942443848e-01
6.952907443046569824e-01
7.029135823249816895e-01
6.873719692230224609e-01
7.027900815010070801e-01
6.982643008232116699e-01
6.955143809318542480e-01
6.947611570358276367e-01
7.003534436225891113e-01
6.996957063674926758e-01
6.940500140190124512e-01
7.072938680648803711e-01
6.961314082145690918e-01
7.007674574851989746e-01
7.027345895767211914e-01
6.895704865455627441e-01
6.962934136390686035e-01
6.985769271850585938e-01
6.899273395538330078e-01
6.952520608901977539e-01
6.957724094390869141e-01
6.887623071670532227e-01
6.922343373298645020e-01
6.933563351631164551e-01
6.883242130279541016e-01
6.966804862022399902e-01
6.934795379638671875e-01
6.953135728836059570e-01
6.981914639472961426e-01
7.040560245513916016e-01
6.937870383262634277e-01
6.871967911720275879e-01
6.906194686889648438e-01
6.890581250190734863e-01
6.960820555686950684e-01
6.966751813888549805e-01
6.886879205703735352e-01
6.915679574012756348e-01
6.963477730751037598e-01
6.967948675155639648e-01
6.945388317108154297e-01
6.934155821800231934e-01
6.965563297271728516e-01
6.958740353584289551e-01
6.935012340545654297e-01
6.972231268882751465e-01
6.942462325096130371e-01
6.916943192481994629e-01
6.946871876716613770e-01
6.922688484191894531e-01
6.972969770431518555e-01
6.975542902946472168e-01
6.900267601013183594e-01
6.930540800094604492e-01
6.941339969635009766e-01
6.936384439468383789e-01
6.988142728805541992e-01
6.941356062889099121e-01
6.925483942031860352e-01
6.874179840087890625e-01
6.912800669670104980e-01
6.906745433807373047e-01
6.938228607177734375e-01
6.904388666152954102e-01
6.932307481765747070e-01
6.953598856925964355e-01
6.896871924400329590e-01
6.963747739791870117e-01
6.867724061012268066e-01
6.899348497390747070e-01
6.909372806549072266e-01
6.981310844421386719e-01
6.877059340476989746e-01
6.945222616195678711e-01
6.918725371360778809e-01
6.953657269477844238e-01
6.971814632415771484e-01
6.843793988227844238e-01
6.911941766738891602e-01
6.961945295333862305e-01
6.877764463424682617e-01
6.820302605628967285e-01
6.916293501853942871e-01
6.904973387718200684e-01
6.923011541366577148e-01
7.006842494010925293e-01
6.905893087387084961e-01
6.957092881202697754e-01
6.950548887252807617e-01
6.927886009216308594e-01
6.918336153030395508e-01
6.890210509300231934e-01
6.859425306320190430e-01
6.912068128585815430e-01
6.940046548843383789e-01
6.884188652038574219e-01
6.961995363235473633e-01
6.984891891479492188e-01
6.906435489654541016e-01
6.953029632568359375e-01
6.941775083541870117e-01
6.944588422775268555e-01
6.945683956146240234e-01
6.966202259063720703e-01
6.973236799240112305e-01
6.877660155296325684e-01
6.977396607398986816e-01
6.969905495643615723e-01
6.913716793060302734e-01
6.916611194610595703e-01
6.960096955299377441e-01
6.911411285400390625e-01
6.954265832901000977e-01
6.927128434181213379e-01
6.927974820137023926e-01
6.992550492286682129e-01
6.964156627655029297e-01
6.981663703918457031e-01
6.900005936622619629e-01
6.970257163047790527e-01
6.905517578125000000e-01
6.923173666000366211e-01
6.910759806632995605e-01
6.943647861480712891e-01
6.951977610588073730e-01
6.940546631813049316e-01
6.964741349220275879e-01
6.966164112091064453e-01
6.922279000282287598e-01
6.947547197341918945e-01
6.916853785514831543e-01
6.954062581062316895e-01
6.965451240539550781e-01
6.934714317321777344e-01
6.937532424926757812e-01
6.976068019866943359e-01
6.932606697082519531e-01
6.975916624069213867e-01
6.930062174797058105e-01
6.866509318351745605e-01
6.912169456481933594e-01
6.954633593559265137e-01
6.954604983329772949e-01
6.868392229080200195e-01
6.932333707809448242e-01
6.941460371017456055e-01
6.912186145782470703e-01
6.901386976242065430e-01
6.915323734283447266e-01
6.932356357574462891e-01
6.931028962135314941e-01
6.971148252487182617e-01
6.918166279792785645e-01
6.946382522583007812e-01
6.936907768249511719e-01
6.908110380172729492e-01
6.923459768295288086e-01
6.974958181381225586e-01
6.882187128067016602e-01
6.931066513061523438e-01
6.944348216056823730e-01
6.912807226181030273e-01
6.940613985061645508e-01
6.924127936363220215e-01
6.929960846900939941e-01
6.962103247642517090e-01
6.960172057151794434e-01
6.945422291755676270e-01
6.963409781455993652e-01
6.906737685203552246e-01
6.942561268806457520e-01
6.897780299186706543e-01
6.926771998405456543e-01
6.892030239105224609e-01
6.970860958099365234e-01
6.929435729980468750e-01
6.985453963279724121e-01
6.940105557441711426e-01
6.907396316528320312e-01
6.949334144592285156e-01
6.850320100784301758e-01
6.978397369384765625e-01
6.980100870132446289e-01
6.919744014739990234e-01
6.933673620223999023e-01
6.879211068153381348e-01
6.925700902938842773e-01
6.948901414871215820e-01
6.904933452606201172e-01
6.870349049568176270e-01
6.841595172882080078e-01
6.899220943450927734e-01
6.949654817581176758e-01
6.932507753372192383e-01
6.906339526176452637e-01
6.966619491577148438e-01
6.873278021812438965e-01
6.944471001625061035e-01
6.905520558357238770e-01
6.947237253189086914e-01
6.973184347152709961e-01
6.892879605293273926e-01
6.892204880714416504e-01
6.950906515121459961e-01
6.924061179161071777e-01
6.907092332839965820e-01
6.942186355590820312e-01
6.934183835983276367e-01
7.003953456878662109e-01
6.943847537040710449e-01
6.902059316635131836e-01
6.901415586471557617e-01
6.899030804634094238e-01
6.955336332321166992e-01
6.970793604850769043e-01
6.930735111236572266e-01
6.914635896682739258e-01
6.965831518173217773e-01
6.909636259078979492e-01
6.949787139892578125e-01
6.872504353523254395e-01
6.937900185585021973e-01
6.935392022132873535e-01
6.942932605743408203e-01
6.914358735084533691e-01
6.902951598167419434e-01
6.941694021224975586e-01
6.864360570907592773e-01
6.885735988616943359e-01
6.899678111076354980e-01
6.937739849090576172e-01
6.937615275382995605e-01
6.925827264785766602e-01
6.879754662513732910e-01
6.960445642471313477e-01
6.835746169090270996e-01
6.971224546432495117e-01
6.907745003700256348e-01
6.893820762634277344e-01
6.929925084114074707e-01
6.930432915687561035e-01
6.849730014801025391e-01
6.899320483207702637e-01
6.883267164230346680e-01
6.897137761116027832e-01
6.892269849777221680e-01
6.917042732238769531e-01
6.953664422035217285e-01
6.895391941070556641e-01
6.878315806388854980e-01
6.969452500343322754e-01
6.857270598411560059e-01
6.940042972564697266e-01
6.980378627777099609e-01
6.926956176757812500e-01
6.908356547355651855e-01
6.907896399497985840e-01
6.892150640487670898e-01
6.913017630577087402e-01
6.949260830879211426e-01
6.898988485336303711e-01
6.952553391456604004e-01
6.954926848411560059e-01
6.902728676795959473e-01
6.998829245567321777e-01
6.916453838348388672e-01
6.897166371345520020e-01
6.922954320907592773e-01
6.945093870162963867e-01
6.934741735458374023e-01
6.923792958259582520e-01
6.950117349624633789e-01
6.987135410308837891e-01
6.927661895751953125e-01
6.960191130638122559e-01
6.922804713249206543e-01
6.923491358757019043e-01
6.851155161857604980e-01
6.881332397460937500e-01
6.949789524078369141e-01
6.942396759986877441e-01
6.909685134887695312e-01
6.874421834945678711e-01
6.917499899864196777e-01
6.958456039428710938e-01
6.939542293548583984e-01
6.974399089813232422e-01
6.903812885284423828e-01
6.925391554832458496e-01
6.874870657920837402e-01
6.928135752677917480e-01
6.905193924903869629e-01
6.890724897384643555e-01
6.927932500839233398e-01
6.915671825408935547e-01
6.972428560256958008e-01
6.924274563789367676e-01
6.990945935249328613e-01
6.874102354049682617e-01
6.896958351135253906e-01
6.920993328094482422e-01
6.939867138862609863e-01
6.922283768653869629e-01
6.925751566886901855e-01
6.926640272140502930e-01
6.918238997459411621e-01
6.901400089263916016e-01
6.911749243736267090e-01
6.954916119575500488e-01
6.874698400497436523e-01
6.879758834838867188e-01
6.890102624893188477e-01
6.916680335998535156e-01
6.887369751930236816e-01
6.939684152603149414e-01
6.891756653785705566e-01
6.893889904022216797e-01
6.875247955322265625e-01
6.949048638343811035e-01
6.889364719390869141e-01
6.921598315238952637e-01
6.984611153602600098e-01
6.882809400558471680e-01
6.972250938415527344e-01
6.927329301834106445e-01
6.972917914390563965e-01
6.925237774848937988e-01
6.907368302345275879e-01
6.873995661735534668e-01
6.875411272048950195e-01
6.969250440597534180e-01
6.795378327369689941e-01
6.902238726615905762e-01
6.941877603530883789e-01
6.904294490814208984e-01
6.996153593063354492e-01
6.889523267745971680e-01
6.919116973876953125e-01
6.952537298202514648e-01
6.914911866188049316e-01
6.915079355239868164e-01
6.845834255218505859e-01
6.874099969863891602e-01
6.960006952285766602e-01
6.949731707572937012e-01
6.944493055343627930e-01
6.963320970535278320e-01
6.877740621566772461e-01
6.948984265327453613e-01
6.935546398162841797e-01
6.964218616485595703e-01
6.949598193168640137e-01
6.867825388908386230e-01
6.972085237503051758e-01
6.915414929389953613e-01
6.897315979003906250e-01
6.877601742744445801e-01
6.931676864624023438e-01
6.881391406059265137e-01
6.928604841232299805e-01
6.922608613967895508e-01
6.956540942192077637e-01
6.904044151306152344e-01
6.919629573822021484e-01
6.939697265625000000e-01
6.919611692428588867e-01
6.926407217979431152e-01
6.872953772544860840e-01
6.884767413139343262e-01
6.962264776229858398e-01
6.900607347488403320e-01
6.931712627410888672e-01
6.992893218994140625e-01
6.930842995643615723e-01
6.923732757568359375e-01
6.898920536041259766e-01
6.988999247550964355e-01
6.907336115837097168e-01
6.944066882133483887e-01
6.958786845207214355e-01
6.911466121673583984e-01
6.896757483482360840e-01
6.889201402664184570e-01
6.898741722106933594e-01
6.981893181800842285e-01
7.004475593566894531e-01
6.847388148307800293e-01
6.899553537368774414e-01
6.901028752326965332e-01
6.952895522117614746e-01
6.821717023849487305e-01
6.977838277816772461e-01
6.913326978683471680e-01
6.974475979804992676e-01
6.916059255599975586e-01
6.977406740188598633e-01
6.965003609657287598e-01
6.938322186470031738e-01
6.846044659614562988e-01
6.922720074653625488e-01
6.871685385704040527e-01
6.877548694610595703e-01
6.896637678146362305e-01
6.995149254798889160e-01
6.921881437301635742e-01
6.882894039154052734e-01
6.909546256065368652e-01
6.916120052337646484e-01
6.949651837348937988e-01
6.954368352890014648e-01
6.950021982192993164e-01
6.921463608741760254e-01
6.906070709228515625e-01
6.948512792587280273e-01
6.888172030448913574e-01
6.971163749694824219e-01
6.904228329658508301e-01
6.915516853332519531e-01
6.886574625968933105e-01
6.842747926712036133e-01
6.899642348289489746e-01
6.897670626640319824e-01
6.965297460556030273e-01
6.948059797286987305e-01
6.948769092559814453e-01
6.856280565261840820e-01
6.873404383659362793e-01
6.923247575759887695e-01
6.911509037017822266e-01
6.896964311599731445e-01
6.913877129554748535e-01
6.882111430168151855e-01
6.886802911758422852e-01
6.913574934005737305e-01
6.941277980804443359e-01
6.886479854583740234e-01
7.009065747261047363e-01
6.906748414039611816e-01
6.921498179435729980e-01
6.932814121246337891e-01
6.928526163101196289e-01
6.971069574356079102e-01
6.900129318237304688e-01
6.984732151031494141e-01
6.919937729835510254e-01
6.933562159538269043e-01
6.903199553489685059e-01
6.902923583984375000e-01
6.854335069656372070e-01
6.954612731933593750e-01
6.876579523086547852e-01
6.970819830894470215e-01
6.956413984298706055e-01
6.874179244041442871e-01
6.950500011444091797e-01
6.890649795532226562e-01
6.918269395828247070e-01
6.864435076713562012e-01
6.924932003021240234e-01
6.873372793197631836e-01
6.960954666137695312e-01
6.972385644912719727e-01
6.886155605316162109e-01
6.916604042053222656e-01
6.872165799140930176e-01
6.976175308227539062e-01
6.932126283645629883e-01
6.894657015800476074e-01
6.930683851242065430e-01
6.905571818351745605e-01
6.952024698257446289e-01
6.925207376480102539e-01
6.951730251312255859e-01
6.913223862648010254e-01
6.933997273445129395e-01
6.993600130081176758e-01
6.834932565689086914e-01
6.853980422019958496e-01
6.934739351272583008e-01
6.890639066696166992e-01
6.944152116775512695e-01
6.988674998283386230e-01
6.943410038948059082e-01
6.909254789352416992e-01
6.912435293197631836e-01
6.929674744606018066e-01
6.915692090988159180e-01
6.946869492530822754e-01
6.934676170349121094e-01
6.899041533470153809e-01
6.873801946640014648e-01
6.869813203811645508e-01
6.901898384094238281e-01
6.910172700881958008e-01
6.882181763648986816e-01
6.871178746223449707e-01
6.861169338226318359e-01
6.909701824188232422e-01
6.837328672409057617e-01
6.912022233009338379e-01
6.948124170303344727e-01
6.900587081909179688e-01
6.956166625022888184e-01
6.858566403388977051e-01
6.919980049133300781e-01
6.922650933265686035e-01
6.959530711174011230e-01
6.950446963310241699e-01
6.934855580329895020e-01
6.929038763046264648e-01
6.910566091537475586e-01
6.932318806648254395e-01
6.904666423797607422e-01
6.874306201934814453e-01
6.844827532768249512e-01
6.912429928779602051e-01
6.952147483825683594e-01
6.879612207412719727e-01
6.838903427124023438e-01
6.846340894699096680e-01
7.015044093132019043e-01
6.915181875228881836e-01
6.860848665237426758e-01
6.908144950866699219e-01
6.912740468978881836e-01
6.932460069656372070e-01
6.903600692749023438e-01
6.905954480171203613e-01
6.995030045509338379e-01
6.870623826980590820e-01
6.833074688911437988e-01
6.980773210525512695e-01
6.869853734970092773e-01
6.888169646263122559e-01
6.948559880256652832e-01
6.966576576232910156e-01
6.962307095527648926e-01
6.915064454078674316e-01
6.865511536598205566e-01
6.916366815567016602e-01
6.881487965583801270e-01
6.892123222351074219e-01
6.911202669143676758e-01
6.866355538368225098e-01
6.854761242866516113e-01
6.863256096839904785e-01
6.968014240264892578e-01
7.003575563430786133e-01
6.914613246917724609e-01
6.915307044982910156e-01
6.914335489273071289e-01
6.960110664367675781e-01
6.962702274322509766e-01
6.926917433738708496e-01
6.879397630691528320e-01
6.931487321853637695e-01
6.939851045608520508e-01
6.877589225769042969e-01
6.930179595947265625e-01
6.967300176620483398e-01
6.933288574218750000e-01
6.860879063606262207e-01
6.945980787277221680e-01
6.900922060012817383e-01
6.869027614593505859e-01
6.894352436065673828e-01
6.815824508666992188e-01
6.852005720138549805e-01
6.949071884155273438e-01
6.922029256820678711e-01
6.883319020271301270e-01
6.900517940521240234e-01
6.928738355636596680e-01
6.927317380905151367e-01
6.864951252937316895e-01
7.022151947021484375e-01
6.906693577766418457e-01
6.900612711906433105e-01
6.922129392623901367e-01
6.856793165206909180e-01
6.907995939254760742e-01
6.961671113967895508e-01
6.865739226341247559e-01
6.953142285346984863e-01
6.883264183998107910e-01
6.809124946594238281e-01
6.921784877777099609e-01
6.958503723144531250e-01
6.900446414947509766e-01
6.857500672340393066e-01
6.991461515426635742e-01
6.948825120925903320e-01
6.917415857315063477e-01
6.851764917373657227e-01
6.923220753669738770e-01
6.867339015007019043e-01
6.863042712211608887e-01
6.884703636169433594e-01
6.929429769515991211e-01
6.857962012290954590e-01
6.839105486869812012e-01
6.874467134475708008e-01
7.015325427055358887e-01
6.939259767532348633e-01
6.897699832916259766e-01
6.870452761650085449e-01
6.908531188964843750e-01
6.894212961196899414e-01
6.920097470283508301e-01
6.950985193252563477e-01
6.870033740997314453e-01
6.941792964935302734e-01
6.892187595367431641e-01
6.886900663375854492e-01
6.887880563735961914e-01
6.987498998641967773e-01
6.840605735778808594e-01
6.916252374649047852e-01
6.874821186065673828e-01
6.816420555114746094e-01
6.972816586494445801e-01
6.927986145019531250e-01
6.950827836990356445e-01
6.999977827072143555e-01
6.898924708366394043e-01
6.914761066436767578e-01
6.931579709053039551e-01
6.820439100265502930e-01
6.933455467224121094e-01
6.870862841606140137e-01
7.015794515609741211e-01
6.869929432868957520e-01
6.783334612846374512e-01
6.944954991340637207e-01
6.864635348320007324e-01
6.905973553657531738e-01
6.960917711257934570e-01
6.883175373077392578e-01
7.027804851531982422e-01
6.925953030586242676e-01
6.840257644653320312e-01
6.886326670646667480e-01
6.972975730895996094e-01
6.932831406593322754e-01
6.966766715049743652e-01
6.929566860198974609e-01
6.917125582695007324e-01
6.944589018821716309e-01
6.886361837387084961e-01
6.854993700981140137e-01
6.855628490447998047e-01
6.933771371841430664e-01
6.953396201133728027e-01
6.779816150665283203e-01
6.962199807167053223e-01
6.940115690231323242e-01
6.992945075035095215e-01
6.858834028244018555e-01
6.823628544807434082e-01
6.835834383964538574e-01
6.948454380035400391e-01
6.894575953483581543e-01
7.091029882431030273e-01
6.914945244789123535e-01
6.924976706504821777e-01
6.875524520874023438e-01
6.901792287826538086e-01
6.948734521865844727e-01
6.926925182342529297e-01
6.846687197685241699e-01
6.861065030097961426e-01
6.874579787254333496e-01
6.839658021926879883e-01
6.877880096435546875e-01
6.902177333831787109e-01
6.920954585075378418e-01
6.948315501213073730e-01
6.950645446777343750e-01
6.972385048866271973e-01
6.923666000366210938e-01
6.923084259033203125e-01
6.821709871292114258e-01
6.938449740409851074e-01
6.904203295707702637e-01
6.828692555427551270e-01
6.917687654495239258e-01
6.910297274589538574e-01
6.878799200057983398e-01
6.934682130813598633e-01
6.892306804656982422e-01
6.934741735458374023e-01
7.019668817520141602e-01
6.869630217552185059e-01
6.777892708778381348e-01
6.893406510353088379e-01
6.976388692855834961e-01
6.817480325698852539e-01
6.962252259254455566e-01
6.910337209701538086e-01
6.969072222709655762e-01
7.008680105209350586e-01
6.954266428947448730e-01
6.959053874015808105e-01
6.993558406829833984e-01
6.895309686660766602e-01
6.902244091033935547e-01
6.898249387741088867e-01
6.968290805816650391e-01
6.871504783630371094e-01
7.009140253067016602e-01
6.893362402915954590e-01
6.966204643249511719e-01
6.901877522468566895e-01
6.930942535400390625e-01
6.947851777076721191e-01
6.809900403022766113e-01
6.953537464141845703e-01
6.879076957702636719e-01
6.925810575485229492e-01
6.988893151283264160e-01
6.890847086906433105e-01
6.911283135414123535e-01
6.904680728912353516e-01
6.859837770462036133e-01
6.900329589843750000e-01
6.887276768684387207e-01
6.962764859199523926e-01
6.843621730804443359e-01
6.892848014831542969e-01
6.893543004989624023e-01
6.913417577743530273e-01
6.900991797447204590e-01
6.851375102996826172e-01
6.974306702613830566e-01
6.973450779914855957e-01
6.938233971595764160e-01
6.952382922172546387e-01
6.959760189056396484e-01
6.887010335922241211e-01
6.906999945640563965e-01
6.871320605278015137e-01
6.805108785629272461e-01
6.913414597511291504e-01
6.839402914047241211e-01
6.809088587760925293e-01
6.926772594451904297e-01
6.929730772972106934e-01
6.910344362258911133e-01
6.931300163269042969e-01
6.967177391052246094e-01
6.980287432670593262e-01
6.977084875106811523e-01
6.919065117835998535e-01
6.896517872810363770e-01
6.887981295585632324e-01
6.953094005584716797e-01
6.897089481353759766e-01
6.828963756561279297e-01
6.900500059127807617e-01
6.961354017257690430e-01
6.903364062309265137e-01
6.907528042793273926e-01
6.861705780029296875e-01
6.884177327156066895e-01
6.878951787948608398e-01
6.893466711044311523e-01
6.957339644432067871e-01
6.926119923591613770e-01
6.822257041931152344e-01
6.936838626861572266e-01
6.924724578857421875e-01
6.944792866706848145e-01
6.854823827743530273e-01
6.915649771690368652e-01
6.869170665740966797e-01
6.919485926628112793e-01
6.913676261901855469e-01
6.938514709472656250e-01
6.874341368675231934e-01
6.855512857437133789e-01
6.796537637710571289e-01
6.971634030342102051e-01
6.991592645645141602e-01
6.862361431121826172e-01
6.927617788314819336e-01
6.885351538658142090e-01
6.972374916076660156e-01
6.838511228561401367e-01
6.876049041748046875e-01
6.917288303375244141e-01
7.018215060234069824e-01
6.861825585365295410e-01
6.932930946350097656e-01
6.932491660118103027e-01
6.927377581596374512e-01
6.884434819221496582e-01
6.917316317558288574e-01
6.851323843002319336e-01
6.916608810424804688e-01
6.920416355133056641e-01
6.850731372833251953e-01
6.827921867370605469e-01
6.930499076843261719e-01
6.804234981536865234e-01
6.906567811965942383e-01
6.971791386604309082e-01
6.909837722778320312e-01
6.838058233261108398e-01
6.877902746200561523e-01
6.923676729202270508e-01
6.902735829353332520e-01
6.899065971374511719e-01
6.888756155967712402e-01
6.966931819915771484e-01
6.905266046524047852e-01
7.013925909996032715e-01
6.871001124382019043e-01
6.873763799667358398e-01
6.875395178794860840e-01
6.938662528991699219e-01
6.861903667449951172e-01
6.871185898780822754e-01
6.921830177307128906e-01
6.807427406311035156e-01
6.851012706756591797e-01
6.936690807342529297e-01
7.002517580986022949e-01
6.943454742431640625e-01
6.822290420532226562e-01
6.836243271827697754e-01
6.912251710891723633e-01
6.958136558532714844e-01
6.978941559791564941e-01
6.953916549682617188e-01
6.931104660034179688e-01
6.919423937797546387e-01
6.897853016853332520e-01
6.910148859024047852e-01
6.855199337005615234e-01
6.908613443374633789e-01
6.987582445144653320e-01
6.923768520355224609e-01
6.982306838035583496e-01
6.902434825897216797e-01
6.946573257446289062e-01
6.932182312011718750e-01
6.970620155334472656e-01
6.967609524726867676e-01
6.802446246147155762e-01
6.834589242935180664e-01
6.816439628601074219e-01
6.975447535514831543e-01
6.900944709777832031e-01
6.872912049293518066e-01
6.918010711669921875e-01
6.945067048072814941e-01
6.869827508926391602e-01
6.915147304534912109e-01
7.056556344032287598e-01
6.958286762237548828e-01
6.952344179153442383e-01
6.971649527549743652e-01
6.926939487457275391e-01
6.885324120521545410e-01
6.909581422805786133e-01
6.940671205520629883e-01
6.923038959503173828e-01
6.806808710098266602e-01
6.885980963706970215e-01
6.905260682106018066e-01
6.948303580284118652e-01
6.831015348434448242e-01
6.811479926109313965e-01
6.905812025070190430e-01
6.831863522529602051e-01
6.979752182960510254e-01
6.898878216743469238e-01
6.941118240356445312e-01
6.896376609802246094e-01
6.892235279083251953e-01
6.929125189781188965e-01
6.781628131866455078e-01
6.893934011459350586e-01
6.970471143722534180e-01
6.911122798919677734e-01
6.955588459968566895e-01
6.747353672981262207e-01
6.889164447784423828e-01
6.902447938919067383e-01
6.853016614913940430e-01
6.875168085098266602e-01
6.856100559234619141e-01
7.049899697303771973e-01
6.837547421455383301e-01
6.972512006759643555e-01
6.946614384651184082e-01
6.872022747993469238e-01
6.860657930374145508e-01
6.947333812713623047e-01
6.918740272521972656e-01
6.972501873970031738e-01
6.843042373657226562e-01
6.982192993164062500e-01
6.972369551658630371e-01
6.924724578857421875e-01
6.993608474731445312e-01
6.987148523330688477e-01
7.038844823837280273e-01
6.911675930023193359e-01
7.028290629386901855e-01
6.968404054641723633e-01
6.922090053558349609e-01
6.951855421066284180e-01
6.782483458518981934e-01
6.862982511520385742e-01
6.990568637847900391e-01
6.918767690658569336e-01
6.929308176040649414e-01
6.862826347351074219e-01
6.922988891601562500e-01
6.793343424797058105e-01
6.917599439620971680e-01
6.820565462112426758e-01
6.859709024429321289e-01
6.947897672653198242e-01
6.888238191604614258e-01
6.922226548194885254e-01
6.843412518501281738e-01
6.864992976188659668e-01
6.890381574630737305e-01
6.870089769363403320e-01
6.871407628059387207e-01
6.743929386138916016e-01
6.887375116348266602e-01
6.982766389846801758e-01
6.923085451126098633e-01
6.938320398330688477e-01
6.829188466072082520e-01
6.951845884323120117e-01
6.832059621810913086e-01
6.918263435363769531e-01
6.947341561317443848e-01
6.890954375267028809e-01
7.005386352539062500e-01
6.820379495620727539e-01
6.984792947769165039e-01
6.990233659744262695e-01
6.837393641471862793e-01
6.938725113868713379e-01
6.819149851799011230e-01
6.877540349960327148e-01
6.916636824607849121e-01
6.951428055763244629e-01
6.913677453994750977e-01
6.878895759582519531e-01
6.922043561935424805e-01
6.804172396659851074e-01
6.990321278572082520e-01
6.882770657539367676e-01
6.850234270095825195e-01
6.831632256507873535e-01
6.929687261581420898e-01
6.916922330856323242e-01
6.888517141342163086e-01
6.924586296081542969e-01
6.880629062652587891e-01
6.949799060821533203e-01
6.883380413055419922e-01
6.960011720657348633e-01
6.879649758338928223e-01
6.847088336944580078e-01
6.959674954414367676e-01
6.989753842353820801e-01
6.915870904922485352e-01
6.822181344032287598e-01
6.922530531883239746e-01
6.949696540832519531e-01
6.812522411346435547e-01
6.853306293487548828e-01
6.851314306259155273e-01
6.881837248802185059e-01
6.924703121185302734e-01
6.870495080947875977e-01
6.900749206542968750e-01
6.868368983268737793e-01
6.914529800415039062e-01
6.879393458366394043e-01
6.916718482971191406e-01
7.005845308303833008e-01
6.919717192649841309e-01
6.951746940612792969e-01
6.862773299217224121e-01
6.942719817161560059e-01
6.904343962669372559e-01
6.950329542160034180e-01
6.871067285537719727e-01
6.998116970062255859e-01
6.948442459106445312e-01
7.012029886245727539e-01
7.046692371368408203e-01
6.929008960723876953e-01
6.828203201293945312e-01
6.802250742912292480e-01
6.793819069862365723e-01
6.972770690917968750e-01
6.897749900817871094e-01
6.906322240829467773e-01
6.885570883750915527e-01
6.934644579887390137e-01
7.005290389060974121e-01
6.947427392005920410e-01
6.955244541168212891e-01
6.915435791015625000e-01
6.881049275398254395e-01
6.923846006393432617e-01
6.935598850250244141e-01
6.969994306564331055e-01
6.786982417106628418e-01
6.814614534378051758e-01
6.897670030593872070e-01
6.948130130767822266e-01
6.901057958602905273e-01
6.789021492004394531e-01
6.876080036163330078e-01
6.851297616958618164e-01
6.943496465682983398e-01
6.835343837738037109e-01
7.003480195999145508e-01
6.809445619583129883e-01
6.881783604621887207e-01
6.803243160247802734e-01
6.962667703628540039e-01
6.959354877471923828e-01
6.930058598518371582e-01
6.973241567611694336e-01
6.983758211135864258e-01
6.961235404014587402e-01
6.946815848350524902e-01
6.961342096328735352e-01
7.011367678642272949e-01
6.776391267776489258e-01
6.911400556564331055e-01
6.883680820465087891e-01
6.786671876907348633e-01
6.888380646705627441e-01
7.046841979026794434e-01
6.902789473533630371e-01
6.881203651428222656e-01
6.925752162933349609e-01
6.868087649345397949e-01
6.845121979713439941e-01
7.024416327476501465e-01
6.971576809883117676e-01
6.955644488334655762e-01
6.924988031387329102e-01
6.920332908630371094e-01
6.852183341979980469e-01
6.764941215515136719e-01
6.911116838455200195e-01
6.907695531845092773e-01
6.884652376174926758e-01
6.839742064476013184e-01
6.968911290168762207e-01
6.896556019783020020e-01
6.862126588821411133e-01
6.847408413887023926e-01
6.987530589103698730e-01
6.954616904258728027e-01
6.960231065750122070e-01
6.866748332977294922e-01
6.849151253700256348e-01
6.962293982505798340e-01
6.923443078994750977e-01
6.903213858604431152e-01
6.994364261627197266e-01
6.926158666610717773e-01
6.847067475318908691e-01
6.821157336235046387e-01
6.909906864166259766e-01
6.854413747787475586e-01
6.899030208587646484e-01
6.835613250732421875e-01
6.878228783607482910e-01
6.962585449218750000e-01
6.894473433494567871e-01
6.870222091674804688e-01
6.887512207031250000e-01
6.966384053230285645e-01
6.808656454086303711e-01
6.869432330131530762e-01
6.881493330001831055e-01
6.835294961929321289e-01
6.902328729629516602e-01
6.855556964874267578e-01
6.976354718208312988e-01
6.826980710029602051e-01
6.829535365104675293e-01
6.922903060913085938e-01
6.973158121109008789e-01
7.008756399154663086e-01
6.943691372871398926e-01
6.859124302864074707e-01
6.710903644561767578e-01
6.901332139968872070e-01
6.925620436668395996e-01
6.860120892524719238e-01
6.857270598411560059e-01
6.935884952545166016e-01
6.980959773063659668e-01
6.985119581222534180e-01
6.912695765495300293e-01
7.050385475158691406e-01
6.918395757675170898e-01
6.937490105628967285e-01
6.947492361068725586e-01
6.840870976448059082e-01
6.883917450904846191e-01
6.871647238731384277e-01
6.821451783180236816e-01
6.914207935333251953e-01
6.900994181632995605e-01
6.925789117813110352e-01
6.855517029762268066e-01
6.945816874504089355e-01
6.893861293792724609e-01
6.943330764770507812e-01
6.934359073638916016e-01
6.881960630416870117e-01
6.865111589431762695e-01
6.825218796730041504e-01
6.858320832252502441e-01
6.893572211265563965e-01
6.913162469863891602e-01
6.955599784851074219e-01
6.997139453887939453e-01
6.907070279121398926e-01
6.832620501518249512e-01
6.869078874588012695e-01
6.975522041320800781e-01
6.905708312988281250e-01
6.861826181411743164e-01
6.912187933921813965e-01
6.830766201019287109e-01
6.851089596748352051e-01
6.858926415443420410e-01
7.099305987358093262e-01
6.806929707527160645e-01
6.967245340347290039e-01
6.961506605148315430e-01
6.832270026206970215e-01
6.946002840995788574e-01
6.806902885437011719e-01
6.812153458595275879e-01
6.906723380088806152e-01
6.901904940605163574e-01
6.930133104324340820e-01
6.918407082557678223e-01
6.943284273147583008e-01
6.840038895606994629e-01
6.871504187583923340e-01
6.975471377372741699e-01
6.902092695236206055e-01
6.993958353996276855e-01
6.868551969528198242e-01
6.865119934082031250e-01
6.898789405822753906e-01
6.912000179290771484e-01
6.898046135902404785e-01
6.911335587501525879e-01
6.879328489303588867e-01
6.913565397262573242e-01
6.946735382080078125e-01
6.988344192504882812e-01
6.880331635475158691e-01
6.944403052330017090e-01
6.832034587860107422e-01
6.834405064582824707e-01
6.892276406288146973e-01
6.915399432182312012e-01
6.908847093582153320e-01
6.941353678703308105e-01
6.884204149246215820e-01
6.936129927635192871e-01
6.856693029403686523e-01
6.855796575546264648e-01
6.889165639877319336e-01
6.848345398902893066e-01
6.921495795249938965e-01
7.038822770118713379e-01
6.837058663368225098e-01
6.950759887695312500e-01
6.982275247573852539e-01
6.904914379119873047e-01
7.053712010383605957e-01
6.963740587234497070e-01
6.918173432350158691e-01
6.780911684036254883e-01
6.839841604232788086e-01
6.966595053672790527e-01
6.906386613845825195e-01
6.923775076866149902e-01
6.925420761108398438e-01
6.842193603515625000e-01
6.986659169197082520e-01
6.875557303428649902e-01
6.828627586364746094e-01
6.808881163597106934e-01
6.880267858505249023e-01
6.956288814544677734e-01
6.877982020378112793e-01
6.959393620491027832e-01
6.934322118759155273e-01
6.825968027114868164e-01
6.951897144317626953e-01
6.849696040153503418e-01
6.851343512535095215e-01
6.958438158035278320e-01
6.834998130798339844e-01
6.885771751403808594e-01
7.032946944236755371e-01
6.844474673271179199e-01
6.865055561065673828e-01
6.895905733108520508e-01
6.967347264289855957e-01
6.846966743469238281e-01
6.786208152770996094e-01
6.868177056312561035e-01
6.933106184005737305e-01
6.692553162574768066e-01
6.916154623031616211e-01
6.937879323959350586e-01
7.016676664352416992e-01
6.851803660392761230e-01
7.013930678367614746e-01
6.868197321891784668e-01
6.854721307754516602e-01
6.748228669166564941e-01
6.968551278114318848e-01
6.844727396965026855e-01
7.005324363708496094e-01
7.039143443107604980e-01
6.972993612289428711e-01
6.895779371261596680e-01
6.864581704139709473e-01
6.828148365020751953e-01
6.940641403198242188e-01
6.935795545578002930e-01
6.919625997543334961e-01
6.909580230712890625e-01
6.996113657951354980e-01
6.791689395904541016e-01
6.953147649765014648e-01
6.933369636535644531e-01
6.920219063758850098e-01
6.821444034576416016e-01
6.873518824577331543e-01
6.905781030654907227e-01
6.848378777503967285e-01
6.863445043563842773e-01
6.897951960563659668e-01
6.922603845596313477e-01
6.870492100715637207e-01
6.916761398315429688e-01
6.915954351425170898e-01
6.931460499763488770e-01
6.937838196754455566e-01
6.891492605209350586e-01
6.901624798774719238e-01
6.919171214103698730e-01
7.050721049308776855e-01
6.880988478660583496e-01
7.083551883697509766e-01
6.879310011863708496e-01
6.828001141548156738e-01
6.888611912727355957e-01
6.953859329223632812e-01
6.949003338813781738e-01
6.961640715599060059e-01
6.868362426757812500e-01
6.881211996078491211e-01
6.760345697402954102e-01
6.834748387336730957e-01
6.965209245681762695e-01
6.891519427299499512e-01
6.899050474166870117e-01
6.817100048065185547e-01
6.894109845161437988e-01
6.830857396125793457e-01
6.879624724388122559e-01
6.961667537689208984e-01
6.838114857673645020e-01
6.722210645675659180e-01
6.930015087127685547e-01
6.942620873451232910e-01
7.026419639587402344e-01
6.850059628486633301e-01
6.897663474082946777e-01
6.870697736740112305e-01
6.816345453262329102e-01
6.825634837150573730e-01
6.817561388015747070e-01
6.834354996681213379e-01
6.952943801879882812e-01
6.819325685501098633e-01
6.753662824630737305e-01
6.991212368011474609e-01
6.931466460227966309e-01
6.884359121322631836e-01
6.892628669738769531e-01
6.895254850387573242e-01
6.980168223381042480e-01
6.945444941520690918e-01
7.023420929908752441e-01
6.841487288475036621e-01
6.920680403709411621e-01
6.828596591949462891e-01
6.922361850738525391e-01
6.961127519607543945e-01
6.844350695610046387e-01
6.810379028320312500e-01
6.824218034744262695e-01
6.922658681869506836e-01
6.948441267013549805e-01
7.015840411186218262e-01
6.864679455757141113e-01
6.897794008255004883e-01
6.903841495513916016e-01
6.842103004455566406e-01
6.784707903861999512e-01
6.766887307167053223e-01
6.801034212112426758e-01
6.905766725540161133e-01
6.821081638336181641e-01
6.931757926940917969e-01
6.977920532226562500e-01
6.809328198432922363e-01
6.885339021682739258e-01
6.923875808715820312e-01
6.872801184654235840e-01
6.895567774772644043e-01
6.790669560432434082e-01
6.890835762023925781e-01
6.864902973175048828e-01
6.887203454971313477e-01
6.991174221038818359e-01
6.941366195678710938e-01
6.987339258193969727e-01
7.043899297714233398e-01
6.912152171134948730e-01
6.878460645675659180e-01
6.836242675781250000e-01
6.831580996513366699e-01
6.937717795372009277e-01
6.966001391410827637e-01
6.931397914886474609e-01
6.789299249649047852e-01
6.891928315162658691e-01
6.849069595336914062e-01
6.991386413574218750e-01
6.858899593353271484e-01
6.969863176345825195e-01
6.945295333862304688e-01
6.807872653007507324e-01
6.935969591140747070e-01
6.791521906852722168e-01
6.820811629295349121e-01
6.883020401000976562e-01
7.044409513473510742e-01
6.887992024421691895e-01
6.922689676284790039e-01
6.891559958457946777e-01
6.876139640808105469e-01
6.912837624549865723e-01
6.972414255142211914e-01
6.911775469779968262e-01
6.936118602752685547e-01
6.890513896942138672e-01
6.842262148857116699e-01
6.914365291595458984e-01
6.852403879165649414e-01
7.108685374259948730e-01
6.931174993515014648e-01
6.874552965164184570e-01
6.884854435920715332e-01
6.805778741836547852e-01
7.002103924751281738e-01
6.807321310043334961e-01
6.978663802146911621e-01
6.850740909576416016e-01
6.955326199531555176e-01
6.750552654266357422e-01
6.925451159477233887e-01
6.883984208106994629e-01
6.824268698692321777e-01
6.896503567695617676e-01
6.876711845397949219e-01
6.890188455581665039e-01
6.908922791481018066e-01
7.031497359275817871e-01
6.898047924041748047e-01
6.895101666450500488e-01
6.947022080421447754e-01
6.813302636146545410e-01
6.875153779983520508e-01
6.914270520210266113e-01
6.964191198348999023e-01
6.964280009269714355e-01
6.890342831611633301e-01
6.694185733795166016e-01
7.005343437194824219e-01
6.900240778923034668e-01
6.883228421211242676e-01
6.910355091094970703e-01
6.927787065505981445e-01
6.842547655105590820e-01
6.932878494262695312e-01
6.854799985885620117e-01
6.844349503517150879e-01
6.977913379669189453e-01
6.990373134613037109e-01
6.869635581970214844e-01
6.949774026870727539e-01
6.831108927726745605e-01
6.982838511466979980e-01
6.982846856117248535e-01
6.839520931243896484e-01
7.024257779121398926e-01
6.965671777725219727e-01
6.847456693649291992e-01
6.959524154663085938e-01
6.899673342704772949e-01
6.945540904998779297e-01
6.829705238342285156e-01
6.884623765945434570e-01
6.976436376571655273e-01
7.001403570175170898e-01
7.012615799903869629e-01
6.909980177879333496e-01
6.928805708885192871e-01
6.887859106063842773e-01
6.834005713462829590e-01
6.904567480087280273e-01
6.847012639045715332e-01
6.834648847579956055e-01
6.885455250740051270e-01
6.872898340225219727e-01
6.831151843070983887e-01
6.845165491104125977e-01
6.860716342926025391e-01
6.969087123870849609e-01
6.754131913185119629e-01
6.881905794143676758e-01
6.789368987083435059e-01
6.913402676582336426e-01
6.803592443466186523e-01
6.919582486152648926e-01
6.841785907745361328e-01
6.970850825309753418e-01
6.940218210220336914e-01
6.897550821304321289e-01
6.935856342315673828e-01
6.825459599494934082e-01
7.001253366470336914e-01
6.904302835464477539e-01
6.852507591247558594e-01
6.906386017799377441e-01
6.982392072677612305e-01
6.973793506622314453e-01
6.843989491462707520e-01
6.769220232963562012e-01
6.950547695159912109e-01
6.874696016311645508e-01
6.798934936523437500e-01
7.022978067398071289e-01
6.982098817825317383e-01
6.902902722358703613e-01
6.860672831535339355e-01
7.087478041648864746e-01
6.962457895278930664e-01
6.938206553459167480e-01
6.905196905136108398e-01
6.840889453887939453e-01
6.817544698715209961e-01
6.984518766403198242e-01
6.904609799385070801e-01
6.942840814590454102e-01
6.854981780052185059e-01
6.853097677230834961e-01
6.924610137939453125e-01
6.837096214294433594e-01
6.763479709625244141e-01
6.929086446762084961e-01
7.009467482566833496e-01
6.893896460533142090e-01
6.897011995315551758e-01
6.911236643791198730e-01
6.947580575942993164e-01
6.907162666320800781e-01
6.952786445617675781e-01
6.918257474899291992e-01
6.872673630714416504e-01
6.922245621681213379e-01
6.963542103767395020e-01
6.920361518859863281e-01
6.781764030456542969e-01
6.804339885711669922e-01
6.852812170982360840e-01
6.858422756195068359e-01
6.899020671844482422e-01
6.999652981758117676e-01
6.820217370986938477e-01
6.805822253227233887e-01
6.929327249526977539e-01
6.953035593032836914e-01
6.898747682571411133e-01
6.960337758064270020e-01
6.858444213867187500e-01
6.852216720581054688e-01
6.922987699508666992e-01
6.723485589027404785e-01
6.970795392990112305e-01
6.883202791213989258e-01
6.968109011650085449e-01
6.919536590576171875e-01
6.863220930099487305e-01
6.944782137870788574e-01
6.956445574760437012e-01
6.899726390838623047e-01
6.967364549636840820e-01
6.999999880790710449e-01
6.937932372093200684e-01
6.759753227233886719e-01
6.873393654823303223e-01
6.886672377586364746e-01
6.953260302543640137e-01
6.826158165931701660e-01
6.805415153503417969e-01
6.910248994827270508e-01
6.911109685897827148e-01
6.922153234481811523e-01
6.839718222618103027e-01
6.881973743438720703e-01
6.895886063575744629e-01
6.905016303062438965e-01
6.981443166732788086e-01
6.799091100692749023e-01
6.962620019912719727e-01
7.082565426826477051e-01
6.960822939872741699e-01
6.754878759384155273e-01
6.898591518402099609e-01
6.879597902297973633e-01
6.990786790847778320e-01
6.921697854995727539e-01
6.780432462692260742e-01
6.849573254585266113e-01
6.928420066833496094e-01
7.067189812660217285e-01
6.961382031440734863e-01
6.925029158592224121e-01
6.891224384307861328e-01
6.886688470840454102e-01
6.966910362243652344e-01
6.868999004364013672e-01
6.900523900985717773e-01
6.854743361473083496e-01
6.978451609611511230e-01
6.876603364944458008e-01
6.989089250564575195e-01
6.742813587188720703e-01
6.852853298187255859e-01
6.937962770462036133e-01
6.972751021385192871e-01
6.912588477134704590e-01
6.880062818527221680e-01
6.904912590980529785e-01
6.909739375114440918e-01
6.870923042297363281e-01
6.801172494888305664e-01
6.846020221710205078e-01
6.928791999816894531e-01
6.955814957618713379e-01
6.846639513969421387e-01
6.985877156257629395e-01
6.986309885978698730e-01
6.770132780075073242e-01
6.878718137741088867e-01
6.953496932983398438e-01
6.950841546058654785e-01
6.837012767791748047e-01
6.922022700309753418e-01
6.786718368530273438e-01
6.917241215705871582e-01
6.789801120758056641e-01
6.928542852401733398e-01
6.940423250198364258e-01
6.812962889671325684e-01
6.821807622909545898e-01
6.840438246726989746e-01
7.030644416809082031e-01
6.837707161903381348e-01
6.852896809577941895e-01
6.946557164192199707e-01
6.891795396804809570e-01
6.961119174957275391e-01
6.945475339889526367e-01
6.957022547721862793e-01
6.779997944831848145e-01
6.747816801071166992e-01
6.806648969650268555e-01
6.826998591423034668e-01
6.947237253189086914e-01
6.936091780662536621e-01
6.879932284355163574e-01
6.913275718688964844e-01
6.905181407928466797e-01
6.989153623580932617e-01
6.875903606414794922e-01
6.977792382240295410e-01
6.833974123001098633e-01
6.867692470550537109e-01
6.906921267509460449e-01
6.916478872299194336e-01
7.009075880050659180e-01
6.932007670402526855e-01
6.972922682762145996e-01
6.960183382034301758e-01
7.005600333213806152e-01
6.820100545883178711e-01
6.865625381469726562e-01
7.054631710052490234e-01
6.820409297943115234e-01
6.828141808509826660e-01
6.929178237915039062e-01
6.856409907341003418e-01
6.829417943954467773e-01
6.892169713973999023e-01
6.785815954208374023e-01
6.947098374366760254e-01
6.897797584533691406e-01
6.868589520454406738e-01
6.821886301040649414e-01
6.907611489295959473e-01
6.901711225509643555e-01
6.949910521507263184e-01
6.939033865928649902e-01
6.960542798042297363e-01
6.893708705902099609e-01
6.954222917556762695e-01
6.999971270561218262e-01
6.906486153602600098e-01
6.931518912315368652e-01
6.973096132278442383e-01
6.930547952651977539e-01
6.904411911964416504e-01
6.906315684318542480e-01
6.902366876602172852e-01
6.870639324188232422e-01
6.910048127174377441e-01
6.826412081718444824e-01
6.915524005889892578e-01
6.932486295700073242e-01
6.889770030975341797e-01
6.892147660255432129e-01
6.834138631820678711e-01
6.977683305740356445e-01
6.777439117431640625e-01
6.889061927795410156e-01
6.989957094192504883e-01
6.860970854759216309e-01
6.838654875755310059e-01
6.861988306045532227e-01
6.945726275444030762e-01
6.848029494285583496e-01
6.946567296981811523e-01
6.862087249755859375e-01
6.860729455947875977e-01
6.883848905563354492e-01
6.818057298660278320e-01
6.947901844978332520e-01
6.997809410095214844e-01
6.795250773429870605e-01
6.896703243255615234e-01
6.839829683303833008e-01
6.818293333053588867e-01
6.857331395149230957e-01
6.842945814132690430e-01
6.919883489608764648e-01
6.911458373069763184e-01
6.805801391601562500e-01
6.784601211547851562e-01
6.971046924591064453e-01
6.911770701408386230e-01
6.813993453979492188e-01
6.891058087348937988e-01
6.863262653350830078e-01
6.848539113998413086e-01
6.876929402351379395e-01
6.887533068656921387e-01
6.882446408271789551e-01
6.898549199104309082e-01
6.978511810302734375e-01
6.969039440155029297e-01
6.853137016296386719e-01
6.892622709274291992e-01
6.917014718055725098e-01
6.986765265464782715e-01
6.828034520149230957e-01
6.979904174804687500e-01
6.876800060272216797e-01
6.861402392387390137e-01
6.958065032958984375e-01
6.801394224166870117e-01
6.869593262672424316e-01
6.871162652969360352e-01
6.873096823692321777e-01
6.979488134384155273e-01
6.839111447334289551e-01
6.904479861259460449e-01
6.895730495452880859e-01
7.080384492874145508e-01
6.898501515388488770e-01
6.758092045783996582e-01
6.942681074142456055e-01
6.909761428833007812e-01
7.033362388610839844e-01
7.005708217620849609e-01
6.871374845504760742e-01
6.874521374702453613e-01
6.969572901725769043e-01
6.938570737838745117e-01
6.911207437515258789e-01
6.938945651054382324e-01
6.747731566429138184e-01
6.870485544204711914e-01
6.856788992881774902e-01
6.920073032379150391e-01
7.065640687942504883e-01
6.909672021865844727e-01
6.917565464973449707e-01
6.871536374092102051e-01
6.886755228042602539e-01
6.903286576271057129e-01
6.848350167274475098e-01
6.871563196182250977e-01
6.877865791320800781e-01
6.828590631484985352e-01
6.908923983573913574e-01
6.755697131156921387e-01
6.960588097572326660e-01
7.061342000961303711e-01
6.829060912132263184e-01
6.850174069404602051e-01
6.905376911163330078e-01
6.830960512161254883e-01
6.855260133743286133e-01
6.870176792144775391e-01
6.895278692245483398e-01
6.912177205085754395e-01
6.732862591743469238e-01
6.881622672080993652e-01
6.893268227577209473e-01
6.772306561470031738e-01
6.929547190666198730e-01
6.909741759300231934e-01
6.928520798683166504e-01
6.760519742965698242e-01
6.814536452293395996e-01
6.965960264205932617e-01
7.026348710060119629e-01
6.920974254608154297e-01
7.073861360549926758e-01
6.886891126632690430e-01
6.893714666366577148e-01
6.887131333351135254e-01
6.929725408554077148e-01
6.944941878318786621e-01
6.869192123413085938e-01
6.912260055541992188e-01
6.865110397338867188e-01
6.978914737701416016e-01
6.869552731513977051e-01
6.860995292663574219e-01
6.941797733306884766e-01
6.962717771530151367e-01
6.806424260139465332e-01
6.865654587745666504e-01
6.893885135650634766e-01
6.827570199966430664e-01
6.822938323020935059e-01
6.907215118408203125e-01
6.876448392868041992e-01
6.884132623672485352e-01
6.800819635391235352e-01
6.918667554855346680e-01
6.913173794746398926e-01
6.806241869926452637e-01
6.840251684188842773e-01
7.027334570884704590e-01
7.017551064491271973e-01
6.991000175476074219e-01
6.886988878250122070e-01
6.937229633331298828e-01
6.864035129547119141e-01
6.738773584365844727e-01
6.953922510147094727e-01
6.767375469207763672e-01
6.900253295898437500e-01
6.862965226173400879e-01
6.970674991607666016e-01
6.972456574440002441e-01
6.836585402488708496e-01
6.983723640441894531e-01
6.889116764068603516e-01
7.024185657501220703e-01
6.840239763259887695e-01
6.997430324554443359e-01
6.916683912277221680e-01
6.934362649917602539e-01
6.955654621124267578e-01
6.967029571533203125e-01
6.777954697608947754e-01
6.852014660835266113e-01
6.954936981201171875e-01
6.805637478828430176e-01
6.909247636795043945e-01
6.993048191070556641e-01
6.944828033447265625e-01
6.825357079505920410e-01
6.813151836395263672e-01
6.888025403022766113e-01
6.936596035957336426e-01
6.828930377960205078e-01
6.891508102416992188e-01
6.903711557388305664e-01
6.829100847244262695e-01
6.974599361419677734e-01
6.861580014228820801e-01
6.983282566070556641e-01
6.983449459075927734e-01
6.841759085655212402e-01
7.016467452049255371e-01
6.795780658721923828e-01
6.891285181045532227e-01
6.811797618865966797e-01
6.838507652282714844e-01
6.855388879776000977e-01
6.904569268226623535e-01
6.832934021949768066e-01
6.891735196113586426e-01
6.840206384658813477e-01
6.922413706779479980e-01
6.971996426582336426e-01
6.996729969978332520e-01
6.899715662002563477e-01
6.939157843589782715e-01
6.851711869239807129e-01
6.823937296867370605e-01
6.871091127395629883e-01
6.899962425231933594e-01
6.949769854545593262e-01
6.954560875892639160e-01
6.772243976593017578e-01
6.975432634353637695e-01
6.951786279678344727e-01
6.767513751983642578e-01
6.974159479141235352e-01
6.906237006187438965e-01
6.823662519454956055e-01
7.041009068489074707e-01
6.844027042388916016e-01
6.792559623718261719e-01
6.997026205062866211e-01
6.799013614654541016e-01
6.843289136886596680e-01
6.892347931861877441e-01
6.907405257225036621e-01
6.912531852722167969e-01
6.788008809089660645e-01
6.862175464630126953e-01
6.793897151947021484e-01
6.994853019714355469e-01
6.776763200759887695e-01
6.864428520202636719e-01
6.862900853157043457e-01
6.948735713958740234e-01
6.740558147430419922e-01
7.066669464111328125e-01
6.717259883880615234e-01
6.842873692512512207e-01
6.799793839454650879e-01
6.939640045166015625e-01
6.790601611137390137e-01
6.906002163887023926e-01
7.032504081726074219e-01
6.909844875335693359e-01
6.793686747550964355e-01
6.945424079895019531e-01
6.882693171501159668e-01
6.856031417846679688e-01
6.890625953674316406e-01
6.830988526344299316e-01
6.968100070953369141e-01
6.933979988098144531e-01
6.810088753700256348e-01
7.037352323532104492e-01
6.958143115043640137e-01
6.930666565895080566e-01
6.986917853355407715e-01
6.891163587570190430e-01
6.950528621673583984e-01
6.869950294494628906e-01
6.921790242195129395e-01
6.825600266456604004e-01
6.755514740943908691e-01
6.854438185691833496e-01
6.977976560592651367e-01
6.879437565803527832e-01
6.948713660240173340e-01
6.890566349029541016e-01
6.976017951965332031e-01
6.837707757949829102e-01
6.974216699600219727e-01
6.888523697853088379e-01
6.855657696723937988e-01
6.875318884849548340e-01
6.830628514289855957e-01
6.872325539588928223e-01
6.962763667106628418e-01
7.029083967208862305e-01
6.878015995025634766e-01
6.874096393585205078e-01
6.965264081954956055e-01
6.810410618782043457e-01
6.941261291503906250e-01
6.864986419677734375e-01
7.053287625312805176e-01
6.805384159088134766e-01
6.895768046379089355e-01
6.797958612442016602e-01
6.866699457168579102e-01
6.912823319435119629e-01
6.920322179794311523e-01
6.971279382705688477e-01
6.894671916961669922e-01
6.904654502868652344e-01
6.947102546691894531e-01
6.873074173927307129e-01
6.845191717147827148e-01
6.860122680664062500e-01
6.837118864059448242e-01
6.784593462944030762e-01
6.856201291084289551e-01
6.947167515754699707e-01
6.961901187896728516e-01
6.826794743537902832e-01
6.901174187660217285e-01
6.858192682266235352e-01
6.850035786628723145e-01
6.827898621559143066e-01
6.957736611366271973e-01
6.984261274337768555e-01
6.851686239242553711e-01
6.900808215141296387e-01
6.912298202514648438e-01
6.965720653533935547e-01
6.855688691139221191e-01
6.896788477897644043e-01
6.903349161148071289e-01
6.861319541931152344e-01
6.886985301971435547e-01
6.843531727790832520e-01
6.928086876869201660e-01
6.910741329193115234e-01
6.965227127075195312e-01
6.795669198036193848e-01
6.860492229461669922e-01
6.994202136993408203e-01
6.942290067672729492e-01
6.860549449920654297e-01
6.933961510658264160e-01
6.952896118164062500e-01
6.911478042602539062e-01
6.847208738327026367e-01
6.804136037826538086e-01
6.935350894927978516e-01
7.005191445350646973e-01
7.056056261062622070e-01
6.821389198303222656e-01
6.811240911483764648e-01
6.963258981704711914e-01
6.866077780723571777e-01
6.855294108390808105e-01
6.859163641929626465e-01
6.886901855468750000e-01
6.819359660148620605e-01
6.950378417968750000e-01
6.942236423492431641e-01
6.842333078384399414e-01
6.942296624183654785e-01
6.929793357849121094e-01
6.855146884918212891e-01
6.939485073089599609e-01
6.797237992286682129e-01
6.930946707725524902e-01
6.893489360809326172e-01
6.924613714218139648e-01
6.925810575485229492e-01
6.756241321563720703e-01
6.891871690750122070e-01
6.822848320007324219e-01
6.979781389236450195e-01
6.836789846420288086e-01
6.907392740249633789e-01
6.910977363586425781e-01
6.962282657623291016e-01
6.952274441719055176e-01
6.816373467445373535e-01
6.952112913131713867e-01
6.815680265426635742e-01
6.892617940902709961e-01
6.832045912742614746e-01
6.846489310264587402e-01
6.941968202590942383e-01
6.860572099685668945e-01
6.825418472290039062e-01
6.920263171195983887e-01
6.961649060249328613e-01
6.986472606658935547e-01
6.853555440902709961e-01
6.903527975082397461e-01
6.863492727279663086e-01
7.033751606941223145e-01
6.922324299812316895e-01
6.841571927070617676e-01
6.847019791603088379e-01
6.932764053344726562e-01
6.947156786918640137e-01
6.876991987228393555e-01
6.891618967056274414e-01
6.856513619422912598e-01
6.953257322311401367e-01
6.765096783638000488e-01
6.818804740905761719e-01
6.925164461135864258e-01
6.929993033409118652e-01
6.892199516296386719e-01
6.920305490493774414e-01
6.917620897293090820e-01
6.969071030616760254e-01
6.807749867439270020e-01
6.904889941215515137e-01
6.758627891540527344e-01
6.769776344299316406e-01
6.905725598335266113e-01
6.974470615386962891e-01
6.869643926620483398e-01
6.893928647041320801e-01
6.990417838096618652e-01
6.967349648475646973e-01
6.909065842628479004e-01
6.968546509742736816e-01
6.991254687309265137e-01
6.866785883903503418e-01
6.942513585090637207e-01
6.735624074935913086e-01
6.886876821517944336e-01
6.803261637687683105e-01
6.872014999389648438e-01
6.753740310668945312e-01
6.880046129226684570e-01
6.855036616325378418e-01
6.901394128799438477e-01
6.880040764808654785e-01
6.938372850418090820e-01
6.977579593658447266e-01
6.981166005134582520e-01
6.867011785507202148e-01
6.810895204544067383e-01
6.710840463638305664e-01
6.893631219863891602e-01
6.871793270111083984e-01
6.859511137008666992e-01
6.799383759498596191e-01
6.977550983428955078e-01
6.852444410324096680e-01
6.987406015396118164e-01
6.820567250251770020e-01
6.732567548751831055e-01
6.928402185440063477e-01
7.033548951148986816e-01
6.914487481117248535e-01
6.801478862762451172e-01
6.820015907287597656e-01
6.836797595024108887e-01
6.968823075294494629e-01
6.815225481986999512e-01
6.965413689613342285e-01
6.898044943809509277e-01
6.878848075866699219e-01
7.025429606437683105e-01
6.845498681068420410e-01
6.958312392234802246e-01
6.931862831115722656e-01
6.915367841720581055e-01
7.086060643196105957e-01
6.931030750274658203e-01
6.754504442214965820e-01
6.946258544921875000e-01
6.934484243392944336e-01
6.911180019378662109e-01
6.867873668670654297e-01
7.019018530845642090e-01
6.896803379058837891e-01
6.771807074546813965e-01
6.799569129943847656e-01
6.967867016792297363e-01
6.778849363327026367e-01
6.970475912094116211e-01
7.079175710678100586e-01
6.958505511283874512e-01
6.832427382469177246e-01
6.850072145462036133e-01
6.778271198272705078e-01
6.831498146057128906e-01
6.851033568382263184e-01
6.827200651168823242e-01
7.003307342529296875e-01
6.990035772323608398e-01
6.819776296615600586e-01
6.691824197769165039e-01
6.923710107803344727e-01
6.900621056556701660e-01
6.829101443290710449e-01
6.877923011779785156e-01
6.792810559272766113e-01
6.939708590507507324e-01
6.919845342636108398e-01
6.926711201667785645e-01
6.941649913787841797e-01
7.014771699905395508e-01
6.924046874046325684e-01
6.968333125114440918e-01
6.819139122962951660e-01
6.864082217216491699e-01
6.793417930603027344e-01
7.104668617248535156e-01
7.012829780578613281e-01
6.851764321327209473e-01
6.947428584098815918e-01
6.735172271728515625e-01
6.825368404388427734e-01
6.843961477279663086e-01
6.852843761444091797e-01
6.938651204109191895e-01
6.850361824035644531e-01
6.870491504669189453e-01
7.078253626823425293e-01
6.914701461791992188e-01
6.886953711509704590e-01
6.870918273925781250e-01
6.921263337135314941e-01
6.841832995414733887e-01
6.938878893852233887e-01
6.861143112182617188e-01
6.837858557701110840e-01
6.850055456161499023e-01
6.862511634826660156e-01
6.837520003318786621e-01
6.759616136550903320e-01
6.910920739173889160e-01
7.011716961860656738e-01
6.892797946929931641e-01
6.859442591667175293e-01
6.900948286056518555e-01
6.817685961723327637e-01
6.761670708656311035e-01
6.838312149047851562e-01
6.960502266883850098e-01
6.742257475852966309e-01
7.157143950462341309e-01
6.654073596000671387e-01
6.790124773979187012e-01
6.924483776092529297e-01
6.979933381080627441e-01
6.763287186622619629e-01
6.756621003150939941e-01
6.961125731468200684e-01
6.880589723587036133e-01
6.909930706024169922e-01
6.869627833366394043e-01
6.980796456336975098e-01
6.902062296867370605e-01
6.840308904647827148e-01
7.014247775077819824e-01
6.817578077316284180e-01
6.889697909355163574e-01
6.858906149864196777e-01
6.869556903839111328e-01
6.795930862426757812e-01
6.959966421127319336e-01
6.893188953399658203e-01
6.840857267379760742e-01
6.944219470024108887e-01
6.903606653213500977e-01
6.898797154426574707e-01
6.860713958740234375e-01
6.885578632354736328e-01
6.871141791343688965e-01
6.845831871032714844e-01
6.857564449310302734e-01
6.961064934730529785e-01
6.766490936279296875e-01
7.004997134208679199e-01
6.981214284896850586e-01
6.891403794288635254e-01
6.905753016471862793e-01
6.916270852088928223e-01
6.953351497650146484e-01
6.849730014801025391e-01
6.909940242767333984e-01
6.933071613311767578e-01
6.918025016784667969e-01
6.951317787170410156e-01
6.896803379058837891e-01
6.938570737838745117e-01
7.022203803062438965e-01
6.764975786209106445e-01
6.763871908187866211e-01
6.844753623008728027e-01
6.861826777458190918e-01
6.919917464256286621e-01
7.039979696273803711e-01
6.934082508087158203e-01
7.002369165420532227e-01
6.945305466651916504e-01
6.819856166839599609e-01
6.940611600875854492e-01
6.763905286788940430e-01
6.793044805526733398e-01
6.919360160827636719e-01
6.928316950798034668e-01
6.896277070045471191e-01
6.805359125137329102e-01
6.916711926460266113e-01
6.868463754653930664e-01
6.968331336975097656e-01
6.792761087417602539e-01
7.050485014915466309e-01
6.852885484695434570e-01
6.844159960746765137e-01
7.027363777160644531e-01
6.955689787864685059e-01
6.902157068252563477e-01
6.951415538787841797e-01
6.907424330711364746e-01
6.942815780639648438e-01
6.863576173782348633e-01
6.715802550315856934e-01
6.837917566299438477e-01
6.842466592788696289e-01
6.932083368301391602e-01
6.853036284446716309e-01
6.937880516052246094e-01
6.827039718627929688e-01
6.889867782592773438e-01
6.850987076759338379e-01
6.945515871047973633e-01
6.990202069282531738e-01
6.973166465759277344e-01
6.881105303764343262e-01
6.975501775741577148e-01
6.880161166191101074e-01
6.856809258460998535e-01
6.824824213981628418e-01
6.896989345550537109e-01
6.973466277122497559e-01
6.987900137901306152e-01
6.866917014122009277e-01
6.822838187217712402e-01
6.815681457519531250e-01
6.944643259048461914e-01
6.792281270027160645e-01
6.807262897491455078e-01
6.823974251747131348e-01
6.824913620948791504e-01
6.841537356376647949e-01
6.820023059844970703e-01
7.075423002243041992e-01
6.929993033409118652e-01
6.993800997734069824e-01
6.876666545867919922e-01
6.919639110565185547e-01
6.884394884109497070e-01
6.940743327140808105e-01
6.933164596557617188e-01
6.857924461364746094e-01
6.985979080200195312e-01
6.806427240371704102e-01
6.764696240425109863e-01
7.009143829345703125e-01
6.733557581901550293e-01
6.927002668380737305e-01
6.984176039695739746e-01
6.774460673332214355e-01
6.881849169731140137e-01
6.803312897682189941e-01
6.919960975646972656e-01
6.977523565292358398e-01
6.851318478584289551e-01
6.896559596061706543e-01
6.849012374877929688e-01
6.901053786277770996e-01
6.932641267776489258e-01
6.809991002082824707e-01
6.883924007415771484e-01
6.844202876091003418e-01
6.915612220764160156e-01
6.858057379722595215e-01
6.796922683715820312e-01
6.932020187377929688e-01
6.973320841789245605e-01
6.832050085067749023e-01
6.829899549484252930e-01
6.821230053901672363e-01
6.878315806388854980e-01
6.875126957893371582e-01
6.943176984786987305e-01
6.833627820014953613e-01
6.972538828849792480e-01
6.799047589302062988e-01
6.975953578948974609e-01
6.761470437049865723e-01
6.859832406044006348e-01
6.979670524597167969e-01
6.852393746376037598e-01
6.934717297554016113e-01
6.933552026748657227e-01
6.889508366584777832e-01
6.943544745445251465e-01
6.835227608680725098e-01
6.967720389366149902e-01
7.123558521270751953e-01
6.844930052757263184e-01
6.856691241264343262e-01
6.941793560981750488e-01
7.017830610275268555e-01
6.902447342872619629e-01
6.742398142814636230e-01
6.889026165008544922e-01
6.955593824386596680e-01
6.937502026557922363e-01
6.905696392059326172e-01
6.885443925857543945e-01
6.955407261848449707e-01
6.932605504989624023e-01
6.882620453834533691e-01
6.867005825042724609e-01
6.777540445327758789e-01
6.731663942337036133e-01
6.882721185684204102e-01
6.870141029357910156e-01
6.867339611053466797e-01
6.956334114074707031e-01
6.803921461105346680e-01
6.781747341156005859e-01
6.838242411613464355e-01
6.824491620063781738e-01
6.875904202461242676e-01
6.828764081001281738e-01
6.979452371597290039e-01
6.881819963455200195e-01
7.011978030204772949e-01
6.829887628555297852e-01
6.884359121322631836e-01
6.891202330589294434e-01
6.849570870399475098e-01
6.916671395301818848e-01
6.974652409553527832e-01
6.894980072975158691e-01
6.858964562416076660e-01
7.053320407867431641e-01
6.925686597824096680e-01
6.892597675323486328e-01
6.824561953544616699e-01
6.874193549156188965e-01
6.933003664016723633e-01
6.881796121597290039e-01
7.048488855361938477e-01
6.859305500984191895e-01
6.901260614395141602e-01
6.896182894706726074e-01
6.929652690887451172e-01
6.901237368583679199e-01
6.867100000381469727e-01
6.900186538696289062e-01
6.818637251853942871e-01
6.925022602081298828e-01
6.937105059623718262e-01
6.801587939262390137e-01
6.805599927902221680e-01
6.906385421752929688e-01
6.845793724060058594e-01
6.996755003929138184e-01
6.798765063285827637e-01
7.026811838150024414e-01
6.778414249420166016e-01
6.954659223556518555e-01
6.968535184860229492e-01
7.008703947067260742e-01
6.899394989013671875e-01
6.964592933654785156e-01
6.802793145179748535e-01
6.845332384109497070e-01
6.884502172470092773e-01
6.967707276344299316e-01
6.736338138580322266e-01
6.683020591735839844e-01
6.891171336174011230e-01
6.876859068870544434e-01
6.771247982978820801e-01
6.882202029228210449e-01
6.941772699356079102e-01
6.843264102935791016e-01
6.870811581611633301e-01
6.975169777870178223e-01
6.884186267852783203e-01
6.948249340057373047e-01
6.943877339363098145e-01
6.884543299674987793e-01
6.969181895256042480e-01
6.863571405410766602e-01
6.683649420738220215e-01
6.874672174453735352e-01
6.856762170791625977e-01
6.915068626403808594e-01
6.870294809341430664e-01
6.990710496902465820e-01
6.901928782463073730e-01
6.835880875587463379e-01
6.918293237686157227e-01
6.906309127807617188e-01
7.013293504714965820e-01
6.850458979606628418e-01
6.937242746353149414e-01
6.934875845909118652e-01
6.830712556838989258e-01
7.051236033439636230e-01
6.743471622467041016e-01
6.905518770217895508e-01
6.826302409172058105e-01
6.805829405784606934e-01
6.907220482826232910e-01
6.939871907234191895e-01
6.801527738571166992e-01
6.850667595863342285e-01
6.972934603691101074e-01
6.937257051467895508e-01
6.839549541473388672e-01
6.762230992317199707e-01
6.791961193084716797e-01
6.838272213935852051e-01
6.793463230133056641e-01
6.997444629669189453e-01
6.867872476577758789e-01
6.849785447120666504e-01
6.756454706192016602e-01
6.887938380241394043e-01
6.836494207382202148e-01
7.021818757057189941e-01
6.838632822036743164e-01
6.920334100723266602e-01
6.880224347114562988e-01
6.959039568901062012e-01
6.919283866882324219e-01
6.944696307182312012e-01
6.890575885772705078e-01
6.986624598503112793e-01
6.834828257560729980e-01
7.023753523826599121e-01
6.805400252342224121e-01
6.909922361373901367e-01
6.857485771179199219e-01
6.816325783729553223e-01
6.937679648399353027e-01
6.779879927635192871e-01
6.925888061523437500e-01
6.893697977066040039e-01
6.821228265762329102e-01
7.005757093429565430e-01
7.029169201850891113e-01
6.966799497604370117e-01
6.953098773956298828e-01
6.824766993522644043e-01
6.970620155334472656e-01
7.046149969100952148e-01
6.829739809036254883e-01
7.020257115364074707e-01
6.766488552093505859e-01
6.854799389839172363e-01
6.945399641990661621e-01
6.877801418304443359e-01
6.829098463058471680e-01
6.782234311103820801e-01
6.798119544982910156e-01
6.818903684616088867e-01
6.977798938751220703e-01
7.071685791015625000e-01
6.740278601646423340e-01
6.874837279319763184e-01
6.793541312217712402e-01
6.870654821395874023e-01
6.790156960487365723e-01
7.075462937355041504e-01
6.982864737510681152e-01
6.842690706253051758e-01
6.915968060493469238e-01
7.095263004302978516e-01
6.814645528793334961e-01
6.919798851013183594e-01
6.995391249656677246e-01
6.932995319366455078e-01
6.926956176757812500e-01
6.909699440002441406e-01
6.954998373985290527e-01
6.812962293624877930e-01
6.871266365051269531e-01
6.796171069145202637e-01
6.804404854774475098e-01
6.919175386428833008e-01
6.934641003608703613e-01
6.720317602157592773e-01
6.801819801330566406e-01
6.872524023056030273e-01
6.977071762084960938e-01
6.762499809265136719e-01
6.924426555633544922e-01
7.044029235839843750e-01
6.720373034477233887e-01
6.813521385192871094e-01
6.959983706474304199e-01
6.889811754226684570e-01
6.817018985748291016e-01
6.979951858520507812e-01
6.884540915489196777e-01
6.748203039169311523e-01
6.900089979171752930e-01
6.992785334587097168e-01
6.796038150787353516e-01
6.933616399765014648e-01
6.739283800125122070e-01
7.006220817565917969e-01
6.978545188903808594e-01
7.076396942138671875e-01
6.933214664459228516e-01
6.839268207550048828e-01
7.039722800254821777e-01
6.884919404983520508e-01
6.771769523620605469e-01
6.815077662467956543e-01
6.845271587371826172e-01
6.997213959693908691e-01
6.847174167633056641e-01
6.988632082939147949e-01
6.861569881439208984e-01
6.906393170356750488e-01
6.872313022613525391e-01
6.931146383285522461e-01
6.889115571975708008e-01
6.823545694351196289e-01
7.011241316795349121e-01
6.904063224792480469e-01
6.821581721305847168e-01
6.925855875015258789e-01
6.859871149063110352e-01
6.842247843742370605e-01
6.804450750350952148e-01
6.887553930282592773e-01
6.938927173614501953e-01
6.869159936904907227e-01
6.878108382225036621e-01
6.878418326377868652e-01
6.985867023468017578e-01
6.948677897453308105e-01
6.962054967880249023e-01
6.906517148017883301e-01
6.773157715797424316e-01
6.727429032325744629e-01
6.832715272903442383e-01
6.909468173980712891e-01
6.859679222106933594e-01
6.875568628311157227e-01
6.776232719421386719e-01
6.808478236198425293e-01
6.814870238304138184e-01
6.697189807891845703e-01
6.958747506141662598e-01
6.957383155822753906e-01
6.860217452049255371e-01
6.781574487686157227e-01
6.950619816780090332e-01
6.906712651252746582e-01
6.970782279968261719e-01
6.775907278060913086e-01
6.919626593589782715e-01
6.895473599433898926e-01
6.932008266448974609e-01
6.925043463706970215e-01
6.799548864364624023e-01
6.969565153121948242e-01
6.989053487777709961e-01
6.862382888793945312e-01
6.902287602424621582e-01
6.778234243392944336e-01
6.952698826789855957e-01
6.873048543930053711e-01
6.800699830055236816e-01
6.871223449707031250e-01
6.988801956176757812e-01
6.997072100639343262e-01
6.815624833106994629e-01
6.741756200790405273e-01
6.884874105453491211e-01
6.965942382812500000e-01
6.902370452880859375e-01
6.938676834106445312e-01
6.817201972007751465e-01
6.898040175437927246e-01
6.827777028083801270e-01
6.969342827796936035e-01
6.880584359169006348e-01
6.826732158660888672e-01
6.802588701248168945e-01
6.853119730949401855e-01
6.777331829071044922e-01
6.792927980422973633e-01
7.035309672355651855e-01
6.929506063461303711e-01
6.874870061874389648e-01
6.900933980941772461e-01
6.841086149215698242e-01
6.971229314804077148e-01
6.854491233825683594e-01
6.892026066780090332e-01
6.997939348220825195e-01
7.017276883125305176e-01
6.928616762161254883e-01
6.889774799346923828e-01
6.921898126602172852e-01
6.962711811065673828e-01
6.906175017356872559e-01
6.799674034118652344e-01
6.930488348007202148e-01
6.832976341247558594e-01
6.864128708839416504e-01
6.760472059249877930e-01
7.025693058967590332e-01
6.782137751579284668e-01
6.809418201446533203e-01
6.999132037162780762e-01
7.064949274063110352e-01
6.870185136795043945e-01
6.944747567176818848e-01
6.997725963592529297e-01
6.918064355850219727e-01
6.970247626304626465e-01
6.825244426727294922e-01
6.876472234725952148e-01
6.911725401878356934e-01
6.852127313613891602e-01
6.983955502510070801e-01
6.838763952255249023e-01
6.944731473922729492e-01
7.016215324401855469e-01
6.985781788825988770e-01
6.856092810630798340e-01
6.886364221572875977e-01
6.865964531898498535e-01
7.030070424079895020e-01
6.888154745101928711e-01
6.868532299995422363e-01
6.893726587295532227e-01
6.833138465881347656e-01
6.959050297737121582e-01
6.948379874229431152e-01
6.738160252571105957e-01
6.853284239768981934e-01
6.777138710021972656e-01
6.950728893280029297e-01
6.787319779396057129e-01
6.877925395965576172e-01
6.818645000457763672e-01
6.843721866607666016e-01
6.932986378669738770e-01
6.805714368820190430e-01
6.846116781234741211e-01
6.828939914703369141e-01
6.968820095062255859e-01
6.939529180526733398e-01
6.966453194618225098e-01
6.868169903755187988e-01
6.884714961051940918e-01
6.999740600585937500e-01
6.865933537483215332e-01
6.924866437911987305e-01
6.961323022842407227e-01
7.022626399993896484e-01
6.940080523490905762e-01
6.860119104385375977e-01
6.792739629745483398e-01
6.930537819862365723e-01
7.006582021713256836e-01
6.872552633285522461e-01
6.924659609794616699e-01
6.885522603988647461e-01
6.778104901313781738e-01
6.957375407218933105e-01
6.901349425315856934e-01
6.823221445083618164e-01
6.791242361068725586e-01
6.833112239837646484e-01
6.829809546470642090e-01
7.008047103881835938e-01
6.733315587043762207e-01
6.936283111572265625e-01
6.880548000335693359e-01
6.828354597091674805e-01
6.698455810546875000e-01
6.716542243957519531e-01
6.935955882072448730e-01
6.920123100280761719e-01
6.879813671112060547e-01
6.845763325691223145e-01
6.767680048942565918e-01
6.841286420822143555e-01
6.844534277915954590e-01
6.837950944900512695e-01
6.865159869194030762e-01
6.814898252487182617e-01
6.855199337005615234e-01
6.874459385871887207e-01
6.911696195602416992e-01
6.947234869003295898e-01
6.869434118270874023e-01
6.859787702560424805e-01
6.881936788558959961e-01
6.848502755165100098e-01
6.774299740791320801e-01
6.971138715744018555e-01
6.838378906250000000e-01
6.998000144958496094e-01
6.836156249046325684e-01
6.985430121421813965e-01
6.939809918403625488e-01
6.909164786338806152e-01
6.971167325973510742e-01
6.862682700157165527e-01
6.754536032676696777e-01
6.794604063034057617e-01
6.749995350837707520e-01
6.845997571945190430e-01
6.807788610458374023e-01
6.868761777877807617e-01
6.883729696273803711e-01
6.928114891052246094e-01
6.849206089973449707e-01
6.831737756729125977e-01
6.913785338401794434e-01
7.075710296630859375e-01
6.754822134971618652e-01
6.862848401069641113e-01
6.691048145294189453e-01
6.955868005752563477e-01
6.677842140197753906e-01
6.853477358818054199e-01
6.875740289688110352e-01
6.883132457733154297e-01
6.885117292404174805e-01
6.894453763961791992e-01
6.896914243698120117e-01
6.919892430305480957e-01
6.888787150382995605e-01
6.927884817123413086e-01
6.924730539321899414e-01
7.023944854736328125e-01
6.939360499382019043e-01
7.015604972839355469e-01
6.891808509826660156e-01
6.804388165473937988e-01
6.879363656044006348e-01
6.796807646751403809e-01
6.800750494003295898e-01
7.021176815032958984e-01
6.832847595214843750e-01
6.897131800651550293e-01
6.848675608634948730e-01
6.927647590637207031e-01
6.832954883575439453e-01
6.829737424850463867e-01
6.868776082992553711e-01
6.862952113151550293e-01
6.827589869499206543e-01
6.934772133827209473e-01
6.997457742691040039e-01
6.851193904876708984e-01
6.967067718505859375e-01
6.908366680145263672e-01
6.758222579956054688e-01
6.884049773216247559e-01
6.855443716049194336e-01
6.816954612731933594e-01
6.820660829544067383e-01
6.735059022903442383e-01
6.985880136489868164e-01
6.815953254699707031e-01
6.911273598670959473e-01
6.912418603897094727e-01
6.875921487808227539e-01
7.021210193634033203e-01
7.018789649009704590e-01
7.006584405899047852e-01
6.721261739730834961e-01
6.833521723747253418e-01
6.880565285682678223e-01
6.795006394386291504e-01
6.890352964401245117e-01
6.839413642883300781e-01
6.986619830131530762e-01
6.888545751571655273e-01
6.984126567840576172e-01
6.938924193382263184e-01
6.904036998748779297e-01
6.916953325271606445e-01
6.816831827163696289e-01
6.955806016921997070e-01
6.902284622192382812e-01
6.785809993743896484e-01
6.992484331130981445e-01
6.866459846496582031e-01
6.860765814781188965e-01
6.880288720130920410e-01
6.885715723037719727e-01
7.032605409622192383e-01
6.999037861824035645e-01
6.897081136703491211e-01
6.871918439865112305e-01
6.887816786766052246e-01
6.859543919563293457e-01
6.828114390373229980e-01
6.800109148025512695e-01
7.057315111160278320e-01
7.110757231712341309e-01
6.815180778503417969e-01
7.053742408752441406e-01
6.944030523300170898e-01
6.872740983963012695e-01
6.865021586418151855e-01
6.944988369941711426e-01
6.907355785369873047e-01
6.896993517875671387e-01
6.819952130317687988e-01
6.888496875762939453e-01
6.878137588500976562e-01
6.880885362625122070e-01
6.903914213180541992e-01
6.939414143562316895e-01
6.874535083770751953e-01
6.941261887550354004e-01
6.818690896034240723e-01
6.805300712585449219e-01
6.917169690132141113e-01
6.867087483406066895e-01
6.898406744003295898e-01
6.741603612899780273e-01
6.918926239013671875e-01
6.828673481941223145e-01
6.863214969635009766e-01
6.839802265167236328e-01
6.948249936103820801e-01
6.896457076072692871e-01
6.783920526504516602e-01
6.754279136657714844e-01
6.880936026573181152e-01
7.059060335159301758e-01
6.827781796455383301e-01
6.880398988723754883e-01
6.907633543014526367e-01
6.914686560630798340e-01
6.859376430511474609e-01
6.830661296844482422e-01
6.905425190925598145e-01
6.865643262863159180e-01
6.872123479843139648e-01
6.989673972129821777e-01
6.905900239944458008e-01
6.859930157661437988e-01
7.016196846961975098e-01
6.778129935264587402e-01
6.712913513183593750e-01
6.822594404220581055e-01
6.980630755424499512e-01
6.997727751731872559e-01
6.879507303237915039e-01
6.875327229499816895e-01
6.991290450096130371e-01
6.801646947860717773e-01
6.921650171279907227e-01
6.919699311256408691e-01
6.913497447967529297e-01
6.892532706260681152e-01
6.929407119750976562e-01
6.921956539154052734e-01
6.885000467300415039e-01
6.937764883041381836e-01
6.925401687622070312e-01
6.825938820838928223e-01
6.894525885581970215e-01
6.763378381729125977e-01
6.890199184417724609e-01
6.852062940597534180e-01
6.922609806060791016e-01
6.919094920158386230e-01
7.069248557090759277e-01
6.782808899879455566e-01
6.720589399337768555e-01
6.914018988609313965e-01
6.920112967491149902e-01
6.957210302352905273e-01
6.833648681640625000e-01
6.909008622169494629e-01
6.793317794799804688e-01
6.964447498321533203e-01
6.990787982940673828e-01
6.902825236320495605e-01
6.818849444389343262e-01
6.834123134613037109e-01
6.898539066314697266e-01
6.770304441452026367e-01
6.755254268646240234e-01
6.837923526763916016e-01
6.916258931159973145e-01
6.925753355026245117e-01
6.910141706466674805e-01
6.867566704750061035e-01
6.880575418472290039e-01
6.898037791252136230e-01
6.793475747108459473e-01
6.934681534767150879e-01
6.805396080017089844e-01
6.982012987136840820e-01
6.886668801307678223e-01
6.976003050804138184e-01
6.954463124275207520e-01
6.934745907783508301e-01
6.983172893524169922e-01
6.893592476844787598e-01
6.817548274993896484e-01
6.830962896347045898e-01
6.857636570930480957e-01
6.878260970115661621e-01
6.915296316146850586e-01
6.778075098991394043e-01
6.862454414367675781e-01
6.852871179580688477e-01
7.020238041877746582e-01
7.054738998413085938e-01
6.878231763839721680e-01
6.663081049919128418e-01
6.876879930496215820e-01
6.860176324844360352e-01
6.949515342712402344e-01
6.949644684791564941e-01
6.858634948730468750e-01
6.808395385742187500e-01
6.821935176849365234e-01
6.852833032608032227e-01
6.913726925849914551e-01
6.789746284484863281e-01
6.920230388641357422e-01
6.844009757041931152e-01
6.911500096321105957e-01
6.727837920188903809e-01
6.811789274215698242e-01
6.772158741950988770e-01
7.071413397789001465e-01
6.879312992095947266e-01
6.768077611923217773e-01
6.819490194320678711e-01
6.798545122146606445e-01
6.937836408615112305e-01
6.887326240539550781e-01
6.928813457489013672e-01
6.812738776206970215e-01
6.869492530822753906e-01
6.819747090339660645e-01
6.941969990730285645e-01
6.844884753227233887e-01
6.892479062080383301e-01
6.899867057800292969e-01
6.855794191360473633e-01
7.035935521125793457e-01
6.921858191490173340e-01
6.767896413803100586e-01
6.848664879798889160e-01
6.910542845726013184e-01
6.860014796257019043e-01
6.941323876380920410e-01
7.044287323951721191e-01
6.925420761108398438e-01
6.923631429672241211e-01
6.876963376998901367e-01
6.858006715774536133e-01
6.903391480445861816e-01
7.000538110733032227e-01
6.942850947380065918e-01
7.079988718032836914e-01
6.911423206329345703e-01
6.824412941932678223e-01
6.864796280860900879e-01
6.798151135444641113e-01
6.818217039108276367e-01
6.909384727478027344e-01
6.824861764907836914e-01
6.981248855590820312e-01
6.903153657913208008e-01
6.915961503982543945e-01
6.939947605133056641e-01
6.925694942474365234e-01
6.866791844367980957e-01
6.901510953903198242e-01
6.874006986618041992e-01
6.889109611511230469e-01
6.905310153961181641e-01
6.898103952407836914e-01
6.924878358840942383e-01
6.846463680267333984e-01
6.857110261917114258e-01
6.892800331115722656e-01
6.955132484436035156e-01
7.003573179244995117e-01
6.881693601608276367e-01
6.895003318786621094e-01
6.786240339279174805e-01
6.918378472328186035e-01
6.809330582618713379e-01
6.773629188537597656e-01
6.942621469497680664e-01
6.952664256095886230e-01
6.836582422256469727e-01
6.983207464218139648e-01
6.878479719161987305e-01
6.754174232482910156e-01
6.699264049530029297e-01
6.943972706794738770e-01
6.766418218612670898e-01
6.860542297363281250e-01
6.772128939628601074e-01
6.860667467117309570e-01
6.768639087677001953e-01
7.038788199424743652e-01
6.956125497817993164e-01
6.941052675247192383e-01
6.764197349548339844e-01
6.928191184997558594e-01
6.953200697898864746e-01
6.798651218414306641e-01
6.896867752075195312e-01
6.808391213417053223e-01
6.967257857322692871e-01
6.752948164939880371e-01
6.874442696571350098e-01
6.887466907501220703e-01
6.898185014724731445e-01
6.936738491058349609e-01
6.746211647987365723e-01
6.801583766937255859e-01
6.912398338317871094e-01
6.677865982055664062e-01
6.973356008529663086e-01
6.908432841300964355e-01
6.869219541549682617e-01
6.893209815025329590e-01
6.995376348495483398e-01
6.846487522125244141e-01
6.857045888900756836e-01
6.988499760627746582e-01
6.883612871170043945e-01
6.803102493286132812e-01
6.794341206550598145e-01
6.931456327438354492e-01
6.955230236053466797e-01
6.854525804519653320e-01
6.921610236167907715e-01
6.989367604255676270e-01
6.840950846672058105e-01
6.892225146293640137e-01
6.898972988128662109e-01
6.798049807548522949e-01
6.910564303398132324e-01
6.878321170806884766e-01
6.950544714927673340e-01
6.869331598281860352e-01
6.823457479476928711e-01
6.860415339469909668e-01
6.869572997093200684e-01
6.747347712516784668e-01
6.827799081802368164e-01
6.796854734420776367e-01
6.815096735954284668e-01
6.818765401840209961e-01
6.958563923835754395e-01
6.992604136466979980e-01
6.912098526954650879e-01
6.781866550445556641e-01
6.820506453514099121e-01
6.907482147216796875e-01
7.085157036781311035e-01
6.987314224243164062e-01
6.778345704078674316e-01
6.861704587936401367e-01
7.104330062866210938e-01
6.833474636077880859e-01
6.966251134872436523e-01
6.911057233810424805e-01
6.835322380065917969e-01
6.828026771545410156e-01
6.866381168365478516e-01
6.822462081909179688e-01
6.828743219375610352e-01
7.004576921463012695e-01
6.932561993598937988e-01
7.071644663810729980e-01
6.763385534286499023e-01
6.908360123634338379e-01
6.922132968902587891e-01
6.884238123893737793e-01
6.881554126739501953e-01
6.855378746986389160e-01
6.931142807006835938e-01
6.788744330406188965e-01
6.806625127792358398e-01
6.942343711853027344e-01
6.897133588790893555e-01
6.783118844032287598e-01
6.946532130241394043e-01
6.924049854278564453e-01
6.808456182479858398e-01
6.915418505668640137e-01
6.830434203147888184e-01
6.835452914237976074e-01
6.974883079528808594e-01
7.033202052116394043e-01
6.819682717323303223e-01
6.943367719650268555e-01
7.048867940902709961e-01
6.976119875907897949e-01
6.860899329185485840e-01
6.924638748168945312e-01
6.948888301849365234e-01
6.851303577423095703e-01
6.917934417724609375e-01
6.811150908470153809e-01
6.868691444396972656e-01
6.971245408058166504e-01
6.711884737014770508e-01
6.863743066787719727e-01
6.882914304733276367e-01
6.934799551963806152e-01
6.882246136665344238e-01
6.801260113716125488e-01
6.909146308898925781e-01
6.920344233512878418e-01
6.848235726356506348e-01
6.855818033218383789e-01
6.924060583114624023e-01
6.962313652038574219e-01
6.969934105873107910e-01
6.759753227233886719e-01
6.763961911201477051e-01
6.947062015533447266e-01
6.878904700279235840e-01
6.935368776321411133e-01
6.697397232055664062e-01
7.080044746398925781e-01
6.880100965499877930e-01
6.749595403671264648e-01
7.000336647033691406e-01
6.981530189514160156e-01
6.943292021751403809e-01
6.905187964439392090e-01
6.826251745223999023e-01
6.955610513687133789e-01
6.776655912399291992e-01
6.817582249641418457e-01
6.980878114700317383e-01
6.833228468894958496e-01
6.954234838485717773e-01
6.806440949440002441e-01
6.889736652374267578e-01
6.844264864921569824e-01
6.853079795837402344e-01
6.899662613868713379e-01
6.862475872039794922e-01
6.886014938354492188e-01
7.022931575775146484e-01
6.925242543220520020e-01
6.825848221778869629e-01
6.901896595954895020e-01
6.786348223686218262e-01
6.880741715431213379e-01
6.860765814781188965e-01
6.863439083099365234e-01
6.906765699386596680e-01
6.898611783981323242e-01
6.926050186157226562e-01
6.873527765274047852e-01
6.935870647430419922e-01
6.921702027320861816e-01
6.859660148620605469e-01
6.996627449989318848e-01
6.918997168540954590e-01
6.804472208023071289e-01
6.952334642410278320e-01
6.889277696609497070e-01
6.855838298797607422e-01
6.865558028221130371e-01
7.057430744171142578e-01
6.808891296386718750e-01
6.884053945541381836e-01
6.693553328514099121e-01
6.790817975997924805e-01
6.856758594512939453e-01
6.869010925292968750e-01
6.814365386962890625e-01
6.963697671890258789e-01
6.784522533416748047e-01
6.846286654472351074e-01
7.045195102691650391e-01
6.897560358047485352e-01
7.020120620727539062e-01
6.780394315719604492e-01
6.821382045745849609e-01
6.837697625160217285e-01
7.075874209403991699e-01
6.832376718521118164e-01
6.947423815727233887e-01
6.839849948883056641e-01
6.866836547851562500e-01
6.858586668968200684e-01
6.868002414703369141e-01
6.973247528076171875e-01
6.822469234466552734e-01
6.875740289688110352e-01
6.798173785209655762e-01
6.771624684333801270e-01
6.920171976089477539e-01
6.729703545570373535e-01
7.019445896148681641e-01
6.839503049850463867e-01
6.877859234809875488e-01
6.950840950012207031e-01
6.923209428787231445e-01
6.966572403907775879e-01
6.865544915199279785e-01
6.787297725677490234e-01
6.723999977111816406e-01
6.858517527580261230e-01
7.010353803634643555e-01
7.013412714004516602e-01
6.856342554092407227e-01
6.840975284576416016e-01
6.792718768119812012e-01
6.816212534904479980e-01
6.896526813507080078e-01
6.887817978858947754e-01
6.842199563980102539e-01
6.769151091575622559e-01
6.754546165466308594e-01
6.787051558494567871e-01
6.873599290847778320e-01
6.965367794036865234e-01
6.827425360679626465e-01
7.008539438247680664e-01
6.823887228965759277e-01
6.840401887893676758e-01
6.962674856185913086e-01
6.955896615982055664e-01
6.794965267181396484e-01
6.928651332855224609e-01
7.067267298698425293e-01
6.948724985122680664e-01
6.786324381828308105e-01
6.792445778846740723e-01
6.901846528053283691e-01
7.005267739295959473e-01
6.861426830291748047e-01
6.906568408012390137e-01
6.925093531608581543e-01
6.809022426605224609e-01
6.964452266693115234e-01
6.819818019866943359e-01
7.116429209709167480e-01
6.995193958282470703e-01
6.796569824218750000e-01
6.883427500724792480e-01
6.834682226181030273e-01
6.701780557632446289e-01
6.884891390800476074e-01
6.949300765991210938e-01
6.809107065200805664e-01
6.885499954223632812e-01
6.888158917427062988e-01
6.931946277618408203e-01
6.921288371086120605e-01
7.009646892547607422e-01
6.933366060256958008e-01
6.915696263313293457e-01
6.964321136474609375e-01
6.812124252319335938e-01
6.783063411712646484e-01
6.911220550537109375e-01
6.837419271469116211e-01
6.894664764404296875e-01
6.791206002235412598e-01
6.922109127044677734e-01
6.724145412445068359e-01
6.792839169502258301e-01
6.802186965942382812e-01
6.972327828407287598e-01
6.815528869628906250e-01
6.942110061645507812e-01
6.827155351638793945e-01
6.877699494361877441e-01
6.929934620857238770e-01
6.894606947898864746e-01
6.799466609954833984e-01
6.868411302566528320e-01
6.848978400230407715e-01
6.792718172073364258e-01
6.869119405746459961e-01
6.837280392646789551e-01
7.006812095642089844e-01
6.856814622879028320e-01
6.729558706283569336e-01
6.758658885955810547e-01
6.973602771759033203e-01
6.961204409599304199e-01
6.894184350967407227e-01
6.808453798294067383e-01
6.854734420776367188e-01
6.878994703292846680e-01
6.871333718299865723e-01
6.867676973342895508e-01
7.008163332939147949e-01
6.936370730400085449e-01
6.840755939483642578e-01
6.937403082847595215e-01
6.886685490608215332e-01
6.777681112289428711e-01
7.014997005462646484e-01
6.889206171035766602e-01
6.912357807159423828e-01
6.882830858230590820e-01
6.760655641555786133e-01
6.885193586349487305e-01
6.842112541198730469e-01
6.916204690933227539e-01
6.748852133750915527e-01
7.035745978355407715e-01
6.924850940704345703e-01
6.727921962738037109e-01
6.930347084999084473e-01
6.724315285682678223e-01
6.779729127883911133e-01
6.824815273284912109e-01
7.029237747192382812e-01
7.095700502395629883e-01
6.813746690750122070e-01
6.930236816406250000e-01
6.829734444618225098e-01
7.003999352455139160e-01
6.903032660484313965e-01
6.847999095916748047e-01
6.704953908920288086e-01
6.836299300193786621e-01
7.021189928054809570e-01
7.028724551200866699e-01
6.842215061187744141e-01
7.008019089698791504e-01
6.973784565925598145e-01
7.012256979942321777e-01
6.780707836151123047e-01
6.926062107086181641e-01
7.026078701019287109e-01
6.822151541709899902e-01
6.916677355766296387e-01
6.967911124229431152e-01
7.048392295837402344e-01
6.903107762336730957e-01
6.828104257583618164e-01
6.885784864425659180e-01
6.816828846931457520e-01
6.902425289154052734e-01
6.902917623519897461e-01
6.787320971488952637e-01
6.954571604728698730e-01
6.757298111915588379e-01
6.803405284881591797e-01
6.816814541816711426e-01
6.932344436645507812e-01
6.898310184478759766e-01
6.849548220634460449e-01
6.814797520637512207e-01
6.871392130851745605e-01
6.961540579795837402e-01
6.794164776802062988e-01
6.936501860618591309e-01
7.008928060531616211e-01
6.867190599441528320e-01
6.900900006294250488e-01
6.911990642547607422e-01
6.988905072212219238e-01
6.978036165237426758e-01
6.909008026123046875e-01
6.864143013954162598e-01
6.758725047111511230e-01
6.955112218856811523e-01
6.702001094818115234e-01
6.815598607063293457e-01
6.829280853271484375e-01
6.791564226150512695e-01
6.923138499259948730e-01
6.749996542930603027e-01
6.969733238220214844e-01
6.881197094917297363e-01
6.985918283462524414e-01
6.917446851730346680e-01
6.785196661949157715e-01
6.830848455429077148e-01
6.868736147880554199e-01
6.872850656509399414e-01
6.877110004425048828e-01
6.897057890892028809e-01
6.793438196182250977e-01
6.925433874130249023e-01
6.928739547729492188e-01
6.950324773788452148e-01
6.926205158233642578e-01
7.019519209861755371e-01
6.804073452949523926e-01
6.938573122024536133e-01
6.780343055725097656e-01
6.759650111198425293e-01
6.929329037666320801e-01
6.903068423271179199e-01
6.612433791160583496e-01
