1.166433191299438565e+00
6.937975502014159801e-01
6.958134198188781205e-01
6.926234817504882679e-01
6.907824373245239347e-01
6.915249204635620650e-01
6.906975531578063432e-01
6.889032387733459162e-01
6.870553565025329101e-01
6.899860668182372647e-01
6.900872421264648837e-01
6.914878153800964045e-01
6.816545248031615767e-01
6.780144286155700417e-01
6.823877096176147461e-01
6.823438882827759233e-01
6.784666824340820357e-01
6.745733213424682795e-01
6.767150282859801802e-01
6.777349781990050781e-01
6.743313932418822931e-01
6.663528060913086470e-01
6.673517012596130726e-01
6.622174882888793856e-01
