1.193427500724792534e+00
6.937566947937011674e-01
6.951532673835754128e-01
6.937566208839416326e-01
6.922011852264404741e-01
6.922837185859680442e-01
6.858712577819824352e-01
6.913204050064086781e-01
6.853662586212158070e-01
6.857912111282348233e-01
6.904226517677307662e-01
6.855501508712769088e-01
6.829583024978638228e-01
6.795140647888183727e-01
6.848998522758483753e-01
6.700010204315185458e-01
6.814176273345947665e-01
6.803567409515380859e-01
6.817216229438781694e-01
6.785126829147338778e-01
6.728812646865844904e-01
6.654236650466919256e-01
6.752143764495849299e-01
