1.124946498870849521e+00
6.985329294204711825e-01
6.936809849739075107e-01
6.885722398757934126e-01
6.895540165901183904e-01
6.938390636444091708e-01
6.897749137878418368e-01
6.797936749458313166e-01
6.848178982734680620e-01
6.899186420440673873e-01
6.865196466445923074e-01
6.807867312431334916e-01
6.919570851325989036e-01
6.902791428565978604e-01
6.824788641929626642e-01
6.831591606140137163e-01
6.843048405647277344e-01
6.769684934616089222e-01
6.806750822067261231e-01
6.829732370376586648e-01
6.820679116249084295e-01
6.783679056167603028e-01
6.794843626022338823e-01
6.811958312988281028e-01
6.693359994888306019e-01
6.769023776054382546e-01
6.863109397888184082e-01
6.809515404701232955e-01
6.776725316047668146e-01
6.786068654060364302e-01
6.802517867088317960e-01
6.708919143676758123e-01
6.738026452064513894e-01
6.651881837844848544e-01
6.837032508850097168e-01
6.766077685356139959e-01
