1.314603528976440394e+00
6.988415503501892445e-01
6.953882193565368297e-01
6.944610738754272150e-01
6.924461698532105025e-01
6.908512520790099920e-01
6.836381912231445090e-01
6.899034953117371138e-01
6.871502137184143377e-01
6.812472128868103383e-01
6.841311550140380948e-01
6.729019761085510698e-01
6.694378423690795499e-01
6.812089705467223588e-01
6.738007378578185769e-01
6.746128392219543635e-01
6.735644769668579501e-01
6.782510280609130859e-01
6.748847198486328525e-01
6.728285884857178045e-01
6.651342439651489746e-01
6.617125320434570357e-01
6.561219024658203613e-01
6.685506415367126198e-01
6.674651789665222434e-01
6.565352773666381925e-01
6.624982285499573242e-01
6.553708076477050559e-01
6.499874019622802201e-01
6.469590044021606978e-01
6.567262625694274547e-01
6.597456526756286799e-01
6.458290553092956854e-01
6.435939884185790660e-01
6.499355578422546520e-01
6.481251692771912154e-01
6.420215487480163130e-01
