1.169622228145599463e+00
6.948047637939452903e-01
6.935675311088561612e-01
6.920207667350769531e-01
6.962389421463012207e-01
6.907097220420836958e-01
6.840460205078124911e-01
6.834651446342467906e-01
6.803017067909240545e-01
6.862140989303588956e-01
6.837094068527221902e-01
6.828849649429321600e-01
6.845059823989868564e-01
6.761945366859436479e-01
6.807158184051513850e-01
6.824765086174011675e-01
6.713140296936035423e-01
6.720892238616943404e-01
6.755316424369811612e-01
6.718102288246154963e-01
6.673412871360778764e-01
6.785915875434875844e-01
6.643840336799621271e-01
