7.480620908737182218e-01
6.934942007064819336e-01
6.924644923210143688e-01
6.925897974967956117e-01
6.920413856506346661e-01
6.921571135520934170e-01
6.919609937667846600e-01
6.905781569480895499e-01
6.895936565399169993e-01
6.891507911682128729e-01
6.871652588844299192e-01
6.858119792938233150e-01
6.824709253311157520e-01
6.795557613372802397e-01
6.726388659477232634e-01
6.700494203567505247e-01
6.603891339302062624e-01
6.507742547988892845e-01
6.454023418426512171e-01
6.307012076377869203e-01
6.138875579833986684e-01
6.040294589996336727e-01
5.879150066375731232e-01
5.634949059486389356e-01
5.478748497962954156e-01
5.343878750801086541e-01
5.130060627460478750e-01
4.943364968299865936e-01
4.760156035423278587e-01
4.591839370727539005e-01
4.496172280311584446e-01
4.271826148033142090e-01
4.152725486755370343e-01
4.066398456096649294e-01
3.864403333663940510e-01
3.752510972023010427e-01
3.631157820224761856e-01
3.512310929298401718e-01
3.343152801990508793e-01
3.251555161476135103e-01
3.240594956874846000e-01
3.025517716407774560e-01
2.929008545875548264e-01
2.996984274387360925e-01
2.718609540462493812e-01
2.668668620586394091e-01
2.554052827358246347e-01
2.480419753789901705e-01
2.453527948856353835e-01
2.378048429489135751e-01
2.341504346132278480e-01
2.289815323352813736e-01
2.212229074239730753e-01
2.199665807485580438e-01
2.100575102567672769e-01
1.965273332595825206e-01
1.910104552507400633e-01
1.772639533281326341e-01
1.786198669672012240e-01
