7.324314031600952513e-01
6.934091348648071529e-01
6.934549264907836630e-01
6.934055385589596998e-01
6.933159894943237145e-01
6.932969045639036931e-01
6.932670812606811506e-01
6.930527439117432076e-01
6.928184990882872984e-01
6.909421873092651545e-01
6.920481400489807422e-01
6.895579357147216815e-01
6.883230013847351225e-01
6.843774113655090030e-01
6.835968608856201056e-01
6.841297287940980576e-01
6.809137458801270970e-01
6.789816703796386355e-01
6.713379859924316628e-01
6.682937903404234659e-01
6.606412105560302006e-01
6.566467781066893661e-01
6.468337664604186799e-01
6.380066576004028711e-01
6.295864272117615013e-01
6.210288820266721688e-01
6.086677675247191832e-01
5.903584656715392676e-01
5.822712302207947443e-01
5.649632029533385724e-01
5.451550807952879607e-01
5.273711695671083888e-01
5.076092352867127566e-01
4.963912105560302490e-01
4.814640617370605225e-01
4.627830686569213703e-01
4.430038547515869340e-01
4.270311374664306214e-01
4.049308290481567485e-01
3.985511071681976381e-01
3.701469178199768284e-01
3.611841988563537775e-01
3.423326339721679545e-01
3.296353290081023846e-01
3.171164321899413996e-01
3.050668642520903417e-01
2.919716129302979413e-01
2.825847944021224745e-01
2.618985438346863592e-01
2.612743432521820175e-01
2.558030855655668567e-01
2.468470594882965219e-01
2.446827477216720614e-01
2.319508345127105631e-01
2.238267328739166340e-01
2.176672469377517738e-01
2.113920797109603844e-01
2.177106574773788328e-01
