7.513418383598328143e-01
6.936515030860901376e-01
6.947458677291870055e-01
6.932180805206298313e-01
6.935374131202697301e-01
6.934945912361144549e-01
6.932652187347412287e-01
6.934001793861389595e-01
6.931831965446472177e-01
6.931120076179504430e-01
6.932863216400146911e-01
6.931593360900878409e-01
6.932174835205078267e-01
6.934278893470764427e-01
6.932107639312746761e-01
6.929057965278625497e-01
6.933814926147461311e-01
6.932262983322143857e-01
6.932845120429991237e-01
6.931925959587097452e-01
6.933791046142577796e-01
6.933300638198850452e-01
6.931240091323852548e-01
6.932463912963867658e-01
6.933813405036926003e-01
6.933559136390685662e-01
6.932322130203246724e-01
6.931241412162781890e-01
6.931750211715698162e-01
6.932442240715027681e-01
6.932896332740783318e-01
6.933968110084534064e-01
6.931326222419739169e-01
6.932397518157960015e-01
6.932473692893983408e-01
