7.373470945358275852e-01
6.933132276535033389e-01
6.932656102180481117e-01
6.929753818511962260e-01
6.932384700775148234e-01
6.932812833786010653e-01
6.934478635787963974e-01
6.944402828216552637e-01
6.927816376686096733e-01
6.921102976799012874e-01
6.921802015304566735e-01
6.914419693946837198e-01
6.919045119285583967e-01
6.913495569229125559e-01
6.913413763046264426e-01
6.912121806144714276e-01
6.908319416046142525e-01
6.903422904014587802e-01
6.900599102973936638e-01
6.882798705101011993e-01
6.857367591857910227e-01
6.834463324546813379e-01
6.798794026374817001e-01
6.777386426925658958e-01
6.706866230964660947e-01
6.683164277076723003e-01
6.613058929443359490e-01
6.549420428276059303e-01
6.461018395423888672e-01
6.344356460571287659e-01
6.293842730522155593e-01
6.200447540283202663e-01
6.120250763893124724e-01
6.009814615249633452e-01
5.896636428833006427e-01
5.836312551498412660e-01
5.735391969680786461e-01
5.629510607719421245e-01
5.558235955238340908e-01
5.459200186729430415e-01
5.356570181846618262e-01
5.299673545360564786e-01
5.209730181694031126e-01
5.118806688785553227e-01
5.055229959487916869e-01
4.962165660858154359e-01
4.935694842338562149e-01
4.819030871391296600e-01
4.776663298606872443e-01
4.666825304031372301e-01
4.622151381969452077e-01
4.528362989425659402e-01
4.489173355102539231e-01
4.437995977401733572e-01
4.363093814849853258e-01
4.321628308296203702e-01
4.277696752548217907e-01
4.207772681713104479e-01
4.216369924545287917e-01
4.051076688766479528e-01
4.040302538871765048e-01
4.017988080978393550e-01
3.884331068992614711e-01
3.934992556571960121e-01
3.827418327331543191e-01
3.810769979953765874e-01
3.713684566020965527e-01
3.672384881973266846e-01
3.661583843231200897e-01
3.581325228214263801e-01
3.556722662448882910e-01
3.445822930335998291e-01
3.564083251953125142e-01
3.365814502239228290e-01
3.291112463474273886e-01
