7.461546311378478569e-01
6.936174249649049717e-01
6.933294119834898517e-01
6.930985178947448588e-01
6.929409980773926225e-01
6.918615083694457102e-01
6.908938055038451598e-01
6.899146685600281437e-01
6.874285936355593041e-01
6.891179795265198749e-01
6.832444410324095552e-01
6.826608014106749778e-01
6.773184013366699840e-01
6.731859021186828995e-01
6.661465978622437278e-01
6.606931972503663486e-01
6.520874304771425711e-01
6.446512827873227547e-01
6.405375423431394211e-01
6.287537364959716601e-01
6.149446167945862296e-01
6.086354017257690208e-01
