9.703802733383853907e-01
6.932508171424416332e-01
6.938857758209138193e-01
6.913903800584010328e-01
6.935598495432810928e-01
6.851232635014652406e-01
6.694517114541853609e-01
6.326894822195611168e-01
5.855220481314218350e-01
5.207596649589613103e-01
4.684727401536668001e-01
4.334645938194102710e-01
3.777442514779291161e-01
3.451962661298178525e-01
2.890881400679792268e-01
2.608353596305099109e-01
2.538476166533111256e-01
2.255957197171063189e-01
2.084604262251750773e-01
1.952799382401824158e-01
1.667327167418710399e-01
1.481956707383185745e-01
1.552141609003361289e-01
1.505641850893530143e-01
1.520826510045757973e-01
1.254888879526809553e-01
1.217617636403775100e-01
1.140798456191079724e-01
1.079435035557081701e-01
1.258997090146209141e-01
1.007316540524158532e-01
1.015751676557106187e-01
1.073588780429367978e-01
1.019047566329097931e-01
8.097306810216960138e-02
8.491931027185706249e-02
7.925676592499428241e-02
8.706844330185288527e-02
9.665021194924540426e-02
