8.805268036827357259e-01
6.929894678719151768e-01
6.915832001474376822e-01
6.739417636558442393e-01
6.322574764197373964e-01
5.487531184681740948e-01
4.421296369116057834e-01
3.738430829788237930e-01
2.882700909097443143e-01
2.311371129247669076e-01
1.785875687079251650e-01
1.449892486652362977e-01
1.390476149812428508e-01
1.070415465442979691e-01
1.081858476100595601e-01
1.007481728678602112e-01
7.732682758558005742e-02
8.559122198574202478e-02
7.955023362383627228e-02
6.177164470751299319e-02
6.815242549232508606e-02
6.151127920637899232e-02
6.847572241029713236e-02
5.837425191416487774e-02
5.135260775597483979e-02
5.825621302446354344e-02
7.221038984994755661e-02
4.746129576021656388e-02
5.966092962295929669e-02
3.885717915411313755e-02
3.809863268919216200e-02
4.406164906377409152e-02
3.530641042120564316e-02
4.083767720664647355e-02
4.829014495220072117e-02
4.995476393018115358e-02
