8.670978270954139422e-01
6.934783101550252571e-01
6.939364431649154286e-01
6.910068016857904283e-01
6.823538089782176241e-01
6.541394365325657878e-01
6.108069816834800214e-01
5.276072533519420293e-01
4.203711546708652214e-01
3.376770734435682875e-01
2.642587846646374250e-01
2.179890315987038085e-01
1.697720135827429921e-01
1.400030183007534568e-01
1.400844191872534783e-01
1.196131523852264067e-01
9.207868517499073757e-02
7.940596989072376544e-02
8.658816028671789677e-02
9.327997194057831287e-02
7.067090155070095137e-02
6.741357082409568657e-02
6.487479396091229422e-02
7.218284413130672539e-02
5.062608728240187289e-02
4.737108746774069956e-02
5.447687308188740168e-02
5.756053617608336559e-02
4.645598366534545859e-02
4.427273566368052776e-02
3.510489495569924651e-02
3.803959027781701752e-02
4.984438433247839750e-02
4.522884337776770375e-02
