1.149089929865479309e+00
6.938827917243267640e-01
6.906434654721108624e-01
6.814233319932677668e-01
6.506218315341851799e-01
6.043322386113975098e-01
5.498793806683103247e-01
4.764429630605551691e-01
3.977540355534356920e-01
3.337630594409050633e-01
2.793461909931159171e-01
2.438512514757032734e-01
1.837175177567600126e-01
1.687281851332876059e-01
1.569220474637561813e-01
1.417484440070473084e-01
1.161363974711281388e-01
1.115030387237170295e-01
9.078939384936349222e-02
9.325747846210401260e-02
7.227021628489428695e-02
9.099810981797329390e-02
6.298878272237853904e-02
6.434282579611115549e-02
6.700810570496704144e-02
7.186495874274689832e-02
6.188154806088370929e-02
5.100600819573655048e-02
4.551177933878011034e-02
