8.961228818462498857e-01
6.936875455271752644e-01
6.901178867034687414e-01
6.706852545204237126e-01
6.339879086303337186e-01
5.602039007400482218e-01
4.646342211130325972e-01
3.905895635749127570e-01
2.868277798818463786e-01
2.545842616169298189e-01
1.852147532938036856e-01
1.616589123116026483e-01
1.457936394308311234e-01
1.256461914314034034e-01
1.167984400200703238e-01
9.106481807171010190e-02
9.685223717937768706e-02
7.568657464093450637e-02
6.631703471329451760e-02
6.736519233065645096e-02
5.834147490722022683e-02
