7.386576892473752931e-01
6.944600972227561453e-01
6.943810255481646099e-01
6.937179057261879667e-01
6.933426245664945364e-01
6.932822588162547151e-01
6.932919686421364913e-01
6.932921006511413298e-01
6.933674447429485355e-01
6.934796583193998387e-01
6.951695833450707296e-01
6.932039837806650562e-01
6.931817518212858298e-01
6.931798461920175569e-01
6.931785954496799684e-01
6.932652336664688608e-01
6.931773120394120191e-01
6.931777378687489222e-01
6.931778450424858073e-01
6.931775132050879140e-01
6.932229216282185247e-01
6.931892182582464201e-01
