7.446086951173270796e-01
6.947879965106645850e-01
6.937223808505597056e-01
6.937062071684081399e-01
6.935806480737837232e-01
6.936300513453972361e-01
6.933446281995530036e-01
6.931933147402910000e-01
6.930988388947956214e-01
6.930401250720021888e-01
6.939286255301575501e-01
6.932377419792692397e-01
6.932240145710798496e-01
6.932006143988710400e-01
6.931972501751704208e-01
6.932011340291072132e-01
6.931966778177481858e-01
6.932011191279461304e-01
6.932237444397733039e-01
6.932212790617574560e-01
6.932325756702669706e-01
6.961145681830553933e-01
6.938704110873047393e-01
6.931995340646844861e-01
6.931937035077656573e-01
