7.465368918119332786e-01
6.949114268406844097e-01
6.940922742852803085e-01
6.936122310849338612e-01
6.933408077710710993e-01
6.935076686816338265e-01
6.933770940089837298e-01
6.934265362528654331e-01
6.934212440481555273e-01
6.933828215950571527e-01
6.932417884086949922e-01
6.932094448652028618e-01
6.932144187963920068e-01
6.932068195862652882e-01
6.932184337041321642e-01
6.932101219128340430e-01
6.947695204080679421e-01
6.932188480710369527e-01
6.931789685518315869e-01
6.932300881315500707e-01
6.932440203351851737e-01
6.931957728587665457e-01
6.931733192923739129e-01
6.931647362235259235e-01
6.934894529672768204e-01
6.931780179341633374e-01
6.932139071898583138e-01
6.931653479352976044e-01
6.936911558493589203e-01
