7.457309365272521973e-01
6.950730893474356131e-01
6.938672484113616035e-01
6.935161262368542134e-01
6.933657704637600228e-01
6.944696104679348725e-01
6.939936389143649409e-01
6.933260225714781289e-01
6.932680152165587861e-01
6.933006779887738169e-01
6.932692447533971292e-01
6.932255864525455058e-01
6.932214920719461659e-01
6.932034958631569932e-01
6.932015459124860612e-01
6.931983738755568281e-01
6.932041228581696801e-01
6.932579932304521186e-01
6.934628903101655029e-01
6.932014097005894104e-01
6.934408667760018075e-01
6.932525875476690524e-01
6.931864833220460209e-01
6.974375681617321909e-01
6.932465970898287200e-01
