7.358022681795634012e-01
6.948424847080154620e-01
6.941764110173936908e-01
6.937059578605191401e-01
6.933967855114200329e-01
6.935489082183599052e-01
6.932893653328605632e-01
6.932165752618738574e-01
6.932563818035978320e-01
6.932169053799067671e-01
6.932203336021840467e-01
6.932105462138469232e-01
6.932043943267599539e-01
6.932091258275202561e-01
6.932194859553608701e-01
6.937750904605936020e-01
6.948898434638977051e-01
6.932029620959212490e-01
6.932169823692396760e-01
6.931656425197919580e-01
6.931645184373245172e-01
6.931649205776359013e-01
6.931641172522152727e-01
6.931639886819399576e-01
6.931639609810635871e-01
6.931635082150118254e-01
6.931634682875418285e-01
6.931633481230494720e-01
6.931625797580448500e-01
6.931622868929153691e-01
6.931622708455106308e-01
