9.230462785549801152e-01
6.929745590795499677e-01
6.892648183466091316e-01
6.844271441361099440e-01
6.740613052547884676e-01
6.623624016086381294e-01
6.367368210775149473e-01
6.114951647523689804e-01
5.723669224597037752e-01
5.425925881666977535e-01
4.853726270351004235e-01
4.650680711747665064e-01
4.174869321399908850e-01
3.938084646923563636e-01
3.570240928046971574e-01
3.136455211958261713e-01
2.979516521050937228e-01
2.658611788756941596e-01
2.506378689797815751e-01
2.286030994360207791e-01
2.078959032394966100e-01
1.835780911894916989e-01
1.670289751606509610e-01
1.589281435795467934e-01
1.658807633767374612e-01
1.564382120831034340e-01
1.312636071787779135e-01
1.345350805749285228e-01
1.220559217715154604e-01
1.164205928522765027e-01
1.039079610020556405e-01
1.073626124931323922e-01
1.019660665633830426e-01
1.028536030043222249e-01
8.355737063116576435e-02
1.113147517286897786e-01
8.140759962670345018e-02
9.644056652816958286e-02
8.392596860787066015e-02
8.068116759954976902e-02
5.950377328961091450e-02
7.914267157665863528e-02
6.806243435227762872e-02
7.309049635129134803e-02
6.332439933776129459e-02
