8.086061865363077805e-01
6.940279400095026308e-01
6.925258607487547735e-01
6.847444377771626511e-01
6.677329406187526573e-01
6.355708940775561810e-01
5.895140834130053742e-01
5.297457639207232560e-01
4.633695771266624353e-01
3.762082427649512395e-01
3.190512200619312067e-01
2.780180102423693289e-01
2.283307629153358831e-01
1.950392032829099120e-01
1.600464053429368483e-01
1.454857509911603730e-01
1.436358971979842802e-01
1.271643812533207463e-01
1.046073357022642009e-01
1.122736982480370821e-01
8.377982916078305364e-02
