8.396192774584226859e-01
6.919376835634641898e-01
6.889220961683786282e-01
6.714421269741464027e-01
6.434943060019820971e-01
6.118333185697397703e-01
5.364267528962943787e-01
4.774347848986419951e-01
4.021105212824686026e-01
3.303054682570750189e-01
2.768478880899656325e-01
2.465495955889710489e-01
1.949513330376256848e-01
1.816363591915930997e-01
1.328911547602853460e-01
1.270782985585801050e-01
1.286592281743385857e-01
1.043233024947186754e-01
1.048810436732863227e-01
9.306165883968665897e-02
8.385107351472674553e-02
8.376856243356747833e-02
7.682964649606256746e-02
7.751704689036023610e-02
6.661441068428267109e-02
