8.618658545531763249e-01
6.934113391989270569e-01
6.924009006074134387e-01
6.894768971077940289e-01
6.812993159410074551e-01
6.659579070505764475e-01
6.341171389655140267e-01
5.970827817554531514e-01
5.446851354964236114e-01
5.098470485681458886e-01
4.392255847214927567e-01
4.081000616847563212e-01
3.836703876593917095e-01
3.316665563539893946e-01
2.931711140193475895e-01
2.582654529067157645e-01
2.253619624488621964e-01
2.027730066725548230e-01
1.839140958880218779e-01
1.558777680875320093e-01
1.420633060048054064e-01
1.403010745722472474e-01
1.101145963991304322e-01
1.184445835174398193e-01
9.804222711268528734e-02
1.008384150302881199e-01
9.588487070382184507e-02
9.709631952833623625e-02
9.192195281069329149e-02
7.676314234190073638e-02
8.800807151388614913e-02
6.825533269205354137e-02
7.507876005578548173e-02
7.290718049988556548e-02
7.224261126619704876e-02
7.585283461675093597e-02
6.186341636992515741e-02
6.704535154133217656e-02
