8.209865855953251135e-01
6.934321716563679461e-01
6.937622147128212902e-01
6.932830256169327798e-01
6.930397567778010526e-01
6.929693620617992655e-01
6.930240412613540846e-01
6.933304520725842579e-01
6.936536409572264805e-01
6.933338482691524529e-01
6.935738212794154700e-01
6.933822832933675961e-01
6.928445158758425038e-01
6.918177053921129582e-01
6.888919612194631670e-01
6.838222075378278531e-01
6.805932547183747294e-01
6.730342248290503981e-01
6.654979189840856124e-01
6.597890359290103923e-01
6.482178768126074520e-01
6.475284335098731026e-01
6.290343333160260952e-01
6.199439113625638820e-01
6.101197393831873095e-01
6.078953817260301928e-01
5.932898463449215454e-01
5.831442382922651380e-01
5.689020238386461870e-01
5.547699922848617904e-01
5.460797374371699764e-01
