8.870906112910982300e-01
6.985438170132937108e-01
6.951823134522340242e-01
6.956349707149959150e-01
6.939069286926644597e-01
6.941180804392674819e-01
6.938369886858479774e-01
6.934010799114520562e-01
6.931883230075968072e-01
6.931760765455819984e-01
6.935691245785963188e-01
6.930342841815283483e-01
6.937224990004426939e-01
6.929295813287055239e-01
6.936750211915769793e-01
6.927937281715286222e-01
6.924532839468309220e-01
6.931601308442495446e-01
6.936758894186753066e-01
6.932807072892888112e-01
6.930859359827910016e-01
6.934210432992949924e-01
6.934893423027093107e-01
6.932882399825783803e-01
6.931920651789311716e-01
6.933709366338238755e-01
6.934371252993604129e-01
6.931772415454572345e-01
6.930607965776134360e-01
6.929304645611689129e-01
6.929379230612638940e-01
6.932498887702304158e-01
6.930489761012417205e-01
6.929120759030319432e-01
