8.322646051020053948e-01
6.982829262326645248e-01
6.953934722847038286e-01
6.945822426489182133e-01
6.942054725193472775e-01
6.941191933371806400e-01
6.939661669564413105e-01
6.937175659866599009e-01
6.935127006544098416e-01
6.934200850400060734e-01
6.937029549291915398e-01
6.935725353814504723e-01
6.934699812135496355e-01
6.933778403522251610e-01
6.931620677867968983e-01
6.932033575498135480e-01
6.930425979874351716e-01
6.932408709626100007e-01
6.930839452710184645e-01
6.931337205680102587e-01
6.930703287358050968e-01
6.929816941281297105e-01
6.930133662857376198e-01
6.936428851180980182e-01
6.944830421801211351e-01
6.933736496872001664e-01
6.936312472070014223e-01
6.933833994231856090e-01
6.933588456440639147e-01
6.934507530885976045e-01
6.931888373581681639e-01
6.931401637050654818e-01
6.931338793747908733e-01
6.931299246274508219e-01
6.931171375554758818e-01
6.931488905753286911e-01
6.931890320110987158e-01
6.942869212243938382e-01
6.932901252399792380e-01
6.931568117408485330e-01
6.931469152857375748e-01
