8.768620074212134519e-01
6.964315413595079107e-01
6.959270726550709218e-01
6.950744953188859876e-01
6.939769779051933041e-01
6.940766314526539693e-01
6.932358766769193270e-01
6.933670102299510640e-01
6.932130476811546593e-01
6.934039576070289979e-01
6.931914011915246698e-01
6.931684692422827032e-01
6.937612320159700641e-01
6.936529562189864828e-01
6.932058434386354495e-01
6.928014384283054383e-01
6.931381875818426463e-01
6.930283483091768115e-01
6.930325189670483166e-01
6.934529830525805183e-01
6.934160927792528684e-01
6.932518315481972504e-01
6.931439546438363797e-01
6.934714154763654825e-01
6.930063912918515978e-01
6.930985088114973713e-01
6.929660314446562941e-01
6.930834934428020677e-01
6.928456663251756353e-01
6.934868209845536091e-01
6.933407629286494345e-01
