8.927137493253587408e-01
6.986138057875466156e-01
6.946520680314177687e-01
6.942350639329925022e-01
6.941977626793868206e-01
6.936992135914887836e-01
6.931045597249810841e-01
6.936134700174931833e-01
6.934616098870762801e-01
6.932724351649516281e-01
6.932960277670746629e-01
6.930460846507466854e-01
6.928855655910252098e-01
6.929018234873152160e-01
6.927121948528954798e-01
6.927366456785402082e-01
6.930482704322654675e-01
6.932172279257874381e-01
6.929537074549213527e-01
6.931733601576799408e-01
6.940809830085380439e-01
6.932391624350647819e-01
6.944602044312270239e-01
