8.173943174468887296e-01
6.980457626856290121e-01
6.949999728402889154e-01
6.944266003328604109e-01
6.943333465736228893e-01
6.938299674254198024e-01
6.945593719715840164e-01
6.938024134069058491e-01
6.939644488421351509e-01
6.933512049955089518e-01
6.935014653872775270e-01
6.932235701934440497e-01
6.932986699617826876e-01
6.929848014891564212e-01
6.928675449811495524e-01
6.934197111563249472e-01
6.934523619971906250e-01
6.933637378099081205e-01
6.930900086889734135e-01
6.930832721136666041e-01
6.928659715018904430e-01
6.931729608482412042e-01
6.931719638250927185e-01
6.932142022606375686e-01
6.931195104872431845e-01
6.931477197400339740e-01
6.931225503241265073e-01
6.931297941641374472e-01
6.932224427069815231e-01
