6.933586001396179199e-01
6.931725740432739258e-01
6.930599808692932129e-01
6.935921907424926758e-01
6.930260658264160156e-01
6.934211254119873047e-01
6.924530267715454102e-01
6.920441389083862305e-01
6.926274299621582031e-01
6.922498345375061035e-01
6.911810636520385742e-01
6.936409473419189453e-01
6.935303807258605957e-01
6.971266865730285645e-01
6.922828555107116699e-01
6.953525543212890625e-01
6.911703348159790039e-01
6.945313215255737305e-01
6.925241947174072266e-01
6.902222633361816406e-01
6.935307979583740234e-01
6.928374171257019043e-01
6.927863359451293945e-01
6.926214098930358887e-01
6.912272572517395020e-01
6.902652978897094727e-01
6.949575543403625488e-01
6.905345320701599121e-01
6.938680410385131836e-01
7.016111612319946289e-01
6.888936758041381836e-01
6.953545808792114258e-01
6.924923062324523926e-01
6.938598155975341797e-01
6.918048858642578125e-01
6.957498788833618164e-01
6.920720934867858887e-01
6.931481957435607910e-01
6.886456608772277832e-01
6.951858401298522949e-01
6.928515434265136719e-01
6.913484334945678711e-01
6.949175596237182617e-01
6.963118910789489746e-01
6.912779808044433594e-01
6.936398148536682129e-01
6.941980719566345215e-01
6.897469758987426758e-01
6.904886364936828613e-01
6.943662762641906738e-01
6.913808584213256836e-01
6.925758123397827148e-01
6.916488409042358398e-01
6.933183073997497559e-01
6.894897818565368652e-01
6.977764368057250977e-01
6.928373575210571289e-01
6.901536583900451660e-01
6.915956139564514160e-01
6.957509517669677734e-01
6.985318064689636230e-01
6.939893960952758789e-01
6.913436651229858398e-01
6.924573183059692383e-01
6.914389133453369141e-01
6.944980621337890625e-01
6.940186023712158203e-01
6.976843476295471191e-01
6.923723220825195312e-01
6.930386424064636230e-01
6.964094638824462891e-01
6.936148405075073242e-01
6.949461698532104492e-01
6.925791501998901367e-01
6.933450102806091309e-01
6.936799287796020508e-01
6.934021115303039551e-01
6.930351257324218750e-01
6.924809217453002930e-01
6.932060122489929199e-01
6.939220428466796875e-01
6.926897764205932617e-01
6.942253112792968750e-01
6.932688355445861816e-01
6.931616067886352539e-01
6.932077407836914062e-01
6.932189464569091797e-01
6.931565999984741211e-01
6.932760477066040039e-01
6.931042075157165527e-01
6.929761767387390137e-01
6.931110620498657227e-01
6.929838657379150391e-01
6.928560733795166016e-01
6.927295923233032227e-01
6.919625997543334961e-01
6.933465003967285156e-01
6.931571364402770996e-01
6.945498585700988770e-01
6.934443712234497070e-01
6.921528577804565430e-01
6.926760673522949219e-01
6.935546398162841797e-01
6.933833360671997070e-01
6.929221153259277344e-01
6.925194859504699707e-01
6.929425001144409180e-01
6.930119991302490234e-01
6.920924186706542969e-01
6.924391388893127441e-01
6.938443183898925781e-01
6.899208426475524902e-01
6.935319900512695312e-01
6.938028335571289062e-01
6.899521946907043457e-01
6.946241259574890137e-01
6.932532787322998047e-01
6.921889185905456543e-01
6.911357641220092773e-01
6.932467222213745117e-01
6.937894821166992188e-01
6.950109004974365234e-01
6.938506364822387695e-01
6.929530501365661621e-01
6.923604011535644531e-01
6.917476654052734375e-01
6.958448886871337891e-01
6.947474479675292969e-01
6.931635737419128418e-01
6.947134733200073242e-01
6.925280094146728516e-01
6.928590536117553711e-01
6.926696300506591797e-01
6.932955980300903320e-01
6.919903755187988281e-01
6.920074224472045898e-01
6.916007399559020996e-01
6.947615146636962891e-01
6.921154260635375977e-01
6.937956809997558594e-01
6.922140121459960938e-01
6.936163902282714844e-01
6.949957013130187988e-01
6.943870186805725098e-01
6.929112672805786133e-01
6.935694217681884766e-01
6.916982531547546387e-01
6.948203444480895996e-01
6.929038166999816895e-01
6.931573152542114258e-01
6.938546895980834961e-01
6.937123537063598633e-01
6.943831443786621094e-01
6.931445598602294922e-01
6.940196752548217773e-01
6.920416355133056641e-01
6.930582523345947266e-01
6.936985850334167480e-01
6.925644874572753906e-01
6.936965584754943848e-01
6.937751770019531250e-01
6.924747824668884277e-01
6.931834220886230469e-01
6.925004720687866211e-01
6.946294903755187988e-01
6.935651302337646484e-01
6.931984424591064453e-01
6.938861608505249023e-01
6.934895515441894531e-01
6.933240890502929688e-01
6.927003264427185059e-01
6.930027008056640625e-01
6.929173469543457031e-01
6.932849287986755371e-01
6.938595771789550781e-01
6.937025785446166992e-01
6.930667757987976074e-01
6.922772526741027832e-01
6.926995515823364258e-01
6.923370361328125000e-01
6.936923861503601074e-01
6.929301023483276367e-01
6.933044195175170898e-01
6.940625905990600586e-01
6.936683654785156250e-01
6.936408877372741699e-01
6.926782131195068359e-01
6.933547854423522949e-01
6.926387548446655273e-01
6.944899559020996094e-01
6.930505633354187012e-01
6.929903030395507812e-01
6.929548978805541992e-01
6.931729316711425781e-01
6.930556297302246094e-01
6.928709149360656738e-01
6.929663419723510742e-01
6.934987306594848633e-01
6.924909949302673340e-01
6.930719614028930664e-01
6.926112174987792969e-01
6.933575272560119629e-01
6.931685805320739746e-01
6.935365796089172363e-01
6.915317177772521973e-01
6.937884092330932617e-01
6.938788890838623047e-01
6.934914588928222656e-01
6.937874555587768555e-01
6.929836273193359375e-01
6.939636468887329102e-01
6.944276094436645508e-01
6.928609609603881836e-01
6.925524473190307617e-01
6.937346458435058594e-01
6.929381489753723145e-01
6.934446096420288086e-01
6.933187246322631836e-01
6.924034357070922852e-01
6.933367252349853516e-01
6.936347484588623047e-01
