6.932702064514160156e-01
6.931422948837280273e-01
6.932539939880371094e-01
6.932028532028198242e-01
6.932126283645629883e-01
6.929104328155517578e-01
6.937187910079956055e-01
6.930511593818664551e-01
6.930841207504272461e-01
6.930386424064636230e-01
6.940563321113586426e-01
6.932736039161682129e-01
6.931792497634887695e-01
6.933603286743164062e-01
6.931260228157043457e-01
6.933234930038452148e-01
6.937304735183715820e-01
6.927933692932128906e-01
6.930007934570312500e-01
6.945276856422424316e-01
6.928523182868957520e-01
6.937890052795410156e-01
6.934119462966918945e-01
6.929587125778198242e-01
6.933751106262207031e-01
6.928930282592773438e-01
6.932967901229858398e-01
6.931035518646240234e-01
6.933184862136840820e-01
6.929012537002563477e-01
6.937090158462524414e-01
6.925247907638549805e-01
6.924642920494079590e-01
6.925028562545776367e-01
6.929610371589660645e-01
6.934279203414916992e-01
6.936759948730468750e-01
6.933466196060180664e-01
6.925815343856811523e-01
6.948367357254028320e-01
6.916928887367248535e-01
6.940323710441589355e-01
6.926915049552917480e-01
6.928446292877197266e-01
6.953073740005493164e-01
6.940975189208984375e-01
6.913921833038330078e-01
6.932354569435119629e-01
6.944882869720458984e-01
6.931409835815429688e-01
6.919907331466674805e-01
6.923105120658874512e-01
6.963599920272827148e-01
6.934570074081420898e-01
6.918048858642578125e-01
6.939973831176757812e-01
6.938544511795043945e-01
6.933273673057556152e-01
6.918834447860717773e-01
6.931041479110717773e-01
6.924411058425903320e-01
6.937508583068847656e-01
6.938931941986083984e-01
6.938233375549316406e-01
6.943317651748657227e-01
6.938102245330810547e-01
6.931275129318237305e-01
6.929273009300231934e-01
6.933052539825439453e-01
6.927588582038879395e-01
6.929640173912048340e-01
6.928517818450927734e-01
6.932863593101501465e-01
6.922373771667480469e-01
6.931862235069274902e-01
6.938058733940124512e-01
6.933145523071289062e-01
6.934689283370971680e-01
6.928857564926147461e-01
6.934521198272705078e-01
6.933141350746154785e-01
6.934531927108764648e-01
6.926342248916625977e-01
6.928701996803283691e-01
6.935523748397827148e-01
6.930418014526367188e-01
6.930560469627380371e-01
6.929758787155151367e-01
6.934597492218017578e-01
6.917344331741333008e-01
6.927245855331420898e-01
6.953896284103393555e-01
6.918215751647949219e-01
6.937072873115539551e-01
6.950056552886962891e-01
6.939353942871093750e-01
6.924626827239990234e-01
6.942017078399658203e-01
6.928143501281738281e-01
6.944134235382080078e-01
6.925533413887023926e-01
6.941753029823303223e-01
6.932690143585205078e-01
6.941466927528381348e-01
6.927144527435302734e-01
6.933330297470092773e-01
6.938151121139526367e-01
6.929798126220703125e-01
6.935194730758666992e-01
6.934787034988403320e-01
6.928021311759948730e-01
6.924242973327636719e-01
6.930609345436096191e-01
6.938829421997070312e-01
6.920354962348937988e-01
6.934140920639038086e-01
6.927875280380249023e-01
6.921650171279907227e-01
6.936465501785278320e-01
6.928828954696655273e-01
6.927040815353393555e-01
6.941467523574829102e-01
6.940618157386779785e-01
6.928187608718872070e-01
6.938264369964599609e-01
6.929947137832641602e-01
6.943300962448120117e-01
6.934279203414916992e-01
6.933121085166931152e-01
6.925882101058959961e-01
6.929068565368652344e-01
6.933001875877380371e-01
6.936733722686767578e-01
6.936330795288085938e-01
6.929799318313598633e-01
6.925536394119262695e-01
6.940637230873107910e-01
6.930030584335327148e-01
6.938949823379516602e-01
6.933218240737915039e-01
6.930801868438720703e-01
6.931104660034179688e-01
6.934452056884765625e-01
6.933599710464477539e-01
6.931439638137817383e-01
6.933772563934326172e-01
6.930735111236572266e-01
6.929179430007934570e-01
6.936692595481872559e-01
6.920957565307617188e-01
6.933666467666625977e-01
6.920269727706909180e-01
6.933795213699340820e-01
6.938410401344299316e-01
6.925910115242004395e-01
6.929928660392761230e-01
6.910171508789062500e-01
6.938471198081970215e-01
6.929860115051269531e-01
6.923456192016601562e-01
6.961364746093750000e-01
6.926225423812866211e-01
6.939396858215332031e-01
6.930425167083740234e-01
6.932466626167297363e-01
6.949437260627746582e-01
6.917303800582885742e-01
6.925657987594604492e-01
6.941595077514648438e-01
6.936187744140625000e-01
6.911523342132568359e-01
6.922094821929931641e-01
6.946915388107299805e-01
6.932672262191772461e-01
6.947500705718994141e-01
6.931664943695068359e-01
6.950500607490539551e-01
6.928036808967590332e-01
6.932435631752014160e-01
6.925385594367980957e-01
6.953942775726318359e-01
6.930384039878845215e-01
6.932021975517272949e-01
6.922751665115356445e-01
6.940651535987854004e-01
6.925445795059204102e-01
6.932915449142456055e-01
6.928249597549438477e-01
6.946384906768798828e-01
6.927170753479003906e-01
6.943137645721435547e-01
6.940399408340454102e-01
6.931714415550231934e-01
6.925871372222900391e-01
6.930112838745117188e-01
6.929812431335449219e-01
6.930171251296997070e-01
6.921890974044799805e-01
6.937733888626098633e-01
6.928740739822387695e-01
6.927837133407592773e-01
6.924607157707214355e-01
6.936838030815124512e-01
6.931958794593811035e-01
6.930268406867980957e-01
6.931761503219604492e-01
6.940642595291137695e-01
6.934651136398315430e-01
6.929878592491149902e-01
6.927630901336669922e-01
6.938358545303344727e-01
6.939758062362670898e-01
6.932557821273803711e-01
6.932690143585205078e-01
6.932019591331481934e-01
6.936153769493103027e-01
6.928681135177612305e-01
6.930835247039794922e-01
6.935895681381225586e-01
6.929781436920166016e-01
6.931865215301513672e-01
6.932101845741271973e-01
6.920174360275268555e-01
6.924589872360229492e-01
6.926268935203552246e-01
6.931389570236206055e-01
6.917955875396728516e-01
6.943557262420654297e-01
6.917127370834350586e-01
6.951441764831542969e-01
6.950843334197998047e-01
6.944823265075683594e-01
6.933860182762145996e-01
6.920270919799804688e-01
6.935697793960571289e-01
6.910637617111206055e-01
6.911677718162536621e-01
6.910230517387390137e-01
6.946405172348022461e-01
6.969734430313110352e-01
6.924011707305908203e-01
6.928761005401611328e-01
6.929568052291870117e-01
6.919361352920532227e-01
6.941856145858764648e-01
6.926981210708618164e-01
6.961174011230468750e-01
6.922096014022827148e-01
6.919590234756469727e-01
6.931129097938537598e-01
6.957222223281860352e-01
6.920039653778076172e-01
6.917068958282470703e-01
6.913447380065917969e-01
6.936342716217041016e-01
6.932706832885742188e-01
6.923363208770751953e-01
6.933869719505310059e-01
6.930474042892456055e-01
6.907696127891540527e-01
6.950422525405883789e-01
6.934936046600341797e-01
6.918460130691528320e-01
6.937890648841857910e-01
6.961274147033691406e-01
6.913454532623291016e-01
6.910309791564941406e-01
6.931781768798828125e-01
6.966355443000793457e-01
6.936212182044982910e-01
6.935341358184814453e-01
6.931654214859008789e-01
6.939754486083984375e-01
6.931284070014953613e-01
6.937022209167480469e-01
6.925136446952819824e-01
6.941837072372436523e-01
6.940329670906066895e-01
6.929345726966857910e-01
6.929094791412353516e-01
6.929640173912048340e-01
6.933163404464721680e-01
6.930582523345947266e-01
6.934717893600463867e-01
6.931881904602050781e-01
6.933116912841796875e-01
6.933927536010742188e-01
6.931619644165039062e-01
6.932384967803955078e-01
6.932218074798583984e-01
6.927265524864196777e-01
6.929385662078857422e-01
6.934689283370971680e-01
6.934494376182556152e-01
6.930303573608398438e-01
6.929676532745361328e-01
6.932498812675476074e-01
6.937583684921264648e-01
6.929255723953247070e-01
6.934465169906616211e-01
6.929951906204223633e-01
6.928972005844116211e-01
6.937451362609863281e-01
6.929289698600769043e-01
6.934691071510314941e-01
6.932157278060913086e-01
6.934685111045837402e-01
6.931385993957519531e-01
6.932728290557861328e-01
6.931483745574951172e-01
6.928430795669555664e-01
6.934042572975158691e-01
6.940166354179382324e-01
6.939700245857238770e-01
6.928634643554687500e-01
6.931054592132568359e-01
6.929975152015686035e-01
6.929175257682800293e-01
6.928954720497131348e-01
6.927308440208435059e-01
6.933497190475463867e-01
