6.931318044662475586e-01
6.929948329925537109e-01
6.939105987548828125e-01
6.929687857627868652e-01
6.934307813644409180e-01
6.931461095809936523e-01
6.931160092353820801e-01
6.934722661972045898e-01
6.931464672088623047e-01
6.930648088455200195e-01
6.935835480690002441e-01
6.929885745048522949e-01
6.924691200256347656e-01
6.932023167610168457e-01
6.929190158843994141e-01
6.914237737655639648e-01
6.933061480522155762e-01
6.934987306594848633e-01
6.891424059867858887e-01
6.952273845672607422e-01
6.932159662246704102e-01
6.960924863815307617e-01
6.935681104660034180e-01
6.952521800994873047e-01
6.935023069381713867e-01
6.920242309570312500e-01
6.950249671936035156e-01
6.931239366531372070e-01
6.930777430534362793e-01
6.914286017417907715e-01
6.921455860137939453e-01
6.914606094360351562e-01
6.913518905639648438e-01
6.937122344970703125e-01
6.947969794273376465e-01
6.957685947418212891e-01
6.951221227645874023e-01
6.957389116287231445e-01
6.927278041839599609e-01
6.931505799293518066e-01
6.936528682708740234e-01
6.937655210494995117e-01
6.933521032333374023e-01
6.920445561408996582e-01
6.928219795227050781e-01
6.926475763320922852e-01
6.942344903945922852e-01
6.944112777709960938e-01
6.928872466087341309e-01
6.934737563133239746e-01
6.929993629455566406e-01
6.929005384445190430e-01
6.932147741317749023e-01
6.938641071319580078e-01
6.931930184364318848e-01
6.929956674575805664e-01
6.929973363876342773e-01
6.929655075073242188e-01
6.938473582267761230e-01
6.935032606124877930e-01
6.932975053787231445e-01
6.933015584945678711e-01
6.930966377258300781e-01
6.928298473358154297e-01
6.924988031387329102e-01
6.931644678115844727e-01
6.929633021354675293e-01
6.933450698852539062e-01
6.916935443878173828e-01
6.941890120506286621e-01
6.929996013641357422e-01
6.933047771453857422e-01
6.936197280883789062e-01
6.920012831687927246e-01
6.927928924560546875e-01
6.919412612915039062e-01
6.935901045799255371e-01
6.945309638977050781e-01
6.934074759483337402e-01
6.936395168304443359e-01
6.938619017601013184e-01
6.939826011657714844e-01
6.924555301666259766e-01
6.921766400337219238e-01
6.932000517845153809e-01
6.936578750610351562e-01
6.938473582267761230e-01
6.936641931533813477e-01
6.933565139770507812e-01
6.936655640602111816e-01
6.925424337387084961e-01
6.934292316436767578e-01
6.932170391082763672e-01
6.932229995727539062e-01
6.930681467056274414e-01
6.930153965950012207e-01
6.927521228790283203e-01
6.927331686019897461e-01
6.928192973136901855e-01
6.951657533645629883e-01
6.924847364425659180e-01
6.950991749763488770e-01
6.932041049003601074e-01
6.915004253387451172e-01
6.920819282531738281e-01
6.923465728759765625e-01
6.940180659294128418e-01
6.918976306915283203e-01
6.930781006813049316e-01
6.927322149276733398e-01
6.952949762344360352e-01
6.940997838973999023e-01
6.932513713836669922e-01
6.929150819778442383e-01
6.935610175132751465e-01
6.917775869369506836e-01
6.942112445831298828e-01
6.928285360336303711e-01
6.922585964202880859e-01
6.936598420143127441e-01
6.940701007843017578e-01
6.925836801528930664e-01
6.939435601234436035e-01
6.925605535507202148e-01
6.938885450363159180e-01
6.921327114105224609e-01
6.920658349990844727e-01
6.930420398712158203e-01
6.922824382781982422e-01
6.927942037582397461e-01
6.910606622695922852e-01
6.938394308090209961e-01
6.931217908859252930e-01
6.935609579086303711e-01
6.937527656555175781e-01
6.947950124740600586e-01
6.934092640876770020e-01
6.926010847091674805e-01
6.941102147102355957e-01
6.931013464927673340e-01
6.934996843338012695e-01
6.953101158142089844e-01
6.943189501762390137e-01
6.937806010246276855e-01
6.939921379089355469e-01
6.925319433212280273e-01
6.935392618179321289e-01
6.929529905319213867e-01
6.934306621551513672e-01
6.931715607643127441e-01
6.929200887680053711e-01
6.925211548805236816e-01
6.933076977729797363e-01
6.924404501914978027e-01
6.938110589981079102e-01
6.930777430534362793e-01
6.933023929595947266e-01
6.928958892822265625e-01
6.932707428932189941e-01
6.921534538269042969e-01
6.931073069572448730e-01
6.932644844055175781e-01
6.935929059982299805e-01
6.934761404991149902e-01
6.936600804328918457e-01
6.939129233360290527e-01
6.936174035072326660e-01
6.932044029235839844e-01
6.932557821273803711e-01
6.926045417785644531e-01
6.930785179138183594e-01
6.939160823822021484e-01
6.923626661300659180e-01
6.929312944412231445e-01
6.923722624778747559e-01
6.934837698936462402e-01
6.944111585617065430e-01
6.944661140441894531e-01
6.933425664901733398e-01
6.928532719612121582e-01
6.942662000656127930e-01
6.944187879562377930e-01
6.937139034271240234e-01
6.930146217346191406e-01
6.929687261581420898e-01
6.929249763488769531e-01
6.933606266975402832e-01
6.929267048835754395e-01
6.933158040046691895e-01
6.924667358398437500e-01
6.935337781906127930e-01
6.935616135597229004e-01
6.932266354560852051e-01
6.932990550994873047e-01
6.929719448089599609e-01
6.925042867660522461e-01
6.926112174987792969e-01
6.926989555358886719e-01
6.933555603027343750e-01
6.927525401115417480e-01
6.927914619445800781e-01
6.930966377258300781e-01
6.919864416122436523e-01
6.927270889282226562e-01
6.916153430938720703e-01
6.933969259262084961e-01
6.933293342590332031e-01
6.928827166557312012e-01
6.934687495231628418e-01
6.928327679634094238e-01
6.950949430465698242e-01
6.934238672256469727e-01
6.921077370643615723e-01
6.949537396430969238e-01
6.944429874420166016e-01
6.930546760559082031e-01
6.928597092628479004e-01
6.931771039962768555e-01
6.931493282318115234e-01
6.946157217025756836e-01
6.926469802856445312e-01
6.926963329315185547e-01
6.930518746376037598e-01
6.922987699508666992e-01
6.935143470764160156e-01
6.933352947235107422e-01
6.935545802116394043e-01
6.929546594619750977e-01
6.925157904624938965e-01
6.928750276565551758e-01
6.929227113723754883e-01
6.929110288619995117e-01
6.939668655395507812e-01
6.928786635398864746e-01
6.933447718620300293e-01
6.935662627220153809e-01
6.928725242614746094e-01
6.931310892105102539e-01
6.926652789115905762e-01
6.934596300125122070e-01
6.936752200126647949e-01
6.923017501831054688e-01
6.933343410491943359e-01
6.922068595886230469e-01
6.932874917984008789e-01
6.916608810424804688e-01
6.928249001502990723e-01
6.941334605216979980e-01
6.939778923988342285e-01
6.947392225265502930e-01
6.937963962554931641e-01
6.934905052185058594e-01
6.936993598937988281e-01
6.931993961334228516e-01
6.937339305877685547e-01
6.931263208389282227e-01
6.924431324005126953e-01
6.942644119262695312e-01
6.932438611984252930e-01
6.933438181877136230e-01
6.928503513336181641e-01
6.929693222045898438e-01
6.928517818450927734e-01
6.929861307144165039e-01
6.931827068328857422e-01
6.931726932525634766e-01
6.941826343536376953e-01
6.925538778305053711e-01
6.926225423812866211e-01
6.934686899185180664e-01
6.929698586463928223e-01
6.925936937332153320e-01
6.942495107650756836e-01
6.941037178039550781e-01
6.932154893875122070e-01
6.938813924789428711e-01
6.928644180297851562e-01
6.937743425369262695e-01
6.939789056777954102e-01
6.934589743614196777e-01
6.935109496116638184e-01
6.930184364318847656e-01
6.930829286575317383e-01
6.932436227798461914e-01
6.930311918258666992e-01
6.932946443557739258e-01
6.937797665596008301e-01
6.930321455001831055e-01
6.934185028076171875e-01
6.936830878257751465e-01
6.930425167083740234e-01
6.932221651077270508e-01
6.929492950439453125e-01
6.929957866668701172e-01
6.928632259368896484e-01
6.934117078781127930e-01
6.934609413146972656e-01
6.928613185882568359e-01
6.935086250305175781e-01
6.930325031280517578e-01
6.934505105018615723e-01
6.933673620223999023e-01
6.926613450050354004e-01
6.930032968521118164e-01
6.928570866584777832e-01
6.934528350830078125e-01
6.932804584503173828e-01
6.930378675460815430e-01
6.933351755142211914e-01
6.933667659759521484e-01
6.931484341621398926e-01
6.931486129760742188e-01
6.931235194206237793e-01
6.926337480545043945e-01
6.932044029235839844e-01
6.927310228347778320e-01
6.927158236503601074e-01
6.931033134460449219e-01
6.928997039794921875e-01
6.930583119392395020e-01
6.929884552955627441e-01
