6.931565999984741211e-01
6.934003829956054688e-01
6.930106282234191895e-01
6.920776367187500000e-01
6.918143033981323242e-01
6.941005587577819824e-01
6.933071017265319824e-01
6.946738958358764648e-01
6.913970708847045898e-01
6.940773725509643555e-01
6.921607255935668945e-01
6.926506161689758301e-01
6.969121694564819336e-01
6.942839026451110840e-01
6.913985610008239746e-01
6.951721310615539551e-01
6.916717290878295898e-01
6.925487518310546875e-01
6.947527527809143066e-01
6.933901906013488770e-01
6.938581466674804688e-01
6.931155323982238770e-01
6.928644776344299316e-01
6.944609880447387695e-01
6.929146051406860352e-01
6.907613277435302734e-01
6.920714378356933594e-01
6.934900283813476562e-01
6.924537420272827148e-01
6.924673914909362793e-01
6.938124895095825195e-01
6.919165849685668945e-01
6.931775808334350586e-01
6.898002028465270996e-01
6.979011297225952148e-01
6.947832107543945312e-01
6.912334561347961426e-01
6.937843561172485352e-01
6.943219900131225586e-01
6.949754953384399414e-01
6.940888166427612305e-01
6.935199499130249023e-01
6.956710219383239746e-01
6.927132010459899902e-01
6.928039789199829102e-01
6.938872933387756348e-01
6.924828290939331055e-01
6.934381127357482910e-01
6.938866376876831055e-01
6.937166452407836914e-01
6.928356885910034180e-01
6.930090188980102539e-01
6.931109428405761719e-01
6.931164860725402832e-01
6.930856704711914062e-01
6.932877302169799805e-01
6.934341192245483398e-01
6.931803226470947266e-01
6.932840943336486816e-01
6.928952336311340332e-01
6.931483149528503418e-01
6.925753355026245117e-01
6.933137774467468262e-01
6.939988136291503906e-01
6.935663223266601562e-01
6.930637955665588379e-01
6.930812001228332520e-01
6.926079392433166504e-01
6.912303566932678223e-01
6.962185502052307129e-01
6.943796277046203613e-01
6.923989057540893555e-01
6.927589774131774902e-01
6.920444965362548828e-01
6.913010478019714355e-01
6.933897733688354492e-01
6.937155127525329590e-01
6.929180622100830078e-01
6.917107105255126953e-01
6.945443153381347656e-01
6.926285028457641602e-01
6.952369213104248047e-01
6.936646699905395508e-01
6.921423673629760742e-01
6.907936334609985352e-01
6.935700178146362305e-01
6.927369832992553711e-01
6.924502849578857422e-01
6.933906078338623047e-01
6.941909790039062500e-01
6.922198534011840820e-01
6.957749128341674805e-01
6.930579543113708496e-01
6.944484710693359375e-01
6.929035186767578125e-01
6.910929679870605469e-01
6.918464899063110352e-01
6.910946369171142578e-01
6.940746307373046875e-01
6.904208660125732422e-01
6.971632242202758789e-01
6.945444345474243164e-01
6.952234506607055664e-01
6.908200979232788086e-01
6.933988332748413086e-01
6.930010318756103516e-01
6.912571191787719727e-01
6.910776495933532715e-01
6.933985948562622070e-01
6.929606199264526367e-01
6.942220926284790039e-01
6.894318461418151855e-01
6.927770972251892090e-01
6.922110915184020996e-01
6.916755437850952148e-01
6.970859766006469727e-01
6.914069652557373047e-01
6.927011013031005859e-01
6.948145627975463867e-01
6.922967433929443359e-01
6.967685222625732422e-01
6.945810317993164062e-01
6.934813857078552246e-01
6.924926042556762695e-01
6.931521296501159668e-01
6.926974058151245117e-01
6.956598162651062012e-01
6.912783384323120117e-01
6.954537034034729004e-01
6.945390701293945312e-01
6.930240392684936523e-01
6.936357021331787109e-01
6.936832666397094727e-01
6.944137215614318848e-01
6.932118535041809082e-01
6.927602887153625488e-01
6.931475400924682617e-01
6.930814981460571289e-01
6.932309269905090332e-01
6.929131746292114258e-01
6.927213668823242188e-01
6.930280923843383789e-01
6.931676864624023438e-01
6.934970617294311523e-01
6.933627724647521973e-01
6.925227046012878418e-01
6.931321620941162109e-01
6.932698488235473633e-01
6.931672692298889160e-01
6.933254003524780273e-01
6.934300661087036133e-01
6.929155588150024414e-01
6.928949356079101562e-01
6.934251189231872559e-01
6.929767131805419922e-01
6.929236650466918945e-01
6.930809020996093750e-01
6.932994127273559570e-01
6.932603120803833008e-01
6.929823160171508789e-01
6.930782198905944824e-01
6.929481625556945801e-01
6.934636831283569336e-01
6.925638914108276367e-01
6.924896836280822754e-01
6.937619447708129883e-01
6.931674480438232422e-01
6.931178569793701172e-01
6.918115615844726562e-01
6.928004026412963867e-01
6.931128501892089844e-01
6.924459338188171387e-01
6.937584877014160156e-01
6.962885260581970215e-01
6.930849552154541016e-01
6.925781965255737305e-01
6.942586898803710938e-01
6.936183571815490723e-01
6.936340332031250000e-01
6.922608017921447754e-01
6.955053806304931641e-01
6.937978267669677734e-01
6.931910514831542969e-01
6.931512355804443359e-01
6.932643651962280273e-01
6.929453611373901367e-01
6.923810839653015137e-01
6.931741237640380859e-01
6.934983730316162109e-01
6.928013563156127930e-01
6.937199831008911133e-01
6.929687857627868652e-01
6.927224397659301758e-01
6.929179430007934570e-01
6.932649612426757812e-01
6.923505663871765137e-01
6.917334794998168945e-01
6.927214860916137695e-01
6.948033571243286133e-01
6.933237314224243164e-01
6.928480863571166992e-01
6.939705014228820801e-01
6.927371025085449219e-01
6.930836439132690430e-01
6.919240355491638184e-01
6.930044889450073242e-01
6.936749219894409180e-01
6.938133239746093750e-01
6.939920186996459961e-01
6.932183504104614258e-01
6.920151710510253906e-01
6.939736604690551758e-01
6.923805475234985352e-01
6.932960748672485352e-01
6.924143433570861816e-01
6.927524805068969727e-01
6.935802102088928223e-01
6.924009323120117188e-01
6.938886642456054688e-01
6.935882568359375000e-01
6.933310627937316895e-01
6.938340663909912109e-01
6.933252215385437012e-01
6.929434537887573242e-01
6.926082372665405273e-01
6.929831504821777344e-01
6.927674412727355957e-01
6.936302185058593750e-01
6.948024034500122070e-01
6.930111646652221680e-01
6.930856108665466309e-01
6.932330131530761719e-01
6.932005882263183594e-01
6.932988166809082031e-01
6.930912733078002930e-01
6.931461691856384277e-01
6.931264996528625488e-01
6.932177543640136719e-01
6.931785941123962402e-01
6.940037012100219727e-01
6.924208402633666992e-01
6.926666498184204102e-01
6.932067275047302246e-01
6.936484575271606445e-01
6.931966543197631836e-01
6.929397583007812500e-01
6.933720111846923828e-01
6.933211684226989746e-01
6.931250095367431641e-01
6.935157775878906250e-01
6.930233836174011230e-01
6.928371787071228027e-01
6.935375332832336426e-01
6.934106349945068359e-01
6.932170391082763672e-01
6.934452652931213379e-01
6.931961178779602051e-01
6.932010650634765625e-01
6.931260228157043457e-01
6.932353377342224121e-01
6.935617923736572266e-01
6.929935216903686523e-01
6.932594776153564453e-01
6.928720474243164062e-01
6.929695010185241699e-01
6.924362182617187500e-01
6.932380795478820801e-01
6.934636831283569336e-01
6.930661797523498535e-01
6.929605007171630859e-01
6.943421363830566406e-01
6.932220458984375000e-01
6.932176351547241211e-01
6.932040452957153320e-01
6.933557987213134766e-01
6.930476427078247070e-01
6.932407617568969727e-01
6.928175687789916992e-01
6.932130455970764160e-01
6.929242610931396484e-01
6.928676366806030273e-01
6.930280327796936035e-01
6.934936642646789551e-01
6.936440467834472656e-01
6.931208968162536621e-01
6.930165886878967285e-01
6.932207345962524414e-01
6.928455829620361328e-01
6.931994557380676270e-01
6.932393312454223633e-01
6.930676698684692383e-01
6.934040784835815430e-01
6.932151317596435547e-01
6.934993267059326172e-01
6.932895183563232422e-01
6.933346986770629883e-01
6.932787299156188965e-01
6.936156749725341797e-01
6.935476064682006836e-01
6.931875944137573242e-01
6.928462982177734375e-01
6.922744512557983398e-01
6.933104395866394043e-01
6.926270127296447754e-01
6.939096450805664062e-01
6.929558515548706055e-01
6.932935714721679688e-01
6.930675506591796875e-01
6.935188770294189453e-01
6.936848759651184082e-01
6.939669847488403320e-01
6.930763721466064453e-01
6.939466595649719238e-01
6.925663948059082031e-01
6.931084990501403809e-01
6.932016611099243164e-01
6.930894851684570312e-01
6.936711072921752930e-01
6.924825906753540039e-01
6.931201219558715820e-01
6.920077800750732422e-01
6.926317214965820312e-01
6.926329135894775391e-01
6.923857927322387695e-01
6.944179534912109375e-01
6.942824125289916992e-01
6.933815479278564453e-01
6.929482221603393555e-01
6.925474405288696289e-01
6.925162076950073242e-01
6.932517290115356445e-01
6.934073567390441895e-01
6.937408447265625000e-01
6.926210522651672363e-01
6.928071379661560059e-01
6.924533843994140625e-01
6.924276351928710938e-01
6.916263103485107422e-01
6.941472887992858887e-01
6.922895908355712891e-01
6.929194927215576172e-01
6.935380697250366211e-01
6.934107542037963867e-01
6.925677061080932617e-01
6.918723583221435547e-01
6.944153308868408203e-01
6.915144920349121094e-01
6.928920745849609375e-01
6.946368217468261719e-01
6.915273666381835938e-01
6.906140446662902832e-01
6.924769878387451172e-01
6.927883625030517578e-01
6.931712627410888672e-01
6.946700811386108398e-01
6.899192333221435547e-01
6.944607496261596680e-01
6.954859495162963867e-01
6.918444633483886719e-01
6.948375105857849121e-01
6.928141117095947266e-01
6.919996142387390137e-01
6.935244798660278320e-01
6.932867765426635742e-01
6.925707459449768066e-01
6.945548057556152344e-01
6.923011541366577148e-01
6.918317675590515137e-01
6.924328804016113281e-01
6.937178373336791992e-01
6.930133104324340820e-01
6.930552721023559570e-01
6.922817230224609375e-01
6.940995454788208008e-01
6.948649287223815918e-01
6.926275491714477539e-01
6.940127611160278320e-01
6.927097439765930176e-01
6.939432621002197266e-01
6.934666633605957031e-01
6.927707195281982422e-01
6.930086612701416016e-01
6.924648284912109375e-01
6.928197145462036133e-01
6.935984492301940918e-01
6.928749084472656250e-01
6.932244300842285156e-01
6.928488016128540039e-01
6.935597658157348633e-01
6.925938725471496582e-01
6.939405798912048340e-01
6.930707693099975586e-01
6.939733028411865234e-01
6.934508085250854492e-01
6.922056674957275391e-01
6.936063170433044434e-01
6.925107240676879883e-01
6.921859979629516602e-01
6.926594972610473633e-01
6.937739849090576172e-01
6.935903429985046387e-01
6.933441162109375000e-01
6.927940845489501953e-01
6.923576593399047852e-01
6.923123598098754883e-01
6.898735761642456055e-01
6.919285058975219727e-01
6.920305490493774414e-01
6.905510425567626953e-01
6.948398351669311523e-01
6.958092451095581055e-01
6.911177039146423340e-01
6.958610415458679199e-01
6.922547221183776855e-01
6.935495138168334961e-01
6.899287700653076172e-01
6.904169321060180664e-01
6.955459117889404297e-01
6.920533776283264160e-01
6.937553882598876953e-01
6.942428350448608398e-01
6.935518980026245117e-01
6.943505406379699707e-01
6.943917870521545410e-01
6.925140023231506348e-01
6.938422918319702148e-01
6.926782131195068359e-01
6.925142407417297363e-01
6.920961141586303711e-01
6.924724578857421875e-01
6.934648752212524414e-01
6.923805475234985352e-01
6.917278766632080078e-01
6.921634674072265625e-01
6.903161406517028809e-01
6.999559402465820312e-01
6.947094798088073730e-01
6.929027438163757324e-01
6.902052760124206543e-01
6.967530846595764160e-01
6.954572796821594238e-01
6.937724351882934570e-01
6.933922767639160156e-01
6.928889751434326172e-01
6.931598186492919922e-01
6.929194927215576172e-01
6.923336386680603027e-01
6.927447915077209473e-01
6.933135986328125000e-01
6.932256817817687988e-01
6.927689313888549805e-01
6.928285360336303711e-01
6.928401589393615723e-01
6.930774450302124023e-01
6.929522752761840820e-01
6.921392083168029785e-01
6.936061382293701172e-01
6.919248104095458984e-01
6.950927972793579102e-01
6.929284334182739258e-01
6.929495334625244141e-01
6.934404969215393066e-01
6.923583745956420898e-01
6.928305625915527344e-01
6.928743720054626465e-01
6.927685141563415527e-01
6.935077905654907227e-01
6.930572986602783203e-01
6.929752826690673828e-01
6.939238905906677246e-01
6.921404004096984863e-01
6.911568641662597656e-01
6.947172284126281738e-01
6.934505105018615723e-01
6.915515661239624023e-01
6.922240257263183594e-01
6.946417093276977539e-01
6.928454637527465820e-01
6.937280893325805664e-01
6.931787729263305664e-01
6.918737888336181641e-01
6.904186010360717773e-01
6.929169893264770508e-01
6.934698224067687988e-01
6.933995485305786133e-01
6.916953921318054199e-01
6.954863071441650391e-01
6.938766241073608398e-01
6.924222707748413086e-01
6.940665245056152344e-01
6.928740739822387695e-01
6.939305663108825684e-01
6.917128562927246094e-01
6.932106018066406250e-01
6.928790211677551270e-01
6.931939721107482910e-01
6.952152252197265625e-01
6.916317343711853027e-01
6.941338777542114258e-01
6.899347305297851562e-01
6.904984712600708008e-01
6.910566687583923340e-01
6.978930830955505371e-01
6.905639171600341797e-01
6.900839805603027344e-01
6.905594468116760254e-01
6.870238184928894043e-01
6.900367140769958496e-01
6.967534422874450684e-01
6.947785019874572754e-01
6.967456340789794922e-01
6.918058991432189941e-01
6.919001936912536621e-01
6.892133951187133789e-01
6.875351667404174805e-01
6.914541721343994141e-01
6.969272494316101074e-01
6.898608207702636719e-01
6.974705457687377930e-01
7.004913091659545898e-01
6.905567646026611328e-01
6.981021761894226074e-01
6.924912333488464355e-01
6.880962252616882324e-01
6.910234093666076660e-01
6.966766715049743652e-01
6.954313516616821289e-01
6.955161690711975098e-01
6.941538453102111816e-01
6.986521482467651367e-01
6.934443116188049316e-01
6.922973990440368652e-01
6.930311918258666992e-01
6.940236687660217285e-01
6.946001648902893066e-01
6.914870738983154297e-01
6.920118331909179688e-01
6.941308379173278809e-01
6.927070617675781250e-01
6.932657957077026367e-01
6.937360167503356934e-01
6.931385993957519531e-01
6.924868822097778320e-01
6.930302381515502930e-01
6.940604448318481445e-01
6.935747265815734863e-01
6.922966241836547852e-01
6.943861246109008789e-01
6.940912604331970215e-01
6.922353506088256836e-01
6.925011873245239258e-01
6.937254071235656738e-01
6.922944188117980957e-01
6.925774812698364258e-01
6.926081180572509766e-01
6.931699514389038086e-01
6.944110989570617676e-01
6.919474005699157715e-01
6.911880970001220703e-01
6.894350051879882812e-01
6.924725770950317383e-01
6.924300193786621094e-01
6.918318271636962891e-01
6.927645206451416016e-01
6.938607096672058105e-01
6.920157670974731445e-01
6.922592520713806152e-01
6.927788853645324707e-01
6.908884048461914062e-01
6.911578178405761719e-01
6.929858326911926270e-01
6.937097311019897461e-01
6.954344511032104492e-01
6.915367841720581055e-01
6.929545402526855469e-01
6.933966875076293945e-01
6.961620450019836426e-01
6.902816295623779297e-01
6.924811601638793945e-01
6.911235451698303223e-01
6.922675371170043945e-01
6.893129348754882812e-01
6.972479224205017090e-01
6.969887018203735352e-01
6.935852766036987305e-01
6.928527355194091797e-01
6.893323063850402832e-01
6.938065290451049805e-01
6.909151077270507812e-01
6.948406696319580078e-01
6.937043666839599609e-01
6.936200857162475586e-01
6.910688877105712891e-01
6.923029422760009766e-01
6.977000832557678223e-01
6.919687986373901367e-01
6.947895288467407227e-01
6.926085948944091797e-01
6.962975263595581055e-01
6.934183835983276367e-01
6.942254304885864258e-01
6.936187744140625000e-01
6.938381791114807129e-01
6.918079853057861328e-01
6.942502856254577637e-01
6.927132606506347656e-01
6.932851076126098633e-01
6.929087042808532715e-01
6.923485994338989258e-01
6.930054426193237305e-01
6.931862235069274902e-01
6.927314400672912598e-01
6.928774714469909668e-01
6.927487850189208984e-01
6.934810280799865723e-01
6.922222375869750977e-01
6.924243569374084473e-01
6.942789554595947266e-01
6.928770542144775391e-01
6.925878524780273438e-01
6.929022073745727539e-01
