6.932075023651123047e-01
6.932867765426635742e-01
6.934845447540283203e-01
6.929737329483032227e-01
6.937553286552429199e-01
6.928318738937377930e-01
6.934096813201904297e-01
6.930337548255920410e-01
6.929327249526977539e-01
6.931710243225097656e-01
6.931009292602539062e-01
6.937292218208312988e-01
6.933944225311279297e-01
6.925789117813110352e-01
6.933094263076782227e-01
6.938301920890808105e-01
6.933699250221252441e-01
6.930757164955139160e-01
6.927814483642578125e-01
6.934314966201782227e-01
6.935729384422302246e-01
6.931036710739135742e-01
6.934162974357604980e-01
6.927985548973083496e-01
6.936898231506347656e-01
6.928441524505615234e-01
6.928828358650207520e-01
6.923678517341613770e-01
6.922946572303771973e-01
6.939823627471923828e-01
6.927915811538696289e-01
6.925002336502075195e-01
6.920943260192871094e-01
6.936450004577636719e-01
6.941740512847900391e-01
6.924568414688110352e-01
6.924248933792114258e-01
6.916612386703491211e-01
6.938663721084594727e-01
6.926944255828857422e-01
6.939049959182739258e-01
6.918455362319946289e-01
6.967728734016418457e-01
6.973483562469482422e-01
6.947077512741088867e-01
6.927310228347778320e-01
6.930142641067504883e-01
6.937726736068725586e-01
6.928672790527343750e-01
6.947058439254760742e-01
6.932995915412902832e-01
6.933377981185913086e-01
6.933435201644897461e-01
6.927841901779174805e-01
6.932294368743896484e-01
6.934788227081298828e-01
6.935209035873413086e-01
6.929623484611511230e-01
6.933017373085021973e-01
6.928090453147888184e-01
6.933039426803588867e-01
6.924490928649902344e-01
6.933122873306274414e-01
6.936489939689636230e-01
6.932900547981262207e-01
6.934948563575744629e-01
6.925992965698242188e-01
6.928844451904296875e-01
6.926059722900390625e-01
6.930696368217468262e-01
6.929740905761718750e-01
6.928558945655822754e-01
6.929873228073120117e-01
6.925349235534667969e-01
6.943691968917846680e-01
6.942743062973022461e-01
6.931956410408020020e-01
6.939824223518371582e-01
6.935769915580749512e-01
6.931546330451965332e-01
6.933420896530151367e-01
6.936225891113281250e-01
6.932883262634277344e-01
6.927158832550048828e-01
6.934217810630798340e-01
6.932482719421386719e-01
6.933176517486572266e-01
6.932948827743530273e-01
6.937148571014404297e-01
6.935071945190429688e-01
6.927182674407958984e-01
6.926584243774414062e-01
6.931882500648498535e-01
6.928292512893676758e-01
6.924670934677124023e-01
6.931809186935424805e-01
6.947451233863830566e-01
6.930691003799438477e-01
6.927853822708129883e-01
6.942039728164672852e-01
6.927500367164611816e-01
6.929513216018676758e-01
6.936833858489990234e-01
6.935266256332397461e-01
6.933547258377075195e-01
6.934311389923095703e-01
6.934460401535034180e-01
6.931143999099731445e-01
6.932977437973022461e-01
6.931163072586059570e-01
6.932688355445861816e-01
6.931760311126708984e-01
6.929827332496643066e-01
6.930807232856750488e-01
6.930119991302490234e-01
6.932855844497680664e-01
6.932863593101501465e-01
6.936243176460266113e-01
6.932880878448486328e-01
6.927729845046997070e-01
6.930221319198608398e-01
6.932633519172668457e-01
6.930509805679321289e-01
6.920543909072875977e-01
6.937262415885925293e-01
6.933199763298034668e-01
6.939424872398376465e-01
6.916400194168090820e-01
6.922498345375061035e-01
6.921737194061279297e-01
6.941242218017578125e-01
6.939740777015686035e-01
6.935369372367858887e-01
6.939599514007568359e-01
6.923683881759643555e-01
6.898961067199707031e-01
6.955796480178833008e-01
6.958111524581909180e-01
6.938639879226684570e-01
6.942499876022338867e-01
6.926815509796142578e-01
6.947440505027770996e-01
6.933704614639282227e-01
6.920090913772583008e-01
6.924689412117004395e-01
6.938753128051757812e-01
6.922039985656738281e-01
6.922777891159057617e-01
6.921868920326232910e-01
6.941609382629394531e-01
6.944425106048583984e-01
6.924594640731811523e-01
6.927824020385742188e-01
6.926580667495727539e-01
6.929751634597778320e-01
6.915924549102783203e-01
6.932464838027954102e-01
6.928423643112182617e-01
6.910909414291381836e-01
6.938197016716003418e-01
6.954596638679504395e-01
6.933245658874511719e-01
6.949810981750488281e-01
6.912452578544616699e-01
6.956942081451416016e-01
6.927858591079711914e-01
6.927365660667419434e-01
6.918412446975708008e-01
6.930342912673950195e-01
6.933341622352600098e-01
6.936698555946350098e-01
6.938899755477905273e-01
6.934833526611328125e-01
6.935207843780517578e-01
6.942003965377807617e-01
6.932123899459838867e-01
6.925617456436157227e-01
6.935313940048217773e-01
6.934683918952941895e-01
6.938876509666442871e-01
6.932514905929565430e-01
6.934269666671752930e-01
6.933659315109252930e-01
6.930691003799438477e-01
6.930868625640869141e-01
6.931427121162414551e-01
6.929689645767211914e-01
6.930705308914184570e-01
6.931042671203613281e-01
6.932829022407531738e-01
6.931936740875244141e-01
6.930468082427978516e-01
6.932587623596191406e-01
6.927341222763061523e-01
6.937853097915649414e-01
6.930799484252929688e-01
6.933963298797607422e-01
6.934045553207397461e-01
6.931002736091613770e-01
6.931377649307250977e-01
6.932986974716186523e-01
6.927536725997924805e-01
6.928600072860717773e-01
6.929680109024047852e-01
6.931762695312500000e-01
6.932176351547241211e-01
6.931501626968383789e-01
6.931430101394653320e-01
6.932623386383056641e-01
6.932623386383056641e-01
6.930450201034545898e-01
6.933605670928955078e-01
6.932051181793212891e-01
6.933069229125976562e-01
6.929103136062622070e-01
6.926948428153991699e-01
6.927330493927001953e-01
6.939023733139038086e-01
6.936993598937988281e-01
6.933110952377319336e-01
6.936156153678894043e-01
6.940749287605285645e-01
6.931867599487304688e-01
6.933482885360717773e-01
6.930849552154541016e-01
6.927467584609985352e-01
6.928111314773559570e-01
6.930084228515625000e-01
6.933518648147583008e-01
6.941283345222473145e-01
6.930106282234191895e-01
6.928152441978454590e-01
6.933982372283935547e-01
6.928178071975708008e-01
6.931251287460327148e-01
6.935941576957702637e-01
6.931412220001220703e-01
6.929950714111328125e-01
6.927181482315063477e-01
6.934956312179565430e-01
6.933197975158691406e-01
6.929265260696411133e-01
6.921921372413635254e-01
6.921563148498535156e-01
6.924495697021484375e-01
6.925238370895385742e-01
6.949871778488159180e-01
6.946769952774047852e-01
6.933807134628295898e-01
6.925664544105529785e-01
6.932883858680725098e-01
6.929624080657958984e-01
6.906869411468505859e-01
6.918895244598388672e-01
6.958978176116943359e-01
6.923599243164062500e-01
6.918952465057373047e-01
6.938256621360778809e-01
6.953183412551879883e-01
6.946069002151489258e-01
6.931560039520263672e-01
6.947048306465148926e-01
6.942301392555236816e-01
6.924806833267211914e-01
6.937485337257385254e-01
6.926458477973937988e-01
6.941095590591430664e-01
6.931471824645996094e-01
6.927129626274108887e-01
6.940696239471435547e-01
6.936248540878295898e-01
6.938271522521972656e-01
6.929039955139160156e-01
6.939657926559448242e-01
6.929343938827514648e-01
6.931732892990112305e-01
6.930117607116699219e-01
6.928318738937377930e-01
6.928525567054748535e-01
6.927018761634826660e-01
6.937232017517089844e-01
6.926697492599487305e-01
6.940895915031433105e-01
6.933974027633666992e-01
6.942086219787597656e-01
6.939011812210083008e-01
6.934704184532165527e-01
6.933135986328125000e-01
6.924581527709960938e-01
6.926079392433166504e-01
6.927195787429809570e-01
6.923891305923461914e-01
6.934671401977539062e-01
6.935735940933227539e-01
6.930501461029052734e-01
6.929740905761718750e-01
6.938931941986083984e-01
6.939021348953247070e-01
6.929094195365905762e-01
6.936126947402954102e-01
6.938759088516235352e-01
6.928044557571411133e-01
6.924955844879150391e-01
6.929379105567932129e-01
6.925378441810607910e-01
6.936410665512084961e-01
6.936796903610229492e-01
6.933304667472839355e-01
6.937217712402343750e-01
6.938623189926147461e-01
6.932395100593566895e-01
6.932852268218994141e-01
6.930156350135803223e-01
6.930075883865356445e-01
6.932400465011596680e-01
6.928479671478271484e-01
6.924989223480224609e-01
6.932895183563232422e-01
6.940499544143676758e-01
6.931169033050537109e-01
6.928187608718872070e-01
