1.889188318252563503e+00
6.942324519157410112e-01
6.971807456016541060e-01
6.942639923095703658e-01
6.930851411819457519e-01
6.921479034423828613e-01
6.900908398628234908e-01
6.849472761154175027e-01
6.708408045768737837e-01
6.599256157875060813e-01
6.405346083641052513e-01
6.366100144386291904e-01
6.181548690795898304e-01
6.059262871742248091e-01
5.902605795860290661e-01
5.592265868186950817e-01
5.406378936767578525e-01
5.611949145793915239e-01
4.987933921813965110e-01
5.050074577331542525e-01
4.663751125335693359e-01
4.493839669227600031e-01
4.512326312065124689e-01
4.364563393592834628e-01
4.306771731376647927e-01
4.382788228988647727e-01
3.814867246150970281e-01
3.687615525722503507e-01
3.326197826862335449e-01
3.522463035583496271e-01
3.581878256797790261e-01
3.534632432460784734e-01
3.069752889871597556e-01
3.215413904190063676e-01
3.027399468421936302e-01
2.982966542243957742e-01
2.756999707221984841e-01
2.508536568284034929e-01
2.508125400543212979e-01
2.793188631534576638e-01
2.761455458402633512e-01
