1.185048933029174911e+00
6.970732116699218661e-01
6.938924169540405806e-01
6.954496550559997603e-01
6.886112880706787287e-01
6.785731029510497780e-01
6.759629583358764959e-01
6.902936506271362127e-01
6.689428400993346902e-01
6.373921918869018821e-01
6.368985104560852539e-01
6.430100059509277211e-01
6.154583644866943315e-01
5.985350942611694647e-01
5.838938212394714222e-01
5.904183959960938033e-01
5.494418716430664595e-01
5.313868486881255793e-01
5.372455072402954057e-01
5.252438187599182129e-01
4.943936181068420144e-01
4.616495728492736594e-01
4.588524258136749134e-01
4.634522938728332653e-01
4.213526189327240212e-01
4.295987415313720637e-01
3.942899167537688987e-01
4.101257228851318271e-01
4.198318290710449374e-01
3.876611065864563055e-01
3.656922346353531084e-01
3.455896973609924316e-01
3.377150130271911466e-01
3.438041925430297963e-01
3.374376535415649636e-01
3.282326340675353893e-01
2.904684567451477073e-01
3.201129019260406383e-01
2.812482422590255604e-01
2.999864232540130349e-01
2.956849956512451194e-01
2.204809063673019431e-01
2.586718189716339378e-01
2.424474328756332508e-01
2.478361928462982089e-01
2.267459392547607477e-01
2.566914510726928667e-01
1.716485089063644331e-01
