1.406385495662689111e+00
6.973806047439574662e-01
6.956766366958617720e-01
6.923343467712402832e-01
6.901014780998230291e-01
6.839306211471557484e-01
6.731358432769775080e-01
6.734626674652099965e-01
6.580024385452269975e-01
6.463273954391479670e-01
6.117107176780700595e-01
6.198185372352600364e-01
5.882149553298949840e-01
5.634110248088837203e-01
5.421639323234558328e-01
5.199101042747497070e-01
5.051583504676818714e-01
4.937268757820129639e-01
4.815219163894653431e-01
4.435948944091797075e-01
4.307585024833679443e-01
3.913740181922912842e-01
4.551577806472778542e-01
4.109643971920013406e-01
3.927538490295410245e-01
3.616546332836151345e-01
