1.387999551296234202e+00
6.976169323921204146e-01
6.969773077964782626e-01
6.932909655570983487e-01
6.923196744918823642e-01
6.923915624618530718e-01
6.897244429588318404e-01
6.773529911041259455e-01
6.907846426963806241e-01
6.507572221755981712e-01
6.459922122955322754e-01
6.358802676200866477e-01
5.975093650817870916e-01
6.146389079093933505e-01
5.749514245986938610e-01
5.717001700401306286e-01
5.666326284408569336e-01
5.334705448150635076e-01
4.895541656017303733e-01
5.030502033233642534e-01
4.550722599029540794e-01
4.399975514411926247e-01
4.487362146377563699e-01
4.353825044631958185e-01
3.736364889144897505e-01
3.725294411182403786e-01
3.653460901975631447e-01
3.781162023544311634e-01
3.185820877552032471e-01
3.208600568771362571e-01
3.193809127807616943e-01
3.495421338081359797e-01
3.332841372489929177e-01
2.969313812255859331e-01
2.976592075824737726e-01
