1.245479743480682355e+00
6.945285463333129572e-01
6.885833883285522594e-01
6.912649726867675648e-01
6.744756913185119274e-01
6.593750524520873846e-01
6.525519657135009366e-01
6.289428472518920898e-01
6.100213766098022683e-01
5.707809364795685125e-01
5.834559202194213867e-01
5.502918577194213512e-01
5.165272998809814498e-01
4.976777410507202126e-01
4.907792544364928955e-01
4.973076701164245716e-01
4.443401384353637962e-01
4.552248954772949441e-01
4.295269572734832786e-01
4.144787192344665527e-01
4.071539843082427890e-01
