2.920519850254058802e+00
7.085463380813599166e-01
7.003775191307067827e-01
6.901896858215331720e-01
6.834883284568786799e-01
6.607252573966979625e-01
6.568794775009155762e-01
5.627783703804015714e-01
5.096392703056334961e-01
4.101560080051422363e-01
2.726676064729690596e-01
2.612113392353057617e-01
2.028642010688781749e-01
1.471034073829650957e-01
1.242117387056350664e-01
1.199853564798831901e-01
8.721728056669235396e-02
9.733777999877929465e-02
1.182706129550933905e-01
1.012909358739852855e-01
8.076123237609862671e-02
