1.734316015243530185e+00
9.237563872337340998e-01
6.950573730468749822e-01
6.898003721237182528e-01
6.727269005775451394e-01
6.307402157783508212e-01
5.643930411338806685e-01
5.089885330200195623e-01
3.894674885272979559e-01
2.563963222503662376e-01
1.974425721168518166e-01
2.202382040023803667e-01
1.422426056861877397e-01
1.787887644767761353e-01
1.147463044524192760e-01
1.118474662303924616e-01
5.119076846167445322e-02
1.345281440019607533e-01
9.601186633110046775e-02
1.125106117129325844e-01
1.277732029557228088e-01
8.072272539138794500e-02
7.412306427955626942e-02
6.806338310241699663e-02
5.769769847393035889e-02
7.462342917919158325e-02
6.541152417659759633e-02
6.701027393341064953e-02
3.817395139485597888e-02
7.100493058562279414e-02
3.667476445436477356e-02
7.376302957534790206e-02
4.609884560108185036e-02
6.959379911422729215e-02
5.160599134862423054e-02
8.027992874383926836e-02
4.724570721387863492e-02
2.404801855795085305e-02
8.609245866537093561e-03
3.726709466427564899e-02
7.730057537555694303e-02
