3.661513359546661572e+00
6.961043572425842374e-01
6.840127468109130637e-01
6.737118744850159047e-01
6.300154829025268466e-01
5.258138430118560747e-01
7.077555656433105469e-01
4.395596170425414839e-01
3.206451940536498846e-01
3.129321467876434171e-01
2.482810330390930187e-01
1.696266627311706632e-01
1.172787898778915455e-01
2.037295699119567871e-01
1.286825060844421498e-01
1.111082088947296098e-01
1.008791967481374729e-01
1.168612867593765287e-01
1.095929196476936318e-01
8.905021905899047907e-02
5.587537705898285023e-02
5.310945034027099443e-02
4.489851646125316703e-02
7.669085025787353294e-02
4.897173270583152910e-02
5.777765385806560294e-02
2.919453233480453352e-02
7.590967178344726340e-02
8.339510202407836303e-02
4.347086012363433893e-02
6.519690483808517067e-02
7.047210752964019886e-02
1.009801435470581016e-01
5.049059152603149747e-02
4.812705814838409701e-02
2.486372947692870941e-02
6.109515279531478604e-02
4.771376311779022134e-02
3.148724019527435192e-02
7.761946320533752441e-02
4.025899946689606018e-02
3.121060192584991511e-02
2.149094477295875397e-02
2.998267963528633215e-02
1.078578002750873489e-02
2.769351888447999996e-02
5.128187268972397156e-02
5.205578455701470597e-02
5.169574648141860712e-02
1.093343955278396618e-01
4.390436232089996171e-02
2.653230503201484819e-02
