2.179032073020934934e+00
7.230038762092589888e-01
6.878229165077209828e-01
6.759280776977538707e-01
6.222599053382873446e-01
5.971095871925353737e-01
4.677692627906799294e-01
3.830407094955444181e-01
2.724068737030029275e-01
1.898390388488769565e-01
1.739201486110687200e-01
9.070908427238463800e-02
1.432499408721923939e-01
1.510257321596145674e-01
1.311922729015350397e-01
8.730607569217681274e-02
8.778176128864288719e-02
1.111662423610687289e-01
8.601557910442352017e-02
5.673502951860427690e-02
6.787079572677612305e-02
6.923130154609680176e-02
8.176260590553283136e-02
7.546729445457459051e-02
5.932030797004699679e-02
7.451423645019530917e-02
9.878303468227386808e-02
6.018276929855346374e-02
7.473865151405334473e-02
6.146146237850189098e-02
6.345171689987182118e-02
7.180503666400910034e-02
4.587515216320753320e-02
8.115362882614135520e-02
5.595279455184936496e-02
3.217711828649044009e-02
9.364132761955261397e-02
3.146542698144912803e-02
4.732734024524688776e-02
8.272625386714935192e-02
3.741548240184783963e-02
7.980841845273971280e-02
3.442258298397064126e-02
5.520479679107666293e-02
4.958385050296783281e-02
4.924448460340499767e-02
2.714207120239734566e-02
3.687712118029594366e-02
1.986958282301202333e-02
4.684811348095536260e-02
9.728201758116483688e-02
3.481886327266692921e-02
3.128895431756973516e-02
2.884549438953399811e-02
