2.188665275573730362e+00
7.249055981636047807e-01
6.940756344795226962e-01
6.872025442123412819e-01
6.903055191040039507e-01
6.500241863727569402e-01
7.315113437175750910e-01
5.584712231159210116e-01
5.018141233921050715e-01
4.616333866119384788e-01
3.259259605407714977e-01
2.966964447498321444e-01
1.883982622623443515e-01
2.503393340110778853e-01
1.588818752765655540e-01
1.119381111860275335e-01
9.135583043098449707e-02
8.109460404142737611e-02
1.084304571151733371e-01
1.502981266379356251e-01
8.752115249633789229e-02
7.574619859457015769e-02
1.372764882445335344e-01
5.043690949678421298e-02
7.564099609851837602e-02
7.975322365760803556e-02
7.340939946472645194e-02
6.058182597160339383e-02
5.490508973598480502e-02
1.000906383991241461e-01
7.989466071128845104e-02
5.397113174200057761e-02
4.734117936342954747e-02
2.928593486547470190e-02
2.889097228646278492e-02
5.023550033569335743e-02
7.023373603820801114e-02
6.274328351020813654e-02
5.403898835182190108e-02
2.963773593306541498e-02
5.074741989374161044e-02
7.081241399049759133e-02
3.178414732217788724e-02
4.729901373386383168e-02
5.128119558095931702e-02
