8.387592528303201567e-01
6.939633437602988897e-01
6.939376048957538456e-01
6.919175322218973356e-01
6.903530746895746306e-01
6.905968994231150848e-01
6.904406072814470718e-01
6.818214389398924435e-01
6.753920509325747057e-01
6.766270135675309660e-01
6.660293475944738528e-01
6.579818879268554133e-01
6.550400773421028999e-01
6.416399991012304849e-01
6.400217126536843493e-01
6.353639963446863215e-01
6.277841806148588555e-01
6.173442152162261776e-01
6.100434429335017672e-01
5.861221244529909447e-01
5.895388165057102725e-01
5.693678147219137786e-01
5.629301927473896461e-01
5.480976803544868048e-01
5.267575349239324023e-01
5.109810052065396624e-01
4.998932420286384959e-01
4.761428082489282954e-01
4.716069940699647023e-01
4.564058316990766140e-01
4.356544356735600476e-01
4.261270628991242759e-01
