8.103440022100149021e-01
6.940137982631624514e-01
6.938736077702334359e-01
6.910626608278050975e-01
6.886054931360627851e-01
6.816864652612614206e-01
6.769775371151517396e-01
6.736292195372759473e-01
6.657633625118937193e-01
6.634948838099210544e-01
6.566915982080084868e-01
6.477263999037922160e-01
6.460429622900669688e-01
6.346904172013136947e-01
6.291089665810793985e-01
6.391975176518589485e-01
6.275967595593028303e-01
6.049333474230820240e-01
6.012217926663280254e-01
5.815134615298138687e-01
5.772900577675691425e-01
5.762147487657222067e-01
5.631204923257132622e-01
5.504269953595092302e-01
5.372757879050888974e-01
5.460201387636972603e-01
5.146827194074921064e-01
5.130847613806231999e-01
4.935251650957608316e-01
4.897618452444771342e-01
4.975222394955868821e-01
4.863761003443736741e-01
4.514489378492300697e-01
4.546573864703146728e-01
4.476233492492313615e-01
4.376850853692617060e-01
4.259234969979090457e-01
4.176418093392917363e-01
4.185227248579198034e-01
4.128132569737255619e-01
4.006599353638705674e-01
3.852632604161108643e-01
3.607310266684222722e-01
3.596399969480948422e-01
3.455320696299176153e-01
3.553701068655018003e-01
3.411134371431195356e-01
3.396429928196449954e-01
3.254938164688893631e-01
3.051335999113045094e-01
3.281905554843528861e-01
2.829168371148982342e-01
2.790743324798726221e-01
2.753627290328343746e-01
2.815770607384098789e-01
2.559297814274466010e-01
2.499269039162473616e-01
2.478538784562357156e-01
2.315451085962207112e-01
2.474227256069646552e-01
2.235925359968054804e-01
2.225930317611357623e-01
