8.196350920413456587e-01
6.944985560327933127e-01
6.939815180739985490e-01
6.936956575521436852e-01
6.930700179441852127e-01
6.905597063437962646e-01
6.898003395912374325e-01
6.907723727959772519e-01
6.839351976346664808e-01
6.842981895003934500e-01
6.763442786580230459e-01
6.790947513426673909e-01
6.745702826642643313e-01
6.713356994761717766e-01
6.665778393988525119e-01
6.676509630809002172e-01
6.576897537068956412e-01
6.514814422241611558e-01
6.493243992894301986e-01
6.478550719835983740e-01
6.344965395746418046e-01
6.330889666930279436e-01
6.299198102382760345e-01
6.213932103390884532e-01
