7.971568480413551150e-01
6.944452231884318261e-01
6.935911438660335993e-01
6.920628654091228737e-01
6.921191396262834639e-01
6.888492948512741076e-01
6.855876763986188394e-01
6.834554462158187738e-01
6.762095967209437175e-01
6.725840245196162970e-01
6.656905238503679767e-01
6.593831703116156406e-01
6.576910473421113679e-01
6.476410716686572533e-01
6.386766142598895302e-01
6.314025273704023666e-01
6.249468618737916703e-01
6.213236772390527962e-01
5.967170727539735653e-01
6.152377150964326580e-01
5.957319123990699739e-01
5.783579540000112207e-01
5.707168897975229971e-01
5.549342476934872037e-01
5.401533193552475742e-01
5.221216005485491696e-01
5.190524557875473288e-01
5.048723876660454746e-01
4.830468096261623101e-01
4.713792812413817868e-01
4.713451051798858149e-01
4.361302960631969206e-01
4.328148186509379047e-01
4.176308357986596720e-01
3.995108610942805227e-01
3.646348218627387672e-01
3.605700878809156573e-01
3.468541692579800717e-01
3.153618891963735904e-01
