8.648724652547183922e-01
6.934242583005369998e-01
6.934735287104221158e-01
6.936841353675387012e-01
6.901496246687361946e-01
6.883500756017419953e-01
6.855480688560351421e-01
6.822142057071458598e-01
6.824761480948257075e-01
6.769848057502678706e-01
6.799009688905796045e-01
6.753004146727504819e-01
6.713534071745461684e-01
6.719404878995276498e-01
6.598689724277975177e-01
6.629311417638598103e-01
6.534394442114083157e-01
6.542330381359748870e-01
6.424672265979101127e-01
6.481497022752993331e-01
6.343626634437780076e-01
