8.653273288408914743e-01
6.935175728797912109e-01
6.911467305819193330e-01
6.549699815114339296e-01
5.567944097518920943e-01
4.193210216363271181e-01
3.022499779860178815e-01
2.154662680625915594e-01
1.627446786562601333e-01
1.419181750218073412e-01
1.349766389528910260e-01
1.117927703261375472e-01
7.551801254351933612e-02
9.833471784989039621e-02
7.622561762730280244e-02
7.412852813800176188e-02
6.177537053823470986e-02
5.607182850440343286e-02
6.351544270912806711e-02
5.903660709659258599e-02
4.179882432023684230e-02
4.203212860971689002e-02
5.532650185128053233e-02
5.008593454957008251e-02
4.144271885355313434e-02
3.846445724368095093e-02
6.264850979050000379e-02
5.067383905251821030e-02
3.671191920836767292e-02
3.430844488243262047e-02
3.507985321183999111e-02
4.122612158457437948e-02
4.117529325187205963e-02
3.715716406702995050e-02
3.560690517226854090e-02
6.231513833006223357e-02
3.639804851263761520e-02
2.788062686721484024e-02
2.172715788086255345e-02
