8.624483338991800752e-01
6.940957824389140107e-01
6.900020352999369777e-01
6.647582626342773970e-01
5.679666773478190267e-01
4.434200195471445505e-01
3.220097966988881288e-01
2.192873781919479348e-01
1.690206219752629635e-01
1.529027944803237893e-01
1.007373416423797546e-01
1.015293814738591482e-01
7.629798849423724549e-02
8.053215036789576620e-02
8.335864543914794922e-02
6.195077151060104231e-02
5.730752512812614663e-02
5.707661693294843047e-02
4.123450681567192300e-02
7.818196137746175056e-02
7.200266718864439808e-02
4.307608574628830206e-02
3.787654673059781540e-02
