9.818348471323649074e-01
6.900988833109538145e-01
6.688283530871073079e-01
5.779017519950866433e-01
4.539768266677856601e-01
3.196844096978505578e-01
2.194699637095133549e-01
1.743510512510935417e-01
1.624711298942566051e-01
1.003278998037179376e-01
7.507037048538524326e-02
8.227816035350163371e-02
8.016482988993327286e-02
8.156976461410522794e-02
8.470327655474345352e-02
6.219407737255096269e-02
5.634874463081360196e-02
5.480591038862864250e-02
5.958850850661595588e-02
7.795762399832407985e-02
5.080895945429801663e-02
5.561041911443074387e-02
4.186855009446541209e-02
3.424449642499288043e-02
2.923153027892112787e-02
5.065522839625676704e-02
4.596232990423838177e-02
3.218505501747131320e-02
2.591948963701724840e-02
2.557290311902761515e-02
4.286096714437007821e-02
3.397777517636617339e-02
