8.713839125633239258e-01
6.916551589965820312e-01
6.648924509684245310e-01
5.582160898049672859e-01
4.020651912689208740e-01
2.812727046012878374e-01
1.774582956234614095e-01
1.365859010815620445e-01
1.293199759721755937e-01
1.026241658131281514e-01
9.546854376792907049e-02
1.097252468268076625e-01
7.992407828569411676e-02
5.728727728128433366e-02
7.500638574361800925e-02
5.308651318152745463e-02
5.992339611053466852e-02
7.675223400195439749e-02
5.649714509646097671e-02
3.985668361186980868e-02
4.830629164973894440e-02
3.601383936901886990e-02
4.816122417648633497e-02
5.823387771844863725e-02
4.246082276105880848e-02
4.135999105870723919e-02
2.014905749820172787e-02
