8.363002745310464947e-01
6.930039056142170972e-01
6.766533446311950861e-01
5.898120490709940489e-01
4.586252744992573849e-01
3.326723317305246841e-01
2.449358483155568422e-01
1.477847902973492833e-01
1.368037543694178293e-01
9.677642563978831880e-02
9.445155521233876417e-02
7.851671506961187263e-02
7.121060599883397013e-02
7.692093039552370948e-02
6.418562442064285056e-02
5.664286782344182120e-02
5.212348093589146830e-02
4.737830837567647002e-02
5.338236277302105953e-02
3.702711569766203858e-02
4.794196153680483491e-02
5.001245121161142920e-02
4.535706741114457763e-02
4.077855870127677917e-02
2.900096546858548993e-02
