9.577188214812530909e-01
6.951440095137328967e-01
6.944086391192216823e-01
6.935906217266352147e-01
6.932814373419835530e-01
6.935447221383069794e-01
6.941247341724545716e-01
6.935521016518273463e-01
6.934998069818207878e-01
6.932926470270524000e-01
6.934872118708412803e-01
6.932078687808453932e-01
6.931847389309836460e-01
6.931810581531282489e-01
6.931882957235361298e-01
6.931745717540765961e-01
6.931735745225195977e-01
6.932071468386893365e-01
6.933206476462190349e-01
6.942763934150721905e-01
6.949147775005073413e-01
6.934370127243870696e-01
6.932570762359177019e-01
6.933265534731056778e-01
6.932816967750209391e-01
6.931605717310542758e-01
6.931515765877866997e-01
6.931604351370760364e-01
6.931493131396094798e-01
6.931515867129355302e-01
6.931536931257981093e-01
6.931458839621296164e-01
6.931491912557528057e-01
6.932298111227844783e-01
6.931373356626588933e-01
6.939682246018675782e-01
6.940546152301322325e-01
6.931748833411779387e-01
6.931620805691449672e-01
