1.010341298312713576e+00
6.963955706510783772e-01
6.943326556147675355e-01
6.941185719691790323e-01
6.942249909043312073e-01
6.934713279971713717e-01
6.939320906232568920e-01
6.934964853601578438e-01
6.931969976195924144e-01
6.932317161789310900e-01
6.932972067823777174e-01
6.931802250253848996e-01
6.932944651597585661e-01
6.931712915882082271e-01
6.931821147982887288e-01
6.931867696917972665e-01
6.933494640084411076e-01
6.932180027167003100e-01
6.931661827824050492e-01
6.932108190197209252e-01
6.932235816732433831e-01
6.932110786437984951e-01
6.934282508416050872e-01
6.937302117928479950e-01
6.933789631495107519e-01
6.951426023092027728e-01
6.934714665015534463e-01
6.931685088918760895e-01
6.932239146568837107e-01
6.931775718545302167e-01
6.932247661245173331e-01
6.932994270553957117e-01
6.931966252816029739e-01
6.932551098557616642e-01
6.931874155998229980e-01
6.931708302253333231e-01
6.931577080335370455e-01
6.931567721259893622e-01
6.932674222267593001e-01
6.931590097836958231e-01
6.931574054253407668e-01
6.931556581686708629e-01
