8.673423666220441142e-01
6.950046750597463907e-01
6.943376551453889212e-01
6.944292063514393432e-01
6.937832398674422807e-01
6.933642877982217900e-01
6.932222470641136169e-01
6.933931156228746451e-01
6.931875130304925303e-01
6.933923961642460831e-01
6.934003241551229824e-01
6.935445188711847342e-01
6.936084505839227310e-01
6.933057837379279498e-01
6.932108872211895090e-01
6.932108921882434993e-01
6.935473300325565305e-01
6.933489548854335771e-01
6.931528821587565892e-01
6.931520211390959085e-01
6.931765127258423531e-01
6.931516409684452817e-01
6.931536033367501348e-01
6.931516426878098214e-01
6.931514694140510358e-01
6.931517989589618400e-01
6.931512117003784113e-01
6.931509662132997462e-01
6.931516102109203104e-01
6.931510833211432798e-01
6.931510896254808873e-01
6.940423785111846655e-01
