1.090238181444314947e+00
6.947017092353257040e-01
6.941491844944470690e-01
6.935451961098579865e-01
6.939430515735575122e-01
6.937414444027801830e-01
6.934608624149591893e-01
6.934570286136402251e-01
6.937670335173609093e-01
6.934918724955654312e-01
6.933638505064522173e-01
6.934797815405402410e-01
6.932538390541687079e-01
6.931738232572874914e-01
6.931653496546624771e-01
6.931698769330976173e-01
6.931660832502904990e-01
6.931655408862308354e-01
6.931808380744399756e-01
6.931873431954630460e-01
6.932492869404647262e-01
6.931635557841029360e-01
6.931712121153486006e-01
6.942636790948034653e-01
6.939023614693912156e-01
6.942565720050760669e-01
6.932244998140215664e-01
6.931769190690455495e-01
6.931965884107810227e-01
6.931567885554753561e-01
6.931521072983743981e-01
6.931505730518920938e-01
6.931840796501208546e-01
6.931425384604011919e-01
6.931425992112890677e-01
6.931476633136086640e-01
6.931261995281928767e-01
6.931471534264393997e-01
6.931349728734063076e-01
6.931566769878070300e-01
6.947978681478744756e-01
