1.087712425069931488e+00
6.950363335319056368e-01
6.944922892711102858e-01
6.944477170323712922e-01
6.939052337637312551e-01
6.937330821767826450e-01
6.934034981024570499e-01
6.933819151077510456e-01
6.933301425515073779e-01
6.932547778273243644e-01
6.931974649047238923e-01
6.931605543463659203e-01
6.931952562851784183e-01
6.931973279286653966e-01
6.932090887656581213e-01
6.932256500690409107e-01
6.933886783245279961e-01
6.944451637757125262e-01
6.934534110702001986e-01
6.932066833743678602e-01
6.931660295679019645e-01
6.931900855822444862e-01
6.932892982776349688e-01
6.943863918765992294e-01
6.936931837445650118e-01
6.931641092285131256e-01
6.931574130669618805e-01
6.932178762478705680e-01
6.931941784345191371e-01
